#Frame         myrmsd
       1       0.0000
       2       1.4163
       3       1.4549
       4       1.4430
       5       1.4112
       6       1.6003
       7       1.5491
       8       1.5127
       9       1.4511
      10       1.6362
      11       1.5012
      12       1.4953
      13       1.5543
      14       1.5289
      15       1.5226
      16       1.5295
      17       1.5935
      18       1.6252
      19       1.5483
      20       1.5192
      21       1.5498
      22       1.7117
      23       1.6550
      24       1.5700
      25       1.6951
      26       1.6998
      27       1.6202
      28       1.6634
      29       1.6739
      30       1.5847
      31       1.5743
      32       1.7687
      33       1.6307
      34       1.6234
      35       1.7198
      36       1.7340
      37       1.8010
      38       1.7213
      39       1.6511
      40       1.8232
      41       1.6969
      42       1.7330
      43       1.5558
      44       1.6128
      45       1.6472
      46       1.6178
      47       1.6961
      48       1.8456
      49       1.7115
      50       1.7028
      51       1.6518
      52       1.6551
      53       1.7267
      54       1.7144
      55       1.8065
      56       1.7792
      57       1.6966
      58       1.7626
      59       1.6449
      60       1.7561
      61       1.4874
      62       1.5725
      63       1.6443
      64       1.6200
      65       1.6191
      66       1.4633
      67       1.7633
      68       1.6055
      69       1.6678
      70       1.7066
      71       1.5656
      72       1.5782
      73       1.7049
      74       1.6682
      75       1.5216
      76       1.6229
      77       1.4970
      78       1.5818
      79       1.5330
      80       1.6269
      81       1.6400
      82       1.6288
      83       1.8444
      84       1.7624
      85       1.7030
      86       1.7454
      87       1.6780
      88       1.7310
      89       1.5863
      90       1.7027
      91       1.7603
      92       1.7868
      93       1.8649
      94       1.7040
      95       1.6393
      96       1.6808
      97       1.7039
      98       1.6732
      99       1.7587
     100       1.7643
     101       1.7367
     102       1.6384
     103       1.7958
     104       1.6478
     105       1.5718
     106       1.6307
     107       1.5849
     108       1.6964
     109       1.5827
     110       1.6968
     111       1.7111
     112       1.6376
     113       1.7146
     114       1.5932
     115       1.6792
     116       1.6280
     117       1.6279
     118       1.6901
     119       1.5466
     120       1.7137
     121       1.7199
     122       1.6573
     123       1.6450
     124       1.6099
     125       1.7049
     126       1.7042
     127       1.6613
     128       1.6652
     129       1.6682
     130       1.6484
     131       1.5834
     132       1.6876
     133       1.6307
     134       1.5419
     135       1.6082
     136       1.6141
     137       1.5129
     138       1.6091
     139       1.6142
     140       1.5964
     141       1.6366
     142       1.6341
     143       1.5846
     144       1.5279
     145       1.5235
     146       1.6060
     147       1.6129
     148       1.5951
     149       1.7454
     150       1.6810
     151       1.7156
     152       1.8064
     153       1.7777
     154       1.7209
     155       1.7183
     156       1.7403
     157       1.7273
     158       1.6281
     159       1.7645
     160       1.7783
     161       1.8185
     162       1.8208
     163       1.6789
     164       1.9087
     165       1.7997
     166       1.6931
     167       1.7737
     168       1.7184
     169       1.7848
     170       1.7529
     171       1.7236
     172       1.7153
     173       1.7005
     174       1.6757
     175       1.5753
     176       1.7355
     177       1.7179
     178       1.7174
     179       1.7492
     180       1.7222
     181       1.6728
     182       1.7424
     183       1.6848
     184       1.6310
     185       1.7421
     186       1.6493
     187       1.5387
     188       1.7018
     189       1.6791
     190       1.6795
     191       1.7471
     192       1.6825
     193       1.7490
     194       1.6861
     195       1.7040
     196       1.7912
     197       1.7250
     198       1.5820
     199       1.7036
     200       1.6494
     201       1.7479
     202       1.7110
     203       1.7806
     204       1.6736
     205       1.6160
     206       1.5759
     207       1.7029
     208       1.7953
     209       1.7202
     210       1.7306
     211       1.7509
     212       1.8100
     213       1.6061
     214       1.5813
     215       1.6287
     216       1.6980
     217       1.6887
     218       1.6298
     219       1.8130
     220       1.7247
     221       1.7451
     222       1.7193
     223       1.6493
     224       1.6784
     225       1.7233
     226       1.8142
     227       1.7501
     228       1.7484
     229       1.7207
     230       1.8756
     231       1.7833
     232       1.7413
     233       1.6791
     234       1.6717
     235       1.6528
     236       1.5728
     237       1.5826
     238       1.6841
     239       1.6021
     240       1.6129
     241       1.6090
     242       1.5559
     243       1.5822
     244       1.6731
     245       1.7660
     246       1.7267
     247       1.6791
     248       1.7315
     249       1.6366
     250       1.7997
     251       1.7280
     252       1.7714
     253       1.6772
     254       1.7722
     255       1.7441
     256       1.9610
     257       1.8236
     258       1.7429
     259       1.7963
     260       1.7870
     261       1.8470
     262       1.7457
     263       1.8269
     264       1.8203
     265       1.9262
     266       1.7946
     267       1.8354
     268       1.8776
     269       1.8225
     270       1.8291
     271       1.7282
     272       1.7638
     273       1.7288
     274       1.6873
     275       1.7555
     276       1.7627
     277       1.6961
     278       1.8071
     279       1.7638
     280       1.7173
     281       1.6611
     282       1.7032
     283       1.7156
     284       1.7187
     285       1.9014
     286       1.7784
     287       1.8165
     288       1.8406
     289       1.7577
     290       1.8378
     291       1.8563
     292       1.9163
     293       1.6335
     294       1.7671
     295       1.7588
     296       1.7310
     297       1.8870
     298       1.6267
     299       1.7521
     300       1.6533
     301       1.7122
     302       1.6385
     303       1.7249
     304       1.7413
     305       1.7139
     306       1.7740
     307       1.7452
     308       1.7207
     309       1.6369
     310       1.8172
     311       1.6921
     312       1.8268
     313       1.5746
     314       1.6635
     315       1.6191
     316       1.6595
     317       1.7543
     318       1.6103
     319       1.6988
     320       1.6274
     321       1.7396
     322       1.6877
     323       1.6626
     324       1.7324
     325       1.7524
     326       1.6453
     327       1.4395
     328       1.5887
     329       1.5631
     330       1.6323
     331       1.6133
     332       1.6319
     333       1.7149
     334       1.5031
     335       1.6810
     336       1.5767
     337       1.7066
     338       1.6659
     339       1.8157
     340       1.7970
     341       1.7554
     342       1.7002
     343       1.7590
     344       1.6999
     345       1.8779
     346       1.6205
     347       1.6645
     348       1.8288
     349       1.5806
     350       1.6799
     351       1.7000
     352       1.6526
     353       1.5995
     354       1.7178
     355       1.6134
     356       1.6974
     357       1.6311
     358       1.6939
     359       1.7109
     360       1.6983
     361       1.6349
     362       1.7038
     363       1.7271
     364       1.6636
     365       1.5675
     366       1.5674
     367       1.6533
     368       1.7763
     369       1.7004
     370       1.7982
     371       1.7919
     372       1.7953
     373       1.8450
     374       1.7084
     375       1.7233
     376       1.7664
     377       1.6638
     378       1.7457
     379       1.5984
     380       1.6962
     381       1.7254
     382       1.7457
     383       1.7473
     384       1.6609
     385       1.6961
     386       1.7318
     387       1.7537
     388       1.8376
     389       1.7243
     390       1.8025
     391       1.8161
     392       1.8062
     393       1.7244
     394       1.5830
     395       1.6665
     396       1.6130
     397       1.8063
     398       1.8186
     399       1.7911
     400       1.7271
     401       1.7031
     402       1.7731
     403       1.7447
     404       1.8697
     405       1.9245
     406       1.9051
     407       1.8603
     408       1.8516
     409       1.7759
     410       1.7743
     411       1.7924
     412       1.6399
     413       1.7818
     414       1.6425
     415       1.7937
     416       1.8246
     417       1.6426
     418       1.5566
     419       1.6819
     420       1.6250
     421       1.7836
     422       1.9963
     423       1.8033
     424       1.7949
     425       1.6999
     426       1.7041
     427       1.5855
     428       1.5994
     429       1.6584
     430       1.5472
     431       1.6353
     432       1.4888
     433       1.7701
     434       1.8026
     435       1.6358
     436       1.7946
     437       1.6260
     438       1.6275
     439       1.6382
     440       1.6096
     441       1.5321
     442       1.5766
     443       1.7157
     444       1.7914
     445       1.6331
     446       1.5355
     447       1.7556
     448       1.7650
     449       1.7399
     450       1.6990
     451       1.7206
     452       1.7234
     453       1.6390
     454       1.7122
     455       1.6686
     456       1.6968
     457       1.6891
     458       1.8343
     459       1.8732
     460       1.7719
     461       1.8103
     462       1.6515
     463       1.6582
     464       1.8069
     465       1.7000
     466       1.5665
     467       1.6038
     468       1.6508
     469       1.7040
     470       1.8814
     471       1.9148
     472       1.9255
     473       1.7864
     474       1.7852
     475       1.7416
     476       1.8104
     477       1.8229
     478       1.7032
     479       1.7571
     480       1.8493
     481       1.9213
     482       1.8851
     483       1.7803
     484       1.8778
     485       1.9049
     486       1.9320
     487       1.7816
     488       1.9104
     489       1.7720
     490       1.9043
     491       1.7398
     492       1.7458
     493       1.7065
     494       1.7232
     495       1.8627
     496       1.9081
     497       1.8753
     498       1.9213
     499       1.8987
     500       1.9408
     501       1.8996
     502       2.0000
     503       1.8560
     504       1.9208
     505       1.9479
     506       1.9655
     507       1.8694
     508       1.9630
     509       1.9071
     510       1.9566
     511       1.8811
     512       2.0059
     513       2.0383
     514       1.8668
     515       1.8874
     516       1.7955
     517       2.0055
     518       1.8676
     519       1.8668
     520       1.9848
     521       1.9966
     522       1.8654
     523       1.9813
     524       1.9116
     525       2.0216
     526       1.7998
     527       1.7318
     528       1.8202
     529       1.9078
     530       1.8248
     531       1.9353
     532       1.7795
     533       1.7248
     534       1.7395
     535       1.7362
     536       1.7172
     537       1.6850
     538       1.9035
     539       1.7793
     540       1.8342
     541       1.7938
     542       1.8592
     543       1.7929
     544       1.8148
     545       1.8831
     546       1.7106
     547       1.6961
     548       1.7478
     549       1.8358
     550       1.7214
     551       1.8947
     552       1.7958
     553       1.8376
     554       1.6494
     555       1.6801
     556       1.6417
     557       1.7234
     558       1.8275
     559       1.6895
     560       1.8119
     561       1.8233
     562       1.8472
     563       1.6268
     564       1.7957
     565       1.8639
     566       1.7479
     567       1.8231
     568       1.7796
     569       1.8992
     570       1.8423
     571       1.7781
     572       1.6780
     573       1.8996
     574       1.8604
     575       1.8142
     576       1.7595
     577       1.7161
     578       1.8342
     579       1.7383
     580       1.9411
     581       1.8831
     582       1.9341
     583       1.8517
     584       1.7943
     585       1.7724
     586       1.7954
     587       1.9150
     588       1.8730
     589       1.8529
     590       1.7907
     591       1.7565
     592       1.6737
     593       1.7330
     594       1.7292
     595       1.7188
     596       1.6867
     597       1.7231
     598       1.6915
     599       1.7265
     600       1.7799
     601       1.6071
     602       1.7344
     603       1.6769
     604       1.7571
     605       1.7091
     606       1.7040
     607       1.6872
     608       1.7303
     609       1.8175
     610       1.7786
     611       1.7919
     612       1.7046
     613       1.8489
     614       1.8197
     615       1.8003
     616       1.8269
     617       1.6634
     618       1.8327
     619       1.7978
     620       1.9045
     621       1.9457
     622       1.9542
     623       1.8194
     624       1.7397
     625       1.9127
     626       1.8083
     627       1.8015
     628       1.7664
     629       1.6499
     630       1.9431
     631       1.7734
     632       1.7857
     633       1.8450
     634       1.9402
     635       1.8155
     636       1.7638
     637       1.9432
     638       1.8109
     639       1.8101
     640       1.9821
     641       1.8240
     642       1.7391
     643       1.8679
     644       2.0169
     645       1.9211
     646       1.9394
     647       2.0318
     648       2.0413
     649       1.8196
     650       1.9051
     651       1.7710
     652       1.7816
     653       1.8311
     654       1.7148
     655       1.7724
     656       1.7233
     657       1.8409
     658       1.8352
     659       1.8335
     660       1.7556
     661       1.9278
     662       1.8618
     663       1.7626
     664       1.7436
     665       1.7366
     666       1.7710
     667       1.7006
     668       1.6948
     669       1.7251
     670       1.6735
     671       1.7566
     672       1.8099
     673       1.7751
     674       1.8030
     675       1.7974
     676       1.7902
     677       1.7017
     678       1.8420
     679       1.7053
     680       1.6100
     681       1.6679
     682       1.7066
     683       1.7054
     684       1.5689
     685       1.6795
     686       1.6917
     687       1.6219
     688       1.6694
     689       1.7225
     690       1.7844
     691       1.7549
     692       1.7076
     693       1.7109
     694       1.5989
     695       1.6841
     696       1.6673
     697       1.5417
     698       1.6496
     699       1.7403
     700       1.7250
     701       1.5950
     702       1.6682
     703       1.6842
     704       1.5665
     705       1.6087
     706       1.6842
     707       1.6048
     708       1.6005
     709       1.7040
     710       1.5984
     711       1.6519
     712       1.6683
     713       1.5867
     714       1.7820
     715       1.7264
     716       1.6405
     717       1.8124
     718       1.7674
     719       1.6462
     720       1.8598
     721       1.6493
     722       1.7025
     723       1.8024
     724       1.6862
     725       1.5792
     726       1.5681
     727       1.6150
     728       1.6065
     729       1.6651
     730       1.6845
     731       1.6755
     732       1.6687
     733       1.6726
     734       1.6332
     735       1.6622
     736       1.6190
     737       1.5462
     738       1.6002
     739       1.4802
     740       1.7021
     741       1.6660
     742       1.6254
     743       1.6620
     744       1.6395
     745       1.6388
     746       1.7478
     747       1.6980
     748       1.6961
     749       1.4795
     750       1.7356
     751       1.6335
     752       1.7146
     753       1.7620
     754       1.7353
     755       1.7493
     756       1.8310
     757       1.7574
     758       1.8010
     759       1.7021
     760       1.9188
     761       1.8082
     762       1.8512
     763       1.7045
     764       1.8593
     765       1.7935
     766       1.7941
     767       1.8397
     768       1.9241
     769       1.9554
     770       1.7796
     771       1.7571
     772       1.7885
     773       1.8163
     774       1.7433
     775       1.8163
     776       1.7719
     777       1.6728
     778       1.8846
     779       1.8658
     780       1.7125
     781       1.8143
     782       1.8558
     783       1.7045
     784       1.8862
     785       1.7428
     786       1.7490
     787       1.6675
     788       1.7530
     789       1.6978
     790       1.6634
     791       1.6205
     792       1.8154
     793       1.6285
     794       1.5418
     795       1.5543
     796       1.6396
     797       1.6959
     798       1.6314
     799       1.7794
     800       1.6929
     801       1.7431
     802       1.6849
     803       1.8089
     804       1.6584
     805       1.5915
     806       1.7065
     807       1.7328
     808       1.6792
     809       1.7380
     810       1.6747
     811       1.6951
     812       1.6110
     813       1.7527
     814       1.6114
     815       1.6540
     816       1.7028
     817       1.6213
     818       1.6117
     819       1.6369
     820       1.6841
     821       1.6800
     822       1.7047
     823       1.6237
     824       1.8212
     825       1.9081
     826       1.6829
     827       1.6838
     828       1.8001
     829       1.7267
     830       1.7083
     831       1.5878
     832       1.9252
     833       1.7340
     834       1.8747
     835       1.6962
     836       1.9544
     837       1.9022
     838       1.7735
     839       1.6503
     840       1.7817
     841       1.7492
     842       1.7795
     843       1.8550
     844       1.9198
     845       1.9156
     846       1.8294
     847       1.9394
     848       1.9084
     849       1.8228
     850       1.7447
     851       1.7811
     852       1.8465
     853       1.7339
     854       1.7605
     855       1.7876
     856       1.8274
     857       1.8219
     858       1.9554
     859       1.6627
     860       1.7746
     861       1.6966
     862       1.6530
     863       1.6421
     864       1.7996
     865       1.8262
     866       1.6954
     867       1.6552
     868       1.6386
     869       1.6952
     870       1.7011
     871       1.5950
     872       1.5403
     873       1.6675
     874       1.5864
     875       1.6263
     876       1.5185
     877       1.5919
     878       1.5464
     879       1.6626
     880       1.5512
     881       1.5636
     882       1.6676
     883       1.7266
     884       1.6722
     885       1.6736
     886       1.6322
     887       1.7115
     888       1.5241
     889       1.5259
     890       1.5712
     891       1.6024
     892       1.6280
     893       1.6254
     894       1.5071
     895       1.5615
     896       1.5186
     897       1.6228
     898       1.6882
     899       1.6016
     900       1.6793
     901       1.6935
     902       1.7513
     903       1.6015
     904       1.6150
     905       1.6964
     906       1.6474
     907       1.5463
     908       1.6651
     909       1.6449
     910       1.6832
     911       1.6898
     912       1.5362
     913       1.6187
     914       1.7602
     915       1.6133
     916       1.4596
     917       1.6405
     918       1.6552
     919       1.6150
     920       1.6395
     921       1.6816
     922       1.5897
     923       1.5598
     924       1.7067
     925       1.6280
     926       1.6964
     927       1.6138
     928       1.7791
     929       1.7311
     930       1.7043
     931       1.7509
     932       1.7782
     933       1.7129
     934       1.7122
     935       1.7066
     936       1.4999
     937       1.5203
     938       1.5641
     939       1.6817
     940       1.5616
     941       1.6576
     942       1.7298
     943       1.5570
     944       1.6510
     945       1.7614
     946       1.7171
     947       1.7876
     948       1.7252
     949       1.8346
     950       1.6795
     951       1.7621
     952       1.8624
     953       1.7476
     954       1.7707
     955       1.9140
     956       1.6834
     957       1.7254
     958       1.7672
     959       1.7546
     960       1.8292
     961       1.7286
     962       1.7217
     963       1.7505
     964       1.7813
     965       1.7211
     966       1.8620
     967       1.9250
     968       1.8388
     969       1.8492
     970       1.8081
     971       1.7406
     972       1.8152
     973       1.8067
     974       1.7517
     975       1.6994
     976       1.7711
     977       1.8308
     978       1.8436
     979       1.8762
     980       1.7826
     981       1.8203
     982       1.8470
     983       1.7995
     984       1.6817
     985       1.9469
     986       1.7082
     987       1.7816
     988       1.7071
     989       1.7524
     990       1.6119
     991       1.6371
     992       1.6340
     993       1.7358
     994       1.6823
     995       1.7933
     996       1.6159
     997       1.7214
     998       1.6717
     999       1.6885
    1000       1.7040
    1001       1.7039
    1002       1.5602
    1003       1.7155
    1004       1.7847
    1005       1.6596
    1006       1.6974
    1007       1.7304
    1008       1.7713
    1009       1.8887
    1010       1.7744
    1011       1.7222
    1012       1.7079
    1013       1.7597
    1014       1.6600
    1015       1.6743
    1016       1.7699
    1017       1.7398
    1018       1.7844
    1019       1.6843
    1020       1.7047
    1021       1.7254
    1022       1.6274
    1023       1.7368
    1024       1.7036
    1025       1.6566
    1026       1.6002
    1027       1.7648
    1028       1.7307
    1029       1.6885
    1030       1.7734
    1031       1.6976
    1032       1.5232
    1033       1.6198
    1034       1.6013
    1035       1.5877
    1036       1.6526
    1037       1.6986
    1038       1.6437
    1039       1.6495
    1040       1.7596
    1041       1.7103
    1042       1.7862
    1043       1.7221
    1044       1.6651
    1045       1.7450
    1046       1.7087
    1047       1.7332
    1048       1.6900
    1049       1.6962
    1050       1.8071
    1051       1.6137
    1052       1.7329
    1053       1.8223
    1054       1.7848
    1055       1.7062
    1056       1.7537
    1057       1.6448
    1058       1.6643
    1059       1.7540
    1060       1.6698
    1061       1.6676
    1062       1.7444
    1063       1.6385
    1064       1.7324
    1065       1.6363
    1066       1.6722
    1067       1.7246
    1068       1.7457
    1069       1.7428
    1070       1.7763
    1071       1.7958
    1072       1.7108
    1073       1.8933
    1074       1.7390
    1075       1.9136
    1076       1.7348
    1077       1.7143
    1078       1.8166
    1079       1.9301
    1080       1.8010
    1081       1.6572
    1082       1.6490
    1083       1.6329
    1084       1.7202
    1085       1.8556
    1086       1.6566
    1087       1.7032
    1088       1.7561
    1089       1.7735
    1090       1.6558
    1091       1.6937
    1092       1.6911
    1093       1.7432
    1094       1.7782
    1095       1.8232
    1096       1.8559
    1097       1.8363
    1098       1.8510
    1099       1.7612
    1100       1.6913
    1101       1.8195
    1102       1.8197
    1103       1.6718
    1104       1.7942
    1105       1.7935
    1106       1.7297
    1107       1.5688
    1108       1.6570
    1109       1.7663
    1110       1.6295
    1111       1.7083
    1112       1.9256
    1113       1.6171
    1114       1.7829
    1115       1.9612
    1116       1.9336
    1117       1.7625
    1118       1.8112
    1119       1.8334
    1120       1.8733
    1121       1.8519
    1122       1.7939
    1123       1.8819
    1124       1.8753
    1125       1.8055
    1126       1.7286
    1127       1.7857
    1128       1.7840
    1129       1.9067
    1130       1.8636
    1131       1.8325
    1132       1.7983
    1133       1.8137
    1134       1.8139
    1135       1.8528
    1136       1.9881
    1137       1.8805
    1138       1.9032
    1139       1.8218
    1140       1.7752
    1141       1.9120
    1142       1.9344
    1143       1.9101
    1144       1.7986
    1145       1.8178
    1146       1.8049
    1147       1.8575
    1148       1.7938
    1149       1.9081
    1150       1.9040
    1151       1.8168
    1152       1.8933
    1153       2.0107
    1154       1.9606
    1155       1.8899
    1156       1.8487
    1157       1.8329
    1158       1.7797
    1159       1.7476
    1160       1.8422
    1161       1.8280
    1162       1.7780
    1163       1.8018
    1164       1.9093
    1165       1.7794
    1166       1.7814
    1167       1.7964
    1168       1.7362
    1169       1.8858
    1170       1.8179
    1171       1.9078
    1172       1.8640
    1173       1.8327
    1174       1.8676
    1175       1.7081
    1176       1.8657
    1177       1.7494
    1178       1.8049
    1179       1.9492
    1180       1.7610
    1181       1.8223
    1182       1.9149
    1183       1.7451
    1184       1.8937
    1185       1.8702
    1186       1.8312
    1187       1.8412
    1188       1.8798
    1189       1.8615
    1190       1.9025
    1191       2.0444
    1192       1.9631
    1193       1.8500
    1194       1.9756
    1195       1.9071
    1196       1.9290
    1197       1.7202
    1198       1.7794
    1199       1.8740
    1200       1.7625
    1201       1.7392
    1202       1.8515
    1203       1.8986
    1204       1.9788
    1205       1.9134
    1206       1.9227
    1207       1.7982
    1208       1.8671
    1209       1.7811
    1210       2.0457
    1211       1.7782
    1212       1.9529
    1213       1.9509
    1214       1.8596
    1215       1.9492
    1216       1.9094
    1217       1.9386
    1218       1.9039
    1219       2.0397
    1220       1.7821
    1221       1.7821
    1222       1.8844
    1223       1.8873
    1224       1.9441
    1225       1.8472
    1226       1.9341
    1227       1.9754
    1228       1.8553
    1229       1.8064
    1230       1.8608
    1231       1.9044
    1232       1.8745
    1233       1.8691
    1234       1.8159
    1235       1.7938
    1236       1.8225
    1237       1.8495
    1238       1.9297
    1239       1.8822
    1240       1.8831
    1241       1.9990
    1242       2.0260
    1243       1.9255
    1244       2.0197
    1245       1.9965
    1246       2.0046
    1247       1.8451
    1248       1.8609
    1249       1.8290
    1250       1.8477
    1251       1.8147
    1252       1.9178
    1253       1.7935
    1254       1.8513
    1255       1.8411
    1256       1.6931
    1257       1.7201
    1258       1.7073
    1259       1.7529
    1260       1.8212
    1261       1.8878
    1262       1.7414
    1263       1.7263
    1264       1.7690
    1265       1.6979
    1266       1.6955
    1267       1.7479
    1268       1.7047
    1269       1.7303
    1270       1.7096
    1271       1.7462
    1272       1.7974
    1273       1.6079
    1274       1.7208
    1275       1.6521
    1276       1.6329
    1277       1.7900
    1278       1.6991
    1279       1.7831
    1280       1.7595
    1281       1.9712
    1282       1.8325
    1283       1.9356
    1284       1.7696
    1285       1.7408
    1286       1.8826
    1287       1.9502
    1288       1.8250
    1289       1.9104
    1290       1.7971
    1291       1.7085
    1292       1.7359
    1293       1.7373
    1294       1.7541
    1295       1.7548
    1296       1.7856
    1297       1.7968
    1298       1.8020
    1299       1.8114
    1300       1.8533
    1301       1.8484
    1302       1.7885
    1303       1.8225
    1304       1.8079
    1305       1.8526
    1306       1.8441
    1307       1.7348
    1308       1.8138
    1309       1.8400
    1310       1.6839
    1311       1.7449
    1312       1.7526
    1313       1.7702
    1314       1.8402
    1315       1.9822
    1316       1.8207
    1317       1.7427
    1318       1.8115
    1319       1.7949
    1320       1.8278
    1321       1.7297
    1322       1.8796
    1323       1.9389
    1324       1.9725
    1325       1.8358
    1326       1.9150
    1327       1.8339
    1328       1.8264
    1329       1.6736
    1330       1.8025
    1331       1.7722
    1332       1.7909
    1333       1.6236
    1334       1.9577
    1335       1.7347
    1336       1.8364
    1337       1.8285
    1338       1.8752
    1339       1.7203
    1340       1.7718
    1341       1.7638
    1342       1.7421
    1343       1.8095
    1344       1.7378
    1345       1.7723
    1346       1.8314
    1347       1.7519
    1348       1.7558
    1349       1.7347
    1350       1.7144
    1351       1.7816
    1352       1.8056
    1353       1.7580
    1354       1.7419
    1355       1.7373
    1356       1.7476
    1357       1.7670
    1358       1.7921
    1359       1.7558
    1360       1.6695
    1361       1.6869
    1362       1.7663
    1363       1.7740
    1364       1.7370
    1365       1.7621
    1366       1.8194
    1367       1.8212
    1368       1.8008
    1369       1.9337
    1370       1.8890
    1371       1.8915
    1372       1.9632
    1373       1.8028
    1374       1.8550
    1375       1.7281
    1376       1.8203
    1377       1.8874
    1378       1.8784
    1379       2.0035
    1380       2.0009
    1381       1.8479
    1382       1.8822
    1383       1.8506
    1384       1.8472
    1385       1.8982
    1386       1.9139
    1387       1.8611
    1388       1.8746
    1389       1.9033
    1390       1.7932
    1391       1.9785
    1392       1.8380
    1393       1.8283
    1394       2.0530
    1395       1.7639
    1396       1.8612
    1397       1.7944
    1398       1.7892
    1399       1.7676
    1400       1.8456
    1401       1.8204
    1402       1.8452
    1403       1.8889
    1404       1.8803
    1405       1.7180
    1406       1.7726
    1407       1.7544
    1408       1.8613
    1409       1.9359
    1410       1.7872
    1411       1.7957
    1412       1.8209
    1413       1.9323
    1414       1.8366
    1415       1.8925
    1416       1.7786
    1417       1.8294
    1418       1.9517
    1419       1.9295
    1420       1.9618
    1421       1.9022
    1422       1.8859
    1423       1.8775
    1424       1.7743
    1425       1.8511
    1426       1.7486
    1427       1.8025
    1428       1.8313
    1429       2.0165
    1430       1.8498
    1431       1.8128
    1432       1.9139
    1433       1.8774
    1434       1.8893
    1435       1.6830
    1436       1.8438
    1437       1.8424
    1438       1.7308
    1439       1.8588
    1440       1.7809
    1441       1.6845
    1442       1.7464
    1443       1.7987
    1444       1.7714
    1445       1.7466
    1446       1.8905
    1447       1.9417
    1448       1.8289
    1449       1.9024
    1450       1.8759
    1451       1.8998
    1452       1.8639
    1453       1.8603
    1454       1.9549
    1455       1.8844
    1456       1.9062
    1457       1.8491
    1458       1.8875
    1459       1.8235
    1460       1.9937
    1461       1.8553
    1462       1.8818
    1463       1.9361
    1464       1.8598
    1465       1.8177
    1466       1.8748
    1467       1.8147
    1468       1.8151
    1469       1.8167
    1470       1.8172
    1471       1.7597
    1472       1.8497
    1473       1.9942
    1474       1.8340
    1475       1.8795
    1476       1.8329
    1477       1.7823
    1478       1.8794
    1479       1.9073
    1480       1.8485
    1481       1.8196
    1482       1.8457
    1483       1.8314
    1484       1.8691
    1485       1.8946
    1486       1.7917
    1487       1.9781
    1488       2.0030
    1489       1.9469
    1490       1.8813
    1491       1.9216
    1492       1.9968
    1493       2.0327
    1494       1.9314
    1495       1.9683
    1496       1.9992
    1497       1.9711
    1498       1.9727
    1499       2.0368
    1500       2.0392
    1501       1.9564
    1502       1.9559
    1503       2.0844
    1504       1.9520
    1505       2.1261
    1506       2.0596
    1507       2.0474
    1508       2.0028
    1509       2.1242
    1510       2.1784
    1511       2.1573
    1512       1.9568
    1513       1.9354
    1514       2.0919
    1515       1.9640
    1516       1.9841
    1517       1.8557
    1518       1.9230
    1519       1.9481
    1520       1.8643
    1521       1.9234
    1522       2.0071
    1523       1.8319
    1524       1.7862
    1525       1.8273
    1526       1.8228
    1527       1.8398
    1528       1.8639
    1529       1.8827
    1530       1.9516
    1531       1.8924
    1532       1.8718
    1533       1.9098
    1534       1.9944
    1535       1.8157
    1536       1.8617
    1537       1.9053
    1538       1.8130
    1539       1.8365
    1540       1.8237
    1541       1.8084
    1542       1.7382
    1543       1.8618
    1544       1.9659
    1545       1.9283
    1546       1.9121
    1547       1.7949
    1548       1.8571
    1549       1.8606
    1550       1.9279
    1551       1.9118
    1552       1.8200
    1553       1.9550
    1554       1.9536
    1555       1.9079
    1556       1.9058
    1557       1.8672
    1558       1.8001
    1559       1.8236
    1560       1.7932
    1561       1.7803
    1562       1.8174
    1563       1.8262
    1564       1.8966
    1565       1.7599
    1566       1.7631
    1567       1.6127
    1568       1.5429
    1569       1.5157
    1570       1.6447
    1571       1.5912
    1572       1.6118
    1573       1.6480
    1574       1.6151
    1575       1.6984
    1576       1.5663
    1577       1.5724
    1578       1.8153
    1579       1.7100
    1580       1.7339
    1581       1.6718
    1582       1.5543
    1583       1.6594
    1584       1.5655
    1585       1.6627
    1586       1.6453
    1587       1.6688
    1588       1.7617
    1589       1.7310
    1590       1.8179
    1591       1.7298
    1592       1.7663
    1593       1.7878
    1594       1.6892
    1595       1.6728
    1596       1.7210
    1597       1.7739
    1598       1.8087
    1599       1.7149
    1600       1.8181
    1601       1.7236
    1602       1.7641
    1603       1.7896
    1604       1.5205
    1605       1.9814
    1606       1.9095
    1607       1.9964
    1608       1.7720
    1609       1.7405
    1610       1.7515
    1611       1.8432
    1612       1.8411
    1613       1.9002
    1614       1.9300
    1615       1.9807
    1616       2.0939
    1617       1.7819
    1618       2.0154
    1619       1.8364
    1620       1.8227
    1621       1.8674
    1622       1.7702
    1623       1.8176
    1624       1.8016
    1625       1.8459
    1626       1.8577
    1627       1.7688
    1628       1.8621
    1629       1.8628
    1630       1.8850
    1631       1.7591
    1632       1.8003
    1633       1.8457
    1634       1.7014
    1635       1.8258
    1636       1.7811
    1637       1.8398
    1638       1.6849
    1639       1.7202
    1640       1.7220
    1641       1.8002
    1642       1.7779
    1643       1.8835
    1644       1.7163
    1645       1.6961
    1646       1.6767
    1647       1.6765
    1648       1.7255
    1649       1.8156
    1650       1.7786
    1651       1.8487
    1652       1.6486
    1653       1.7922
    1654       1.6102
    1655       1.7420
    1656       1.8118
    1657       1.8068
    1658       1.7123
    1659       1.9349
    1660       1.8858
    1661       1.7023
    1662       1.7949
    1663       1.8473
    1664       1.8624
    1665       1.8434
    1666       1.7479
    1667       1.9118
    1668       1.8609
    1669       1.9080
    1670       1.8665
    1671       1.8384
    1672       1.8305
    1673       1.7780
    1674       1.7984
    1675       1.9162
    1676       1.8396
    1677       1.7642
    1678       1.7471
    1679       1.8007
    1680       1.8916
    1681       1.7952
    1682       1.9453
    1683       1.8194
    1684       1.7260
    1685       1.8780
    1686       1.8453
    1687       1.8498
    1688       1.8558
    1689       1.8976
    1690       1.8900
    1691       1.9237
    1692       1.9945
    1693       1.8667
    1694       1.9152
    1695       1.7779
    1696       1.8324
    1697       1.9054
    1698       1.9018
    1699       1.9270
    1700       1.9715
    1701       1.9688
    1702       2.0327
    1703       1.9733
    1704       1.9225
    1705       1.9991
    1706       1.9787
    1707       2.0015
    1708       1.8983
    1709       1.9090
    1710       1.9797
    1711       1.9512
    1712       2.0383
    1713       1.8198
    1714       1.9826
    1715       1.7964
    1716       1.8901
    1717       1.9316
    1718       1.9355
    1719       1.7965
    1720       1.9408
    1721       2.0903
    1722       2.0084
    1723       1.9817
    1724       2.0778
    1725       1.8511
    1726       1.9235
    1727       1.8928
    1728       1.7784
    1729       1.8763
    1730       1.8727
    1731       1.8529
    1732       1.8686
    1733       1.8959
    1734       2.0185
    1735       2.0898
    1736       1.9572
    1737       2.0928
    1738       2.1166
    1739       1.9807
    1740       2.0996
    1741       2.2047
    1742       2.1034
    1743       1.9781
    1744       2.0130
    1745       2.1298
    1746       1.9123
    1747       1.9342
    1748       1.9381
    1749       2.0494
    1750       1.9616
    1751       2.0649
    1752       1.8692
    1753       1.9482
    1754       1.9662
    1755       2.0534
    1756       2.0413
    1757       2.0089
    1758       1.9151
    1759       2.0266
    1760       1.9461
    1761       1.9975
    1762       2.0599
    1763       1.9650
    1764       2.0603
    1765       2.2314
    1766       2.0725
    1767       2.1302
    1768       2.1001
    1769       2.1530
    1770       2.0675
    1771       2.0681
    1772       1.9823
    1773       2.0195
    1774       2.2330
    1775       2.0931
    1776       2.0424
    1777       2.0102
    1778       2.1879
    1779       2.2439
    1780       2.1608
    1781       2.0752
    1782       2.2265
    1783       2.0574
    1784       2.2410
    1785       2.1984
    1786       2.1636
    1787       2.0841
    1788       2.0248
    1789       2.0391
    1790       2.1876
    1791       2.0874
    1792       1.9856
    1793       2.2100
    1794       2.0564
    1795       2.0097
    1796       2.2421
    1797       2.3417
    1798       2.3370
    1799       2.2055
    1800       2.0742
    1801       2.0880
    1802       2.1440
    1803       2.1375
    1804       2.0814
    1805       1.9672
    1806       2.0331
    1807       2.1089
    1808       2.1013
    1809       2.0643
    1810       2.0418
    1811       1.9647
    1812       1.9729
    1813       1.9243
    1814       2.0611
    1815       2.0660
    1816       2.0403
    1817       2.0901
    1818       2.0882
    1819       2.0154
    1820       1.9200
    1821       2.0105
    1822       2.0842
    1823       2.1259
    1824       1.9850
    1825       1.8423
    1826       1.9454
    1827       2.0328
    1828       1.9221
    1829       1.9294
    1830       1.9198
    1831       2.0609
    1832       2.1084
    1833       1.9599
    1834       1.9493
    1835       1.9637
    1836       1.9091
    1837       2.0429
    1838       1.9533
    1839       1.8648
    1840       1.9844
    1841       1.8208
    1842       2.0026
    1843       1.9293
    1844       1.9506
    1845       1.9033
    1846       1.9760
    1847       2.0242
    1848       2.0255
    1849       2.0417
    1850       2.1785
    1851       2.0802
    1852       2.2526
    1853       2.1905
    1854       2.1183
    1855       2.0005
    1856       2.0271
    1857       2.0463
    1858       1.9356
    1859       2.0476
    1860       2.0301
    1861       2.0456
    1862       1.9962
    1863       1.9844
    1864       2.0714
    1865       1.9092
    1866       1.9727
    1867       2.1198
    1868       2.0491
    1869       1.9774
    1870       2.0049
    1871       2.0972
    1872       2.1489
    1873       1.9904
    1874       2.0494
    1875       2.0681
    1876       2.0210
    1877       1.8265
    1878       1.9270
    1879       1.9790
    1880       2.0319
    1881       2.0261
    1882       2.0443
    1883       1.9703
    1884       1.8742
    1885       1.9463
    1886       2.1542
    1887       1.9327
    1888       1.9437
    1889       1.9213
    1890       1.9780
    1891       1.9359
    1892       2.0706
    1893       2.0485
    1894       1.9008
    1895       1.9470
    1896       2.0927
    1897       2.0482
    1898       2.0694
    1899       2.0255
    1900       2.0568
    1901       2.0888
    1902       2.0254
    1903       1.9941
    1904       1.9674
    1905       2.0421
    1906       1.9314
    1907       2.1073
    1908       1.9975
    1909       1.9791
    1910       2.1030
    1911       2.0703
    1912       2.1570
    1913       2.1799
    1914       2.1903
    1915       2.0180
    1916       1.9609
    1917       1.9814
    1918       2.0339
    1919       2.0373
    1920       2.0008
    1921       2.0550
    1922       1.9578
    1923       2.0815
    1924       1.9870
    1925       2.1140
    1926       2.0099
    1927       2.0068
    1928       2.0409
    1929       1.9900
    1930       2.0313
    1931       2.0214
    1932       2.0196
    1933       2.1141
    1934       2.1049
    1935       2.1128
    1936       2.1236
    1937       2.1571
    1938       1.9599
    1939       2.0167
    1940       2.0390
    1941       2.1466
    1942       2.0602
    1943       2.1451
    1944       2.2324
    1945       2.1495
    1946       2.1090
    1947       2.0433
    1948       1.9580
    1949       2.0571
    1950       2.1318
    1951       2.0041
    1952       1.9415
    1953       1.9620
    1954       1.9513
    1955       2.1152
    1956       1.8978
    1957       1.9630
    1958       2.0047
    1959       2.0951
    1960       2.0248
    1961       2.0327
    1962       2.0811
    1963       2.0561
    1964       2.0782
    1965       2.0434
    1966       2.0510
    1967       2.1914
    1968       2.0238
    1969       2.0195
    1970       2.0380
    1971       2.1289
    1972       2.1434
    1973       1.9958
    1974       2.0969
    1975       1.8682
    1976       2.1011
    1977       2.1049
    1978       2.0142
    1979       1.9948
    1980       2.0623
    1981       2.1095
    1982       2.1431
    1983       2.0528
    1984       2.2083
    1985       2.0687
    1986       2.1939
    1987       2.0666
    1988       2.2193
    1989       2.0579
    1990       2.0432
    1991       2.0494
    1992       2.0432
    1993       2.0810
    1994       2.1529
    1995       2.1796
    1996       2.1569
    1997       2.2262
    1998       2.1895
    1999       2.0990
    2000       2.1820
    2001       2.1004
    2002       2.1978
    2003       2.2288
    2004       2.1115
    2005       2.1396
    2006       2.0872
    2007       2.1769
    2008       2.1392
    2009       2.2948
    2010       2.1638
    2011       2.1223
    2012       2.1566
    2013       2.1674
    2014       2.2350
    2015       2.2277
    2016       2.1087
    2017       1.9871
    2018       2.0446
    2019       2.1668
    2020       2.1901
    2021       2.1095
    2022       2.1280
    2023       2.1017
    2024       2.0539
    2025       2.0792
    2026       2.0397
    2027       2.1515
    2028       2.1283
    2029       2.0801
    2030       2.0162
    2031       2.0935
    2032       2.0384
    2033       2.0821
    2034       1.9360
    2035       2.0747
    2036       2.1191
    2037       1.9502
    2038       2.0569
    2039       2.0613
    2040       2.1610
    2041       2.1105
    2042       2.1472
    2043       2.1066
    2044       2.1578
    2045       2.0680
    2046       2.0590
    2047       2.1475
    2048       2.1317
    2049       2.0008
    2050       2.0901
    2051       2.1527
    2052       2.2801
    2053       2.1520
    2054       2.1371
    2055       2.1436
    2056       2.0970
    2057       2.0024
    2058       2.1077
    2059       1.9609
    2060       2.2152
    2061       2.1726
    2062       2.2828
    2063       2.1759
    2064       2.1431
    2065       2.1686
    2066       2.0980
    2067       2.1387
    2068       2.1090
    2069       2.1877
    2070       2.0700
    2071       2.0485
    2072       2.1874
    2073       2.1935
    2074       2.1377
    2075       2.1059
    2076       2.0329
    2077       2.1082
    2078       2.0627
    2079       2.2232
    2080       2.1353
    2081       2.1688
    2082       2.1535
    2083       2.1817
    2084       2.0643
    2085       2.1164
    2086       2.1826
    2087       2.2245
    2088       2.0637
    2089       2.0453
    2090       2.1652
    2091       2.1238
    2092       2.0794
    2093       1.9924
    2094       2.1490
    2095       2.1733
    2096       2.1678
    2097       2.1182
    2098       2.0977
    2099       2.0978
    2100       2.1176
    2101       2.1339
    2102       2.0864
    2103       2.1096
    2104       2.1917
    2105       2.2595
    2106       2.1558
    2107       2.1552
    2108       2.2398
    2109       2.1773
    2110       2.3123
    2111       2.1442
    2112       2.0652
    2113       2.0955
    2114       2.0292
    2115       2.0524
    2116       2.0701
    2117       2.0918
    2118       2.0533
    2119       2.2005
    2120       2.2416
    2121       2.0454
    2122       2.2549
    2123       2.2746
    2124       2.1663
    2125       2.1081
    2126       2.2648
    2127       2.1621
    2128       2.1774
    2129       2.0872
    2130       2.1252
    2131       2.1062
    2132       2.1591
    2133       2.1657
    2134       2.2186
    2135       2.1010
    2136       2.1519
    2137       2.0386
    2138       2.0514
    2139       2.0521
    2140       2.0343
    2141       1.9884
    2142       2.1418
    2143       2.1421
    2144       2.0864
    2145       2.1498
    2146       2.3496
    2147       2.4560
    2148       2.1285
    2149       2.2003
    2150       2.2013
    2151       2.1475
    2152       2.1837
    2153       2.2713
    2154       2.1007
    2155       2.2720
    2156       2.2080
    2157       2.1884
    2158       2.2253
    2159       2.0618
    2160       2.1865
    2161       2.0728
    2162       2.3060
    2163       2.1675
    2164       2.1809
    2165       2.1456
    2166       2.2912
    2167       2.2582
    2168       2.3625
    2169       2.1279
    2170       2.2863
    2171       2.2101
    2172       2.0994
    2173       2.1587
    2174       2.1700
    2175       2.1498
    2176       2.2814
    2177       2.1721
    2178       2.1585
    2179       2.1683
    2180       2.1788
    2181       2.2043
    2182       2.0723
    2183       2.0417
    2184       2.0209
    2185       1.9736
    2186       2.0692
    2187       2.0241
    2188       2.1716
    2189       2.1505
    2190       2.1775
    2191       2.2228
    2192       2.2317
    2193       2.2175
    2194       2.2873
    2195       2.1616
    2196       2.2341
    2197       2.2995
    2198       2.1583
    2199       2.3545
    2200       2.2284
    2201       2.1871
    2202       2.1219
    2203       2.2229
    2204       2.0585
    2205       2.2414
    2206       2.0634
    2207       2.1597
    2208       2.0478
    2209       2.0984
    2210       2.0126
    2211       2.1978
    2212       2.1469
    2213       2.0436
    2214       2.0664
    2215       2.0734
    2216       2.1187
    2217       2.1567
    2218       2.0928
    2219       2.1557
    2220       2.1846
    2221       2.0804
    2222       2.0173
    2223       2.0380
    2224       2.0813
    2225       2.1129
    2226       2.0600
    2227       1.8729
    2228       2.1225
    2229       2.1429
    2230       2.2153
    2231       2.0448
    2232       2.1065
    2233       2.0914
    2234       1.9952
    2235       2.1834
    2236       2.0916
    2237       2.0944
    2238       2.0288
    2239       2.0420
    2240       2.0582
    2241       2.1031
    2242       2.1125
    2243       2.1323
    2244       2.2038
    2245       2.0836
    2246       2.0934
    2247       2.1088
    2248       2.0689
    2249       2.0113
    2250       2.0812
    2251       1.9500
    2252       2.0383
    2253       2.0342
    2254       2.0668
    2255       2.0566
    2256       2.0092
    2257       1.8705
    2258       1.9775
    2259       1.9320
    2260       1.8952
    2261       2.0832
    2262       1.9783
    2263       1.9938
    2264       2.1101
    2265       2.0208
    2266       2.0753
    2267       2.0266
    2268       1.8687
    2269       1.9542
    2270       1.9508
    2271       1.8558
    2272       1.9405
    2273       2.0366
    2274       1.8242
    2275       1.9260
    2276       1.9068
    2277       1.9890
    2278       1.9745
    2279       1.9636
    2280       1.9497
    2281       2.0567
    2282       1.9142
    2283       2.0603
    2284       1.8474
    2285       1.9195
    2286       1.8553
    2287       1.8552
    2288       1.8481
    2289       2.0136
    2290       1.8156
    2291       1.8337
    2292       1.8383
    2293       1.9165
    2294       1.8849
    2295       1.9131
    2296       1.8810
    2297       1.9363
    2298       1.8725
    2299       1.9549
    2300       1.9497
    2301       1.8662
    2302       1.9606
    2303       2.0194
    2304       2.0468
    2305       2.0936
    2306       2.0341
    2307       1.8905
    2308       1.7334
    2309       1.7916
    2310       1.8877
    2311       1.8310
    2312       1.9344
    2313       1.9009
    2314       1.8754
    2315       1.9905
    2316       1.9017
    2317       1.8982
    2318       1.8667
    2319       1.7557
    2320       1.9931
    2321       2.0262
    2322       1.8412
    2323       1.7876
    2324       1.9778
    2325       1.8449
    2326       1.9277
    2327       1.8871
    2328       1.8319
    2329       1.7562
    2330       1.8948
    2331       1.9293
    2332       1.7623
    2333       1.9969
    2334       2.0569
    2335       1.9418
    2336       1.9055
    2337       2.0144
    2338       1.9418
    2339       1.9152
    2340       1.8960
    2341       1.8597
    2342       1.9123
    2343       1.9195
    2344       1.8237
    2345       1.9594
    2346       1.7695
    2347       1.7585
    2348       1.7196
    2349       1.7613
    2350       1.8378
    2351       1.7502
    2352       1.7662
    2353       1.8072
    2354       1.8533
    2355       1.8667
    2356       1.7788
    2357       2.0032
    2358       1.8757
    2359       1.8586
    2360       1.9850
    2361       1.9569
    2362       1.9100
    2363       1.8946
    2364       1.8034
    2365       1.7496
    2366       1.8335
    2367       1.7763
    2368       1.8489
    2369       1.8417
    2370       1.7529
    2371       1.9027
    2372       1.7676
    2373       1.8471
    2374       1.8538
    2375       1.8842
    2376       1.8523
    2377       1.8275
    2378       1.8386
    2379       1.9259
    2380       1.8659
    2381       1.7408
    2382       1.8540
    2383       1.9364
    2384       1.8334
    2385       1.8410
    2386       1.7773
    2387       1.8870
    2388       1.8047
    2389       1.8251
    2390       1.6870
    2391       1.7650
    2392       1.7410
    2393       1.8971
    2394       1.9523
    2395       1.9445
    2396       1.8992
    2397       1.8461
    2398       1.7773
    2399       1.8702
    2400       1.9428
    2401       1.8980
    2402       1.8342
    2403       1.8694
    2404       1.9893
    2405       2.0179
    2406       1.8320
    2407       1.8085
    2408       1.8759
    2409       1.8251
    2410       1.8384
    2411       1.8688
    2412       1.9549
    2413       1.8632
    2414       1.8933
    2415       1.9634
    2416       1.9225
    2417       1.8363
    2418       1.9915
    2419       1.9909
    2420       2.0891
    2421       2.0319
    2422       1.9145
    2423       1.9502
    2424       1.9525
    2425       1.9595
    2426       1.8846
    2427       1.8437
    2428       1.6085
    2429       1.7857
    2430       1.7684
    2431       1.7875
    2432       1.8057
    2433       1.7608
    2434       1.7977
    2435       1.8263
    2436       1.8709
    2437       1.9695
    2438       1.8871
    2439       1.8963
    2440       1.9006
    2441       1.9867
    2442       1.8531
    2443       1.7777
    2444       1.8850
    2445       1.8476
    2446       1.8938
    2447       1.8217
    2448       1.8801
    2449       1.8919
    2450       1.7978
    2451       1.9495
    2452       1.8881
    2453       1.9199
    2454       1.9151
    2455       1.9068
    2456       1.9574
    2457       1.7916
    2458       1.7972
    2459       1.7980
    2460       1.8985
    2461       1.9173
    2462       1.8212
    2463       1.7865
    2464       1.9352
    2465       1.8701
    2466       1.8941
    2467       1.8776
    2468       1.8398
    2469       1.8548
    2470       1.9282
    2471       1.8950
    2472       1.9303
    2473       1.8336
    2474       1.8792
    2475       1.9157
    2476       2.0737
    2477       1.9231
    2478       1.8656
    2479       1.9031
    2480       1.9047
    2481       1.8800
    2482       1.9236
    2483       2.0393
    2484       1.9863
    2485       1.9407
    2486       1.9874
    2487       1.9443
    2488       2.0688
    2489       1.9203
    2490       1.8187
    2491       2.0157
    2492       2.0132
    2493       1.9343
    2494       1.9320
    2495       1.9544
    2496       1.8958
    2497       2.0118
    2498       1.9310
    2499       1.9435
    2500       1.9172
    2501       1.8580
    2502       1.8703
    2503       1.9130
    2504       2.1005
    2505       1.7879
    2506       1.8380
    2507       1.8871
    2508       1.9344
    2509       2.0498
    2510       1.9090
    2511       1.8902
    2512       1.8639
    2513       1.8156
    2514       1.7309
    2515       1.9458
    2516       1.9443
    2517       1.8790
    2518       1.8780
    2519       1.8020
    2520       1.7695
    2521       1.8286
    2522       1.8234
    2523       1.7987
    2524       1.9091
    2525       1.8064
    2526       1.8088
    2527       1.9396
    2528       1.9018
    2529       1.9549
    2530       1.9074
    2531       1.8224
    2532       1.9657
    2533       1.9100
    2534       1.9161
    2535       1.8036
    2536       1.9070
    2537       1.9609
    2538       1.8983
    2539       1.9513
    2540       1.9573
    2541       1.7534
    2542       1.9650
    2543       1.8813
    2544       1.7926
    2545       1.7900
    2546       1.7722
    2547       1.8897
    2548       1.8828
    2549       1.8681
    2550       1.9337
    2551       1.8864
    2552       1.8960
    2553       1.8989
    2554       2.0801
    2555       1.8326
    2556       1.8409
    2557       1.7627
    2558       1.8870
    2559       1.8819
    2560       1.8238
    2561       1.8366
    2562       1.7542
    2563       1.6902
    2564       1.8071
    2565       1.8142
    2566       1.7353
    2567       1.8787
    2568       1.8058
    2569       1.7667
    2570       1.9158
    2571       1.7464
    2572       1.8602
    2573       1.8176
    2574       1.7337
    2575       1.8788
    2576       1.8907
    2577       1.7577
    2578       1.9813
    2579       1.7664
    2580       1.7959
    2581       1.6919
    2582       1.8682
    2583       1.8477
    2584       1.7092
    2585       1.7144
    2586       1.6740
    2587       1.7490
    2588       1.7661
    2589       1.8088
    2590       1.8294
    2591       1.8445
    2592       1.8511
    2593       1.7937
    2594       1.8981
    2595       1.8634
    2596       1.9489
    2597       1.9103
    2598       1.9663
    2599       1.8864
    2600       1.9465
    2601       1.8317
    2602       1.8823
    2603       1.9527
    2604       1.8686
    2605       1.9278
    2606       1.9017
    2607       1.9791
    2608       2.0347
    2609       2.1645
    2610       1.9748
    2611       1.8854
    2612       1.9284
    2613       2.0556
    2614       1.8974
    2615       1.8780
    2616       1.9640
    2617       1.9998
    2618       1.9919
    2619       1.9949
    2620       1.8857
    2621       1.8851
    2622       2.0564
    2623       2.0144
    2624       2.0230
    2625       1.9138
    2626       2.1190
    2627       2.0998
    2628       2.0461
    2629       2.1280
    2630       2.0738
    2631       2.1242
    2632       2.0000
    2633       2.1126
    2634       2.1328
    2635       2.0533
    2636       2.0013
    2637       2.0227
    2638       2.0426
    2639       2.0445
    2640       1.9756
    2641       2.1188
    2642       2.1696
    2643       2.0519
    2644       1.9988
    2645       2.0122
    2646       2.0671
    2647       2.1491
    2648       2.0943
    2649       2.2843
    2650       2.2246
    2651       1.9994
    2652       2.0894
    2653       2.0553
    2654       1.8925
    2655       2.1904
    2656       2.1098
    2657       2.0916
    2658       2.0216
    2659       2.1558
    2660       2.0307
    2661       2.0831
    2662       2.0836
    2663       2.0127
    2664       2.1638
    2665       2.0888
    2666       1.9909
    2667       1.8932
    2668       2.1834
    2669       2.2776
    2670       2.2829
    2671       2.2246
    2672       2.1003
    2673       2.1159
    2674       1.9554
    2675       2.1875
    2676       2.0654
    2677       1.9507
    2678       2.0981
    2679       2.2257
    2680       1.9104
    2681       2.0715
    2682       1.9649
    2683       2.0829
    2684       1.8536
    2685       1.8532
    2686       1.8760
    2687       1.9206
    2688       1.9633
    2689       2.0036
    2690       2.0905
    2691       2.0400
    2692       2.0282
    2693       2.0450
    2694       2.1074
    2695       2.1641
    2696       1.8683
    2697       1.9586
    2698       2.0181
    2699       1.9056
    2700       1.9073
    2701       1.9458
    2702       1.8661
    2703       1.7462
    2704       1.8418
    2705       1.8612
    2706       2.0187
    2707       1.7726
    2708       1.7914
    2709       1.8067
    2710       1.8752
    2711       1.8247
    2712       1.8685
    2713       1.8941
    2714       1.8867
    2715       1.9062
    2716       1.9037
    2717       1.7848
    2718       1.8827
    2719       1.7729
    2720       1.7915
    2721       1.7047
    2722       1.8556
    2723       1.9172
    2724       1.7659
    2725       1.8192
    2726       1.8082
    2727       1.9032
    2728       1.9694
    2729       1.9057
    2730       1.8462
    2731       1.7460
    2732       1.8734
    2733       1.8899
    2734       1.9158
    2735       1.7377
    2736       1.7472
    2737       1.8989
    2738       1.8052
    2739       1.8693
    2740       1.7628
    2741       1.7967
    2742       1.8336
    2743       1.6668
    2744       1.8010
    2745       1.8217
    2746       1.8444
    2747       1.8988
    2748       1.8881
    2749       1.8896
    2750       1.7349
    2751       1.7492
    2752       1.7882
    2753       1.8479
    2754       1.8052
    2755       1.8767
    2756       1.9696
    2757       2.0005
    2758       1.8016
    2759       1.8762
    2760       1.8569
    2761       1.7307
    2762       1.8540
    2763       1.8817
    2764       1.8612
    2765       1.8849
    2766       1.8472
    2767       1.8773
    2768       1.8063
    2769       1.8749
    2770       1.8483
    2771       1.8867
    2772       1.8458
    2773       1.8233
    2774       1.9919
    2775       1.9938
    2776       1.8142
    2777       1.8952
    2778       1.9202
    2779       2.0332
    2780       1.8668
    2781       1.8349
    2782       1.8834
    2783       1.8515
    2784       1.8755
    2785       1.8005
    2786       1.7514
    2787       1.7846
    2788       1.6899
    2789       1.8295
    2790       1.9008
    2791       1.7646
    2792       1.6702
    2793       1.7446
    2794       1.7447
    2795       1.6835
    2796       1.7223
    2797       1.7353
    2798       1.6966
    2799       1.7644
    2800       1.6123
    2801       1.7022
    2802       1.6816
    2803       1.7007
    2804       1.6918
    2805       1.7323
    2806       1.7086
    2807       1.6379
    2808       1.7566
    2809       1.8132
    2810       1.6816
    2811       1.7628
    2812       1.6394
    2813       1.6953
    2814       1.7313
    2815       1.6357
    2816       1.7162
    2817       1.7489
    2818       1.7830
    2819       1.8473
    2820       1.6662
    2821       1.8655
    2822       1.9231
    2823       1.8047
    2824       1.9419
    2825       1.8769
    2826       1.8286
    2827       1.8584
    2828       1.7308
    2829       1.8361
    2830       1.8990
    2831       1.7594
    2832       1.7886
    2833       1.7524
    2834       1.8726
    2835       1.8817
    2836       1.7921
    2837       1.7928
    2838       1.8373
    2839       1.7681
    2840       1.7488
    2841       1.8127
    2842       1.8185
    2843       1.9766
    2844       1.7001
    2845       1.9430
    2846       1.7982
    2847       1.7691
    2848       1.7883
    2849       1.7920
    2850       1.8626
    2851       1.7553
    2852       1.8570
    2853       1.7401
    2854       1.8876
    2855       1.8533
    2856       1.8458
    2857       1.8215
    2858       1.7784
    2859       1.8941
    2860       1.8720
    2861       1.9785
    2862       1.7641
    2863       1.9437
    2864       1.8870
    2865       1.8020
    2866       1.7842
    2867       1.8063
    2868       1.7594
    2869       1.8745
    2870       1.9418
    2871       1.8134
    2872       1.7568
    2873       1.7430
    2874       1.8494
    2875       1.8444
    2876       1.8059
    2877       1.8097
    2878       1.8324
    2879       1.9522
    2880       1.8701
    2881       1.8455
    2882       1.8421
    2883       1.8081
    2884       1.7859
    2885       1.7122
    2886       1.9192
    2887       2.0305
    2888       1.8635
    2889       1.8860
    2890       1.8056
    2891       1.7934
    2892       1.8144
    2893       1.8686
    2894       1.8329
    2895       1.8184
    2896       1.8361
    2897       1.9796
    2898       1.9531
    2899       1.8349
    2900       1.9622
    2901       1.8948
    2902       1.8339
    2903       1.7511
    2904       1.7581
    2905       1.9076
    2906       1.8925
    2907       1.7856
    2908       1.7987
    2909       1.7580
    2910       1.8430
    2911       1.9085
    2912       1.8879
    2913       1.8885
    2914       1.8944
    2915       1.7920
    2916       1.8176
    2917       1.8309
    2918       1.9145
    2919       1.9224
    2920       1.7932
    2921       1.8544
    2922       1.8434
    2923       1.7645
    2924       1.9375
    2925       1.9591
    2926       2.0128
    2927       1.9102
    2928       1.9024
    2929       1.9618
    2930       2.0170
    2931       1.9185
    2932       1.8927
    2933       1.9522
    2934       1.9598
    2935       1.9019
    2936       1.8403
    2937       1.9348
    2938       1.8288
    2939       1.7423
    2940       1.8925
    2941       1.7348
    2942       1.8098
    2943       1.7292
    2944       1.7147
    2945       1.7914
    2946       1.7582
    2947       1.8390
    2948       1.6739
    2949       1.6275
    2950       1.7645
    2951       1.8312
    2952       1.8615
    2953       1.7487
    2954       1.7577
    2955       1.8222
    2956       1.9233
    2957       1.6693
    2958       1.8774
    2959       1.7757
    2960       1.8072
    2961       1.7785
    2962       1.6771
    2963       1.7296
    2964       1.7841
    2965       1.7478
    2966       1.7011
    2967       1.7058
    2968       1.6708
    2969       1.9071
    2970       1.8965
    2971       1.8329
    2972       1.7216
    2973       1.7187
    2974       1.7440
    2975       1.7724
    2976       1.8642
    2977       1.7813
    2978       1.8504
    2979       1.6584
    2980       1.6937
    2981       1.8043
    2982       1.7046
    2983       2.0045
    2984       1.8764
    2985       1.8450
    2986       1.7872
    2987       1.8429
    2988       1.9114
    2989       1.8840
    2990       1.9196
    2991       1.9954
    2992       1.8888
    2993       1.8589
    2994       2.0943
    2995       1.9151
    2996       1.9931
    2997       1.9734
    2998       1.8275
    2999       2.0093
    3000       2.0077
    3001       1.8270
