0.199763
0.473598
0.740321
1.017323
1.304069
1.603431
1.881812
2.158330
2.423893
2.715583
3.013981
3.307502
3.612277
3.877930
4.130964
4.391566
4.692153
5.010170
5.312487
5.590277
5.871721
6.158380
6.457996
6.721098
6.985796
7.233920
7.472720
7.745840
7.994947
8.248571
8.488706
8.767997
9.036414
9.300947
9.563328
9.843472
10.114401
10.411351
10.685114
10.974787
11.314095
11.597295
11.885781
12.165067
12.435546
12.735328
12.999329
13.290472
13.545399
13.838268
14.134573
14.446527
14.758017
15.063781
15.383624
15.727392
16.037952
16.349098
16.637207
16.929635
17.219319
17.484405
17.785919
18.068051
18.387605
18.727676
19.095194
19.493393
19.854978
20.239090
20.629878
20.948615
21.312755
21.611355
21.907922
22.217079
22.570698
22.869762
23.170038
23.478890
23.821368
24.119041
24.395877
24.685320
24.970280
25.252300
25.504794
25.824390
26.125914
26.420866
26.746477
27.030171
27.358283
27.625929
27.931402
28.225127
28.530003
28.793534
29.070968
29.415471
29.796193
30.107022
30.407906
30.732422
31.044456
31.353334
31.701309
31.996558
32.309368
32.652988
33.003286
33.310754
33.665533
33.977750
34.314581
34.635935
34.956423
35.246998
35.530156
35.771952
36.077088
36.347800
36.634227
36.938601
37.285570
37.610883
37.923956
38.268738
38.624240
38.950395
39.292418
39.624579
39.951284
40.283844
40.563959
40.876743
41.154869
41.419901
41.678029
41.954852
42.213203
42.501411
42.801210
43.065598
43.365460
43.642824
43.929849
44.206871
44.533469
44.858971
45.175328
45.541108
45.925593
46.263081
46.605157
46.983254
47.382346
47.779376
48.192261
48.591811
48.994752
49.387266
49.734879
50.078208
50.461621
50.838511
51.182317
51.559240
51.893904
52.250325
52.578848
52.949806
53.344438
53.747012
54.150423
54.510648
54.923320
55.291597
55.620243
56.001565
56.373073
56.665161
57.049882
57.436112
57.760424
58.089430
58.454495
58.781230
59.099095
59.407665
59.685924
59.980822
60.262366
60.577289
60.882916
61.231850
61.552103
61.865671
62.195689
62.527190
62.816324
63.124914
63.409616
63.696302
64.026470
64.314973
64.604402
64.938782
65.259610
65.572064
65.885934
66.186137
66.461119
66.750294
67.038770
67.346596
67.633463
67.998815
68.291354
68.622582
68.897479
69.190746
69.475559
69.797035
70.066766
70.406696
70.722327
71.046014
71.375343
71.678639
71.985475
72.306945
72.660579
73.003822
73.353405
73.684102
73.996648
74.375122
74.716687
75.037928
75.357305
75.691310
76.015729
76.367124
76.669264
77.004331
77.326776
77.632919
77.982322
78.296210
78.593012
78.911710
79.231406
79.560709
79.858042
80.167133
80.469649
80.774587
81.083171
81.415396
81.775414
82.122630
82.438924
82.735306
83.086439
83.406540
83.744111
84.126002
84.499207
84.830953
85.173401
85.525205
85.822582
86.136031
86.469434
86.825464
87.208188
87.518606
87.809788
88.081936
88.362969
88.657202
88.971908
89.250133
89.526499
89.798991
90.084672
90.394206
90.681361
90.990964
91.285764
91.566056
91.926064
92.239938
92.598656
92.915817
93.218472
93.506449
93.847816
94.135283
94.419164
94.703900
95.061562
95.399465
95.693619
96.053216
96.350237
96.746358
97.117818
97.428011
97.777772
98.091777
98.421879
98.839591
99.171313
99.493160
99.796252
100.098742
100.397583
100.708432
101.015431
101.407524
101.744889
102.044953
102.374215
102.714366
103.072631
103.437714
103.810411
104.231248
104.582785
104.937874
105.286807
105.678879
106.034822
106.412552
106.768054
107.194493
107.583894
107.897937
108.171774
108.452975
108.746268
109.059347
109.408480
109.729484
110.071530
110.402705
110.769210
111.123526
111.438372
111.734165
112.054122
112.357863
112.670007
112.965221
113.262044
113.553549
113.853776
114.186097
114.474281
114.762296
115.074943
115.368272
115.673369
115.971699
116.288305
116.592577
116.989071
117.325717
117.691445
118.001064
118.308004
118.626775
118.919686
119.220268
119.522641
119.839372
120.193428
120.528788
120.866401
121.234686
121.629350
122.040484
122.402372
122.747243
123.115844
123.479275
123.813912
124.156911
124.449751
124.792098
125.183232
125.532638
125.879579
126.189484
126.550472
126.901372
127.307666
127.657950
128.037787
128.404488
128.753687
129.127165
129.505008
129.873036
130.181252
130.478239
130.838837
131.222334
131.548167
131.911236
132.292250
132.633761
132.941847
133.285529
133.622883
133.921372
134.202005
134.519377
134.811339
135.080008
135.388106
135.681826
135.973546
136.258907
136.537956
136.815267
137.099558
137.363920
137.644470
137.909793
138.181676
138.435315
138.689688
138.961563
139.276619
139.607813
139.940954
140.292846
140.701607
141.054171
142.381655
143.870439
145.323607
146.298672
146.828380
147.233817
147.636690
148.033026
148.396999
149.079051
149.393440
149.677799
149.952681
150.234082
150.501045
150.766475
151.042464
151.321945
151.617860
151.925372
152.245329
152.532725
152.876931
153.177480
153.478446
153.791745
154.072312
154.357609
154.691035
155.047210
155.353559
155.661964
155.942316
156.284755
156.621891
156.914138
157.208881
157.518040
157.825866
158.142785
158.472345
158.796395
159.110276
159.382889
159.687267
160.014486
160.327926
160.620047
160.908608
161.278281
161.533915
161.797507
162.057124
162.325444
162.609063
162.911085
163.177240
163.441807
163.704434
163.972650
164.266489
164.552391
164.803848
165.050690
165.335085
165.603481
165.864260
166.120163
166.402623
166.681725
166.968405
167.232439
167.537562
167.801001
168.086635
168.364108
168.652253
168.934850
169.218029
169.495956
169.785878
170.048927
170.339247
170.617359
170.903078
171.173396
171.452984
171.730998
172.012455
172.290591
172.550009
172.845909
173.115491
173.379960
173.635787
173.929108
174.192523
174.450463
174.715194
174.993950
175.269682
175.545187
175.813691
176.090003
176.372048
176.669687
176.954926
177.221486
177.509802
177.798599
178.088527
178.406171
178.711238
178.987877
179.267759
179.560490
179.838465
180.130732
180.437625
180.749582
181.058629
181.372092
181.660962
181.957335
182.278013
182.593062
182.921765
183.233158
183.524780
183.822964
184.134210
184.429527
184.728601
185.043516
185.330810
185.622077
185.955072
186.234459
186.556990
186.886883
187.189104
187.505011
187.819131
188.136177
188.447440
188.741670
189.043262
189.361520
189.693050
189.999478
190.307774
190.621902
190.944088
191.229546
191.563113
191.850893
192.132682
192.467333
192.740477
