#Frame         myrmsd
       1       0.0000
       2       1.1442
       3       1.1945
       4       1.1837
       5       1.4011
       6       1.2737
       7       1.4822
       8       1.5500
       9       1.1769
      10       1.3003
      11       1.3504
      12       1.2812
      13       1.3677
      14       1.3764
      15       1.4580
      16       1.3921
      17       1.3739
      18       1.3031
      19       1.3611
      20       1.3490
      21       1.3287
      22       1.5261
      23       1.4205
      24       1.3165
      25       1.3911
      26       1.5034
      27       1.3523
      28       1.3213
      29       1.4348
      30       1.3283
      31       1.2327
      32       1.4297
      33       1.5065
      34       1.6364
      35       1.4185
      36       1.4790
      37       1.4011
      38       1.4306
      39       1.6471
      40       1.5383
      41       1.6225
      42       1.6287
      43       1.7922
      44       1.5839
      45       1.6151
      46       1.5514
      47       1.4745
      48       1.6337
      49       1.6851
      50       1.5340
      51       1.6200
      52       1.7595
      53       1.6548
      54       1.4617
      55       1.5665
      56       1.6309
      57       1.5107
      58       1.5886
      59       1.5977
      60       1.6229
      61       1.6155
      62       1.6235
      63       1.7535
      64       1.6562
      65       1.5750
      66       1.7516
      67       1.5924
      68       1.4305
      69       1.5150
      70       1.3079
      71       1.5736
      72       1.5333
      73       1.5845
      74       1.5455
      75       1.6164
      76       1.5523
      77       1.3946
      78       1.4432
      79       1.4705
      80       1.4365
      81       1.4826
      82       1.5297
      83       1.4835
      84       1.5089
      85       1.4645
      86       1.3871
      87       1.3601
      88       1.4232
      89       1.3348
      90       1.2730
      91       1.2979
      92       1.3698
      93       1.2945
      94       1.3854
      95       1.3498
      96       1.3191
      97       1.4685
      98       1.3702
      99       1.3794
     100       1.3477
     101       1.3642
     102       1.3967
     103       1.5609
     104       1.6169
     105       1.7006
     106       1.4892
     107       1.4741
     108       1.6476
     109       1.7361
     110       1.5390
     111       1.5316
     112       1.6119
     113       1.5952
     114       1.5897
     115       1.6523
     116       1.6152
     117       1.6933
     118       1.7304
     119       1.6941
     120       1.4428
     121       1.4130
     122       1.3695
     123       1.8663
     124       1.5792
     125       1.6183
     126       1.6805
     127       1.5719
     128       1.5419
     129       1.4562
     130       1.4787
     131       1.5397
     132       1.3647
     133       1.5136
     134       1.5399
     135       1.4006
     136       1.4856
     137       1.4315
     138       1.3661
     139       1.3512
     140       1.3268
     141       1.3331
     142       1.4384
     143       1.3735
     144       1.4784
     145       1.2993
     146       1.1637
     147       1.3723
     148       1.4524
     149       1.4105
     150       1.3486
     151       1.2433
     152       1.2458
     153       1.2033
     154       1.2882
     155       1.4295
     156       1.3848
     157       1.3710
     158       1.4748
     159       1.3301
     160       1.2814
     161       1.3276
     162       1.3668
     163       1.4597
     164       1.3162
     165       1.4758
     166       1.5360
     167       1.5631
     168       1.3698
     169       1.4571
     170       1.4364
     171       1.5570
     172       1.3814
     173       1.3895
     174       1.4184
     175       1.5032
     176       1.3739
     177       1.4013
     178       1.3975
     179       1.3085
     180       1.4783
     181       1.4556
     182       1.3602
     183       1.3420
     184       1.3145
     185       1.3489
     186       1.2580
     187       1.2625
     188       1.3198
     189       1.2139
     190       1.4163
     191       1.3470
     192       1.3858
     193       1.4465
     194       1.4060
     195       1.4884
     196       1.5501
     197       1.5261
     198       1.4431
     199       1.3439
     200       1.3810
     201       1.3472
     202       1.3698
     203       1.3096
     204       1.3769
     205       1.3700
     206       1.4277
     207       1.3630
     208       1.4311
     209       1.5037
     210       1.3896
     211       1.4276
     212       1.2996
     213       1.3417
     214       1.2150
     215       1.2683
     216       1.2183
     217       1.2359
     218       1.2356
     219       1.1738
     220       1.2099
     221       1.1916
     222       1.1892
     223       1.2612
     224       1.3166
     225       1.4169
     226       1.1939
     227       1.2906
     228       1.2903
     229       1.1963
     230       1.1695
     231       1.2837
     232       1.2642
     233       1.2442
     234       1.3057
     235       1.2347
     236       1.1833
     237       1.1972
     238       1.2384
     239       1.1207
     240       1.1967
     241       1.1992
     242       1.3721
     243       1.2363
     244       1.2636
     245       1.1955
     246       1.2044
     247       1.2354
     248       1.1476
     249       1.1063
     250       1.3051
     251       1.2224
     252       1.2693
     253       1.2752
     254       1.2746
     255       1.1623
     256       1.3450
     257       1.2918
     258       1.2802
     259       1.3101
     260       1.3695
     261       1.2371
     262       1.2399
     263       1.3127
     264       1.2654
     265       1.3477
     266       1.2908
     267       1.3138
     268       1.2259
     269       1.1487
     270       1.3062
     271       1.1917
     272       1.2794
     273       1.2638
     274       1.2041
     275       1.2216
     276       1.2270
     277       1.2693
     278       1.1917
     279       1.1876
     280       1.1956
     281       1.3669
     282       1.2861
     283       1.3016
     284       1.4072
     285       1.3056
     286       1.3816
     287       1.3548
     288       1.2787
     289       1.2910
     290       1.3608
     291       1.3104
     292       1.2920
     293       1.3946
     294       1.3860
     295       1.4800
     296       1.5069
     297       1.4350
     298       1.5001
     299       1.3806
     300       1.4517
     301       1.4909
     302       1.5705
     303       1.6819
     304       1.6319
     305       1.4278
     306       1.3482
     307       1.5040
     308       1.5095
     309       1.6492
     310       1.5980
     311       1.6951
     312       1.5901
     313       1.6133
     314       1.5314
     315       1.5325
     316       1.5593
     317       1.6465
     318       1.4505
     319       1.6114
     320       1.4516
     321       1.5492
     322       1.5716
     323       1.6176
     324       1.5779
     325       1.5857
     326       1.4887
     327       1.4159
     328       1.4478
     329       1.6381
     330       1.4988
     331       1.6175
     332       1.5295
     333       1.4609
     334       1.6008
     335       1.4563
     336       1.5883
     337       1.4770
     338       1.4102
     339       1.5328
     340       1.5087
     341       1.5977
     342       1.5494
     343       1.5717
     344       1.5759
     345       1.5352
     346       1.5744
     347       1.5041
     348       1.6139
     349       1.7094
     350       1.6124
     351       1.4873
     352       1.5617
     353       1.6017
     354       1.6073
     355       1.7008
     356       1.5866
     357       1.5324
     358       1.5491
     359       1.5115
     360       1.5336
     361       1.6419
     362       1.7339
     363       1.5478
     364       1.6594
     365       1.6722
     366       1.6827
     367       1.7206
     368       1.6640
     369       1.6090
     370       1.6695
     371       1.6377
     372       1.6492
     373       1.6347
     374       1.6443
     375       1.5640
     376       1.5781
     377       1.6765
     378       1.6491
     379       1.6274
     380       1.6967
     381       1.5786
     382       1.5149
     383       1.6475
     384       1.6246
     385       1.6389
     386       1.5178
     387       1.6462
     388       1.6718
     389       1.5522
     390       1.6066
     391       1.5018
     392       1.4816
     393       1.5941
     394       1.6949
     395       1.6159
     396       1.6493
     397       1.5851
     398       1.6685
     399       1.5202
     400       1.4893
     401       1.6733
     402       1.6612
     403       1.6325
     404       1.8228
     405       1.7988
     406       1.8180
     407       1.7416
     408       1.6937
     409       1.7193
     410       1.7466
     411       1.6580
     412       1.5020
     413       1.6885
     414       1.6134
     415       1.6078
     416       1.5217
     417       1.6885
     418       1.4805
     419       1.7783
     420       1.6498
     421       1.7120
     422       1.7504
     423       1.6684
     424       1.6595
     425       1.6815
     426       1.6855
     427       1.5054
     428       1.5896
     429       1.6786
     430       1.4069
     431       1.5661
     432       1.6197
     433       1.7400
     434       1.7929
     435       1.7497
     436       1.7197
     437       1.7932
     438       1.7444
     439       1.6873
     440       1.5998
     441       1.6656
     442       1.5606
     443       1.6072
     444       1.4960
     445       1.5541
     446       1.5666
     447       1.5649
     448       1.5014
     449       1.6620
     450       1.7176
     451       1.6370
     452       1.7142
     453       1.7020
     454       1.6832
     455       1.4706
     456       1.5852
     457       1.7408
     458       1.7890
     459       1.7364
     460       1.7960
     461       1.7630
     462       1.6868
     463       1.9128
     464       1.7921
     465       1.7651
     466       1.6812
     467       1.5912
     468       1.6185
     469       1.6415
     470       1.7692
     471       1.7493
     472       1.9340
     473       1.6728
     474       2.0221
     475       1.8846
     476       1.9322
     477       1.9246
     478       1.9882
     479       1.8537
     480       1.9824
     481       1.9888
     482       1.9393
     483       2.0643
     484       2.0684
     485       1.8130
     486       1.7805
     487       1.7192
     488       1.8027
     489       1.8661
     490       1.8917
     491       1.8444
     492       1.7629
     493       1.7101
     494       1.7982
     495       1.8414
     496       1.7654
     497       1.6936
     498       1.6083
     499       1.7942
     500       1.8719
     501       1.9081
     502       1.7743
     503       1.8565
     504       1.8295
     505       1.9202
     506       1.7314
     507       1.9357
     508       1.8299
     509       1.8148
     510       1.9888
     511       1.8235
     512       1.7705
     513       1.8365
     514       1.9642
     515       1.8138
     516       1.8789
     517       1.8508
     518       1.9357
     519       2.0494
     520       2.0416
     521       1.9162
     522       1.9488
     523       1.8254
     524       1.8135
     525       1.8137
     526       1.8328
     527       1.9263
     528       1.9000
     529       1.8809
     530       1.8050
     531       1.7385
     532       1.7855
     533       1.7981
     534       1.8164
     535       1.7774
     536       1.8700
     537       1.8566
     538       1.8996
     539       1.8936
     540       1.8713
     541       1.9381
     542       1.9251
     543       1.9341
     544       1.8692
     545       1.8813
     546       1.7976
     547       1.7687
     548       1.7356
     549       1.7313
     550       1.8224
     551       1.7326
     552       1.7515
     553       1.7108
     554       1.6899
     555       1.8034
     556       1.7763
     557       1.7085
     558       1.6932
     559       1.6550
     560       1.7029
     561       1.8376
     562       1.7786
     563       1.8366
     564       1.7421
     565       1.6917
     566       1.8356
     567       1.7949
     568       1.8341
     569       1.9355
     570       1.7392
     571       1.7459
     572       1.8457
     573       1.8475
     574       1.8720
     575       1.7918
     576       1.8394
     577       1.8515
     578       1.7690
     579       1.7892
     580       1.7406
     581       1.7033
     582       1.7712
     583       1.6949
     584       1.8464
     585       1.8685
     586       1.7760
     587       1.9922
     588       1.6769
     589       1.7641
     590       1.7257
     591       1.6952
     592       1.8290
     593       1.7351
     594       1.9301
     595       2.0261
     596       2.1192
     597       1.8707
     598       1.9266
     599       1.9923
     600       1.8810
     601       1.8384
     602       1.7212
     603       1.7795
     604       1.8631
     605       1.7835
     606       1.8105
     607       1.6681
     608       1.7539
     609       1.6376
     610       1.7717
     611       1.7239
     612       1.7614
     613       1.7488
     614       1.7463
     615       1.6783
     616       1.8007
     617       1.6698
     618       1.7609
     619       1.6720
     620       1.7314
     621       1.6131
     622       1.8140
     623       1.7093
     624       1.8110
     625       1.8122
     626       1.7374
     627       1.7489
     628       1.7221
     629       1.7632
     630       1.8109
     631       1.6883
     632       1.7446
     633       1.6358
     634       1.7107
     635       1.7292
     636       1.6712
     637       1.6714
     638       1.6129
     639       1.6414
     640       1.6943
     641       1.6587
     642       1.6815
     643       1.7247
     644       1.7658
     645       1.6685
     646       1.6385
     647       1.7099
     648       1.7067
     649       1.7523
     650       1.7136
     651       1.7582
     652       1.7768
     653       1.7807
     654       1.8091
     655       1.7594
     656       1.7585
     657       1.7153
     658       1.7815
     659       1.7448
     660       1.6839
     661       1.6449
     662       1.6926
     663       1.6934
     664       1.6717
     665       1.7915
     666       1.7765
     667       1.7107
     668       1.7147
     669       1.6700
     670       1.7742
     671       1.6144
     672       1.6360
     673       1.6886
     674       1.6600
     675       1.7790
     676       1.7325
     677       1.7068
     678       1.7035
     679       1.7674
     680       1.7520
     681       1.6024
     682       1.7299
     683       1.7881
     684       1.6919
     685       1.7214
     686       1.6133
     687       1.6535
     688       1.7013
     689       1.7585
     690       1.7621
     691       1.6784
     692       1.6537
     693       1.6691
     694       1.7170
     695       1.6640
     696       1.6211
     697       1.6598
     698       1.6620
     699       1.6386
     700       1.6546
     701       1.6886
     702       1.6346
     703       1.6319
     704       1.7235
     705       1.7583
     706       1.7543
     707       1.6717
     708       1.7206
     709       1.6789
     710       1.7710
     711       1.6466
     712       1.8378
     713       1.6241
     714       1.7453
     715       1.7725
     716       1.8614
     717       1.7416
     718       1.7430
     719       1.7163
     720       1.5818
     721       1.6761
     722       1.7474
     723       1.7921
     724       1.6437
     725       1.7219
     726       1.8819
     727       1.7197
     728       1.7438
     729       1.7932
     730       1.7499
     731       1.6496
     732       1.7721
     733       1.7666
     734       1.6877
     735       1.8780
     736       1.8134
     737       1.9409
     738       1.9096
     739       1.7704
     740       1.8646
     741       1.8567
     742       1.8154
     743       1.6741
     744       1.8286
     745       1.7717
     746       1.7432
     747       1.6953
     748       1.7880
     749       1.9061
     750       1.8839
     751       1.8638
     752       1.8672
     753       1.9244
     754       1.8286
     755       1.9216
     756       1.8537
     757       1.8358
     758       1.8469
     759       1.8215
     760       1.8336
     761       1.8790
     762       1.7709
     763       1.8199
     764       1.8185
     765       1.8420
     766       1.7951
     767       1.8292
     768       1.8513
     769       1.8536
     770       1.8025
     771       1.8794
     772       1.8249
     773       1.8471
     774       1.8625
     775       1.8509
     776       1.8619
     777       1.8685
     778       1.8077
     779       1.8246
     780       1.7568
     781       1.7742
     782       1.7502
     783       1.5652
     784       1.6964
     785       1.7163
     786       1.6815
     787       1.7319
     788       1.6362
     789       1.7593
     790       1.7673
     791       1.8127
     792       1.7024
     793       1.6951
     794       1.7736
     795       1.7747
     796       1.6630
     797       1.6118
     798       1.7234
     799       1.6081
     800       1.6733
     801       1.6112
     802       1.7210
     803       1.7609
     804       1.8012
     805       1.7332
     806       1.8068
     807       1.7999
     808       1.8261
     809       1.7335
     810       1.8335
     811       1.8058
     812       1.7941
     813       1.8081
     814       1.7447
     815       1.8222
     816       1.7456
     817       1.7521
     818       1.6805
     819       1.6788
     820       1.7943
     821       1.7862
     822       1.7761
     823       1.8575
     824       1.8893
     825       1.7680
     826       1.8627
     827       1.8817
     828       1.8137
     829       1.8804
     830       1.7735
     831       1.9265
     832       1.8443
     833       1.8921
     834       1.8092
     835       1.8552
     836       1.8662
     837       1.8877
     838       1.8037
     839       1.7744
     840       1.8240
     841       1.7776
     842       1.7515
     843       1.8170
     844       1.7661
     845       1.7909
     846       1.8278
     847       1.8247
     848       1.7036
     849       1.7941
     850       1.7947
     851       1.7976
     852       1.7388
     853       1.7173
     854       1.6959
     855       1.8013
     856       1.8154
     857       1.7705
     858       1.7666
     859       1.7285
     860       1.8104
     861       1.9054
     862       1.7958
     863       1.7682
     864       1.7413
     865       1.8347
     866       1.7658
     867       1.6525
     868       1.8377
     869       1.7628
     870       1.7714
     871       1.8147
     872       1.8846
     873       1.8491
     874       1.8089
     875       1.8592
     876       1.7495
     877       1.7150
     878       1.7839
     879       1.7588
     880       1.8124
     881       1.7390
     882       1.7901
     883       1.7724
     884       1.7048
     885       1.8848
     886       1.7632
     887       1.8175
     888       1.6820
     889       1.6972
     890       1.6621
     891       1.6828
     892       1.6519
     893       1.6795
     894       1.6849
     895       1.7563
     896       1.6856
     897       1.7899
     898       1.7196
     899       1.7284
     900       1.6779
     901       1.6807
     902       1.7479
     903       1.6893
     904       1.7774
     905       1.7687
     906       1.7256
     907       1.7462
     908       1.8688
     909       1.6915
     910       1.7695
     911       1.7964
     912       1.8191
     913       1.7804
     914       1.7561
     915       1.7972
     916       1.7581
     917       1.8239
     918       1.7449
     919       1.7740
     920       1.7681
     921       1.8538
     922       1.8629
     923       1.7959
     924       1.6205
     925       1.7932
     926       1.6840
     927       1.6121
     928       1.6431
     929       1.7193
     930       1.6073
     931       1.7498
     932       1.6864
     933       1.7712
     934       1.8726
     935       1.7582
     936       1.7109
     937       1.7288
     938       1.8564
     939       1.7478
     940       1.8989
     941       1.7721
     942       1.9325
     943       1.7840
     944       1.9365
     945       1.8886
     946       1.8130
     947       1.9236
     948       1.8183
     949       1.8380
     950       1.8447
     951       1.8224
     952       1.8475
     953       1.8268
     954       1.7893
     955       1.8749
     956       1.8251
     957       1.9157
     958       1.8165
     959       1.8455
     960       1.8085
     961       1.8311
     962       1.7527
     963       1.7464
     964       1.9456
     965       1.7577
     966       1.9507
     967       1.8449
     968       1.8334
     969       1.7505
     970       1.8483
     971       1.7765
     972       1.8490
     973       1.8715
     974       1.9386
     975       1.8549
     976       1.9418
     977       1.8517
     978       1.8198
     979       1.7809
     980       1.8907
     981       1.7394
     982       1.7775
     983       1.9337
     984       1.8467
     985       1.8078
     986       1.7756
     987       1.8209
     988       1.9270
     989       1.7794
     990       1.8155
     991       1.8423
     992       1.7718
     993       1.8962
     994       1.8031
     995       1.8297
     996       1.9112
     997       1.8055
     998       1.9276
     999       1.8483
    1000       1.8318
    1001       1.8222
    1002       1.7642
    1003       1.8551
    1004       1.8807
    1005       1.8611
    1006       1.7880
    1007       1.8029
    1008       1.8631
    1009       1.7791
    1010       1.7634
    1011       1.7980
    1012       1.9326
    1013       1.8876
    1014       1.9182
    1015       1.8538
    1016       1.8231
    1017       1.7409
    1018       1.7187
    1019       1.8029
    1020       1.7930
    1021       1.8644
    1022       1.8176
    1023       1.8553
    1024       1.7903
    1025       1.9398
    1026       1.7947
    1027       1.8184
    1028       1.9000
    1029       1.8960
    1030       1.9082
    1031       1.7654
    1032       1.8739
    1033       1.8562
    1034       1.8078
    1035       1.8185
    1036       1.9095
    1037       1.9677
    1038       1.9036
    1039       1.8757
    1040       1.8539
    1041       1.9173
    1042       1.8952
    1043       1.8065
    1044       1.8289
    1045       1.8628
    1046       1.9275
    1047       1.8286
    1048       1.8335
    1049       1.7820
    1050       1.6906
    1051       1.8825
    1052       1.7547
    1053       1.8872
    1054       1.8050
    1055       1.7961
    1056       1.8785
    1057       1.8495
    1058       1.7616
    1059       1.7306
    1060       1.8507
    1061       1.8846
    1062       1.7688
    1063       1.8065
    1064       1.7765
    1065       1.8612
    1066       1.8983
    1067       1.8643
    1068       1.9714
    1069       1.7402
    1070       1.8908
    1071       1.8877
    1072       1.7145
    1073       1.7859
    1074       1.7792
    1075       1.8998
    1076       1.7951
    1077       1.7276
    1078       1.8014
    1079       1.8706
    1080       1.9326
    1081       1.8052
    1082       1.8583
    1083       1.8021
    1084       1.8349
    1085       1.8492
    1086       1.8611
    1087       1.8785
    1088       1.9044
    1089       1.8913
    1090       1.9674
    1091       1.7548
    1092       1.9123
    1093       1.7754
    1094       1.8075
    1095       1.7952
    1096       1.7494
    1097       1.8738
    1098       1.8420
    1099       1.8713
    1100       1.7297
    1101       1.8007
    1102       1.7523
    1103       1.6639
    1104       1.7974
    1105       1.7005
    1106       1.7780
    1107       1.7723
    1108       1.8267
    1109       1.8184
    1110       1.7627
    1111       1.7560
    1112       1.7581
    1113       1.6905
    1114       1.8720
    1115       1.6963
    1116       1.7331
    1117       1.7682
    1118       1.7293
    1119       1.7621
    1120       1.7797
    1121       1.7414
    1122       1.7423
    1123       1.7107
    1124       1.7027
    1125       1.7404
    1126       1.6470
    1127       1.7782
    1128       1.7910
    1129       1.8496
    1130       1.7928
    1131       1.7536
    1132       1.7769
    1133       1.8547
    1134       1.8173
    1135       1.9223
    1136       1.8463
    1137       1.7997
    1138       1.8953
    1139       1.8159
    1140       1.8003
    1141       1.7602
    1142       1.6837
    1143       1.7519
    1144       1.8659
    1145       1.8248
    1146       1.8592
    1147       1.7967
    1148       1.9503
    1149       1.8481
    1150       1.8886
    1151       1.8074
    1152       1.8658
    1153       1.8455
    1154       1.7968
    1155       1.9163
    1156       1.8252
    1157       1.7270
    1158       1.8801
    1159       1.8124
    1160       1.7494
    1161       1.8105
    1162       1.8202
    1163       1.7632
    1164       1.7058
    1165       1.8353
    1166       1.7311
    1167       1.8240
    1168       1.8425
    1169       1.7649
    1170       1.7449
    1171       1.7393
    1172       1.6971
    1173       1.7353
    1174       1.8121
    1175       1.6930
    1176       1.8712
    1177       1.7921
    1178       1.7890
    1179       1.8516
    1180       1.8587
    1181       1.8144
    1182       1.8693
    1183       1.7658
    1184       1.8647
    1185       1.6706
    1186       1.7120
    1187       1.9864
    1188       1.6666
    1189       1.8273
    1190       1.8713
    1191       1.8078
    1192       1.6671
    1193       1.7210
    1194       1.6991
    1195       1.6846
    1196       1.6955
    1197       1.7329
    1198       1.6969
    1199       1.8002
    1200       1.8555
    1201       1.7780
    1202       1.7768
    1203       1.7415
    1204       1.7533
    1205       1.5997
    1206       1.7075
    1207       1.7257
    1208       1.7321
    1209       1.8917
    1210       1.7270
    1211       1.7695
    1212       1.8134
    1213       1.7031
    1214       1.7460
    1215       1.8876
    1216       1.8646
    1217       1.8313
    1218       1.8510
    1219       1.8452
    1220       1.8500
    1221       1.9093
    1222       1.9692
    1223       1.9194
    1224       1.8156
    1225       1.7440
    1226       2.0891
    1227       1.8241
    1228       1.9276
    1229       1.7872
    1230       1.8586
    1231       1.7430
    1232       1.8500
    1233       1.9513
    1234       1.9694
    1235       1.9370
    1236       1.8441
    1237       1.7558
    1238       1.7528
    1239       1.8568
    1240       1.8676
    1241       1.7848
    1242       1.8521
    1243       1.8618
    1244       1.8101
    1245       1.8728
    1246       1.7590
    1247       1.7855
    1248       1.8709
    1249       1.8296
    1250       1.7809
    1251       1.8796
    1252       1.9231
    1253       1.8905
    1254       1.8710
    1255       1.8318
    1256       1.7661
    1257       1.8645
    1258       1.8315
    1259       1.8664
    1260       1.9657
    1261       1.8802
    1262       1.8749
    1263       1.8225
    1264       1.8602
    1265       1.8229
    1266       1.8406
    1267       1.8605
    1268       1.9788
    1269       1.7781
    1270       1.7998
    1271       1.7518
    1272       1.7407
    1273       1.7924
    1274       1.8059
    1275       1.6972
    1276       1.8973
    1277       1.8298
    1278       1.6722
    1279       1.6688
    1280       1.6598
    1281       1.6846
    1282       1.7068
    1283       1.7869
    1284       1.7147
    1285       1.7130
    1286       1.7393
    1287       1.6633
    1288       1.7077
    1289       1.6210
    1290       1.7763
    1291       1.6869
    1292       1.8338
    1293       1.7022
    1294       1.7362
    1295       1.7931
    1296       1.8147
    1297       1.9495
    1298       1.7643
    1299       1.8706
    1300       1.8430
    1301       1.8114
    1302       1.8410
    1303       1.8427
    1304       1.7495
    1305       1.7433
    1306       1.7473
    1307       1.6837
    1308       1.7558
    1309       1.7162
    1310       1.7370
    1311       1.8050
    1312       1.8561
    1313       1.7976
    1314       1.6553
    1315       1.7388
    1316       1.8788
    1317       1.8167
    1318       1.7326
    1319       1.8073
    1320       1.8310
    1321       1.8957
    1322       1.8393
    1323       1.7758
    1324       1.7592
    1325       1.8419
    1326       1.8212
    1327       1.8236
    1328       1.7419
    1329       1.8095
    1330       1.7132
    1331       1.8146
    1332       1.7750
    1333       1.8786
    1334       1.8040
    1335       1.8152
    1336       1.6815
    1337       1.8392
    1338       1.8321
    1339       1.8117
    1340       1.8887
    1341       1.7507
    1342       1.8806
    1343       1.8119
    1344       1.7766
    1345       1.8527
    1346       1.9115
    1347       1.9264
    1348       2.0261
    1349       1.9136
    1350       1.9275
    1351       1.9752
    1352       1.8391
    1353       1.8426
    1354       1.8868
    1355       1.9094
    1356       1.8951
    1357       1.7536
    1358       1.8345
    1359       1.8120
    1360       1.7927
    1361       1.7354
    1362       1.7833
    1363       1.8217
    1364       1.8162
    1365       1.7412
    1366       1.8307
    1367       1.8116
    1368       1.9207
    1369       1.8260
    1370       1.8916
    1371       1.9281
    1372       1.7900
    1373       1.8521
    1374       1.9286
    1375       1.8443
    1376       1.8303
    1377       1.7723
    1378       2.0365
    1379       1.8341
    1380       1.7066
    1381       1.9013
    1382       1.9618
    1383       1.8655
    1384       1.8966
    1385       1.9265
    1386       1.9188
    1387       1.9092
    1388       1.8770
    1389       1.8040
    1390       1.8178
    1391       1.7080
    1392       1.8477
    1393       1.7448
    1394       1.8790
    1395       1.8168
    1396       1.7966
    1397       1.8184
    1398       1.9507
    1399       1.8687
    1400       1.8518
    1401       1.8146
    1402       1.8728
    1403       1.8533
    1404       1.7973
    1405       1.7828
    1406       1.7563
    1407       1.8556
    1408       1.8220
    1409       1.8188
    1410       1.8009
    1411       1.7277
    1412       1.8509
    1413       1.8564
    1414       1.8670
    1415       1.8441
    1416       1.8134
    1417       1.8725
    1418       1.6618
    1419       1.7833
    1420       1.7121
    1421       1.7256
    1422       1.6999
    1423       1.8280
    1424       1.8836
    1425       1.8255
    1426       1.8388
    1427       1.8313
    1428       1.7762
    1429       1.6776
    1430       1.7853
    1431       1.6918
    1432       1.7649
    1433       1.7172
    1434       1.7736
    1435       1.7391
    1436       1.7770
    1437       1.8391
    1438       1.9120
    1439       1.8939
    1440       1.7665
    1441       1.6920
    1442       1.7274
    1443       1.7771
    1444       1.7600
    1445       1.8664
    1446       1.6851
    1447       1.7095
    1448       1.7291
    1449       1.8118
    1450       1.7276
    1451       1.6790
    1452       1.7258
    1453       1.8588
    1454       1.7521
    1455       1.8357
    1456       1.7988
    1457       1.6821
    1458       1.9816
    1459       1.7664
    1460       1.7603
    1461       1.7145
    1462       1.5872
    1463       1.7247
    1464       1.8424
    1465       1.8456
    1466       1.6940
    1467       1.7585
    1468       1.8540
    1469       1.7244
    1470       1.7931
    1471       1.8841
    1472       1.7983
    1473       1.6754
    1474       1.7752
    1475       1.7932
    1476       1.6698
    1477       1.7893
    1478       1.7651
    1479       1.8221
    1480       1.7952
    1481       1.7520
    1482       1.7847
    1483       1.6726
    1484       1.8616
    1485       1.7930
    1486       1.7545
    1487       1.7816
    1488       1.7075
    1489       1.6709
    1490       1.6459
    1491       1.7502
    1492       1.6447
    1493       1.8141
    1494       1.8161
    1495       1.8328
    1496       1.7930
    1497       1.8934
    1498       1.8599
    1499       1.8050
    1500       1.8167
    1501       1.8530
    1502       1.9480
    1503       1.9599
    1504       1.9263
    1505       1.8510
    1506       1.7769
    1507       1.8188
    1508       1.8892
    1509       1.8883
    1510       1.7717
    1511       1.8607
    1512       1.9135
    1513       1.8291
    1514       1.9065
    1515       1.8443
    1516       1.9170
    1517       1.8302
    1518       1.7978
    1519       1.7568
    1520       1.7575
    1521       1.7045
    1522       1.7313
    1523       1.7701
    1524       1.7253
    1525       1.8542
    1526       1.8118
    1527       1.7902
    1528       1.8141
    1529       1.8018
    1530       1.7353
    1531       1.7404
    1532       1.8187
    1533       1.8616
    1534       1.9424
    1535       1.9351
    1536       1.9326
    1537       1.7729
    1538       1.8103
    1539       1.9156
    1540       1.8971
    1541       1.7934
    1542       1.8202
    1543       1.7912
    1544       1.8126
    1545       1.7354
    1546       1.7888
    1547       1.8436
    1548       1.7933
    1549       1.7552
    1550       1.7602
    1551       1.7234
    1552       1.7553
    1553       1.7200
    1554       1.7814
    1555       1.7077
    1556       1.7106
    1557       1.7406
    1558       1.7841
    1559       1.7050
    1560       1.7110
    1561       1.6267
    1562       1.7317
    1563       1.7981
    1564       1.7215
    1565       1.6443
    1566       1.6149
    1567       1.6829
    1568       1.8726
    1569       1.7940
    1570       1.7354
    1571       1.7139
    1572       1.7384
    1573       1.6506
    1574       1.6954
    1575       1.7285
    1576       1.7826
    1577       1.6875
    1578       1.7281
    1579       1.6923
    1580       1.7224
    1581       1.6943
    1582       1.8128
    1583       1.6942
    1584       1.7340
    1585       1.8005
    1586       1.7543
    1587       1.8856
    1588       1.8571
    1589       1.7735
    1590       1.8150
    1591       1.7571
    1592       1.7630
    1593       1.8474
    1594       1.8513
    1595       1.9071
    1596       1.7723
    1597       1.8705
    1598       1.8257
    1599       1.7039
    1600       1.8155
    1601       1.9283
    1602       1.8649
    1603       1.7977
    1604       1.8243
    1605       1.7402
    1606       1.8176
    1607       1.8437
    1608       1.7243
    1609       1.7806
    1610       1.7149
    1611       1.8046
    1612       1.8004
    1613       1.7416
    1614       1.7573
    1615       1.8236
    1616       1.7061
    1617       1.7963
    1618       1.6756
    1619       1.7788
    1620       1.8530
    1621       1.7740
    1622       1.7288
    1623       1.6768
    1624       1.6815
    1625       1.8185
    1626       1.7130
    1627       1.6880
    1628       1.6121
    1629       1.7305
    1630       1.6967
    1631       1.7175
    1632       1.7773
    1633       1.8017
    1634       1.6777
    1635       1.7161
    1636       1.7407
    1637       1.6695
    1638       1.6870
    1639       1.6919
    1640       1.8046
    1641       1.7714
    1642       1.7365
    1643       1.7249
    1644       1.7832
    1645       1.9566
    1646       1.9283
    1647       1.7215
    1648       1.8101
    1649       1.7981
    1650       1.7445
    1651       1.7320
    1652       1.8590
    1653       1.7463
    1654       1.8144
    1655       1.6999
    1656       1.7325
    1657       1.8093
    1658       1.6364
    1659       1.7292
    1660       1.6546
    1661       1.7948
    1662       1.8338
    1663       1.7315
    1664       1.7821
    1665       1.7533
    1666       1.6738
    1667       1.7399
    1668       1.6387
    1669       1.6165
    1670       1.7135
    1671       1.6346
    1672       1.7187
    1673       1.6411
    1674       1.6257
    1675       1.6306
    1676       1.6277
    1677       1.6877
    1678       1.6388
    1679       1.6611
    1680       1.7408
    1681       1.6538
    1682       1.6869
    1683       1.6780
    1684       1.7118
    1685       1.8090
    1686       1.7040
    1687       1.6563
    1688       1.5659
    1689       1.6134
    1690       1.6970
    1691       1.5558
    1692       1.8026
    1693       1.6475
    1694       1.6415
    1695       1.7536
    1696       1.7188
    1697       1.4980
    1698       1.6500
    1699       1.6260
    1700       1.5164
    1701       1.6136
    1702       1.5323
    1703       1.5411
    1704       1.6987
    1705       1.6491
    1706       1.5878
    1707       1.5106
    1708       1.6196
    1709       1.6118
    1710       1.6250
    1711       1.5953
    1712       1.5956
    1713       1.5664
    1714       1.5923
    1715       1.5236
    1716       1.5328
    1717       1.5194
    1718       1.6029
    1719       1.6295
    1720       1.5525
    1721       1.5671
    1722       1.5055
    1723       1.6592
    1724       1.6237
    1725       1.5655
    1726       1.6696
    1727       1.6047
    1728       1.7239
    1729       1.6595
    1730       1.6745
    1731       1.6752
    1732       1.6312
    1733       1.6430
    1734       1.5891
    1735       1.6276
    1736       1.5207
    1737       1.7548
    1738       1.5133
    1739       1.6246
    1740       1.7007
    1741       1.5844
    1742       1.5886
    1743       1.6286
    1744       1.5415
    1745       1.6030
    1746       1.5940
    1747       1.6605
    1748       1.6130
    1749       1.5849
    1750       1.5705
    1751       1.6218
    1752       1.5490
    1753       1.5753
    1754       1.6259
    1755       1.6923
    1756       1.6826
    1757       1.5578
    1758       1.6451
    1759       1.6819
    1760       1.6436
    1761       1.6521
    1762       1.5970
    1763       1.5248
    1764       1.5088
    1765       1.6782
    1766       1.5684
    1767       1.6865
    1768       1.5898
    1769       1.5237
    1770       1.5471
    1771       1.5967
    1772       1.6281
    1773       1.7841
    1774       1.6568
    1775       1.5565
    1776       1.6596
    1777       1.6015
    1778       1.7264
    1779       1.6186
    1780       1.5810
    1781       1.6810
    1782       1.7097
    1783       1.7374
    1784       1.6305
    1785       1.6074
    1786       1.6863
    1787       1.6461
    1788       1.5615
    1789       1.6770
    1790       1.5926
    1791       1.6043
    1792       1.6193
    1793       1.6208
    1794       1.7166
    1795       1.5949
    1796       1.6556
    1797       1.7343
    1798       1.7806
    1799       1.7201
    1800       1.7385
    1801       1.6437
    1802       1.5260
    1803       1.5752
    1804       1.6109
    1805       1.6348
    1806       1.5677
    1807       1.6050
    1808       1.7024
    1809       1.5893
    1810       1.6791
    1811       1.7253
    1812       1.7435
    1813       1.6396
    1814       1.6903
    1815       1.6183
    1816       1.6880
    1817       1.5970
    1818       1.5268
    1819       1.6883
    1820       1.6239
    1821       1.6549
    1822       1.6044
    1823       1.7095
    1824       1.6597
    1825       1.7359
    1826       1.6013
    1827       1.6352
    1828       1.6644
    1829       1.6479
    1830       1.5934
    1831       1.5826
    1832       1.6941
    1833       1.6545
    1834       1.6160
    1835       1.6906
    1836       1.6937
    1837       1.5825
    1838       1.7219
    1839       1.7673
    1840       1.6176
    1841       1.6418
    1842       1.6821
    1843       1.6051
    1844       1.6797
    1845       1.6530
    1846       1.8464
    1847       1.8669
    1848       1.8870
    1849       1.8201
    1850       1.8953
    1851       1.7357
    1852       1.7508
    1853       1.7113
    1854       1.7692
    1855       1.7814
    1856       1.6994
    1857       1.7402
    1858       1.6921
    1859       1.8408
    1860       1.8338
    1861       1.8580
    1862       1.8312
    1863       1.7949
    1864       1.8657
    1865       1.7126
    1866       1.7423
    1867       1.9531
    1868       1.8959
    1869       1.7275
    1870       1.9481
    1871       1.8221
    1872       1.8787
    1873       1.9994
    1874       1.9356
    1875       1.9790
    1876       1.8383
    1877       1.8505
    1878       1.8699
    1879       1.8094
    1880       1.8521
    1881       1.8215
    1882       1.6653
    1883       1.8354
    1884       1.8490
    1885       1.8498
    1886       1.7526
    1887       1.7739
    1888       1.7623
    1889       1.8654
    1890       1.8343
    1891       1.6895
    1892       1.8451
    1893       1.7086
    1894       1.7908
    1895       1.8525
    1896       1.8772
    1897       1.7716
    1898       1.7922
    1899       1.7255
    1900       1.8669
    1901       1.8341
    1902       1.6789
    1903       1.8115
    1904       1.8992
    1905       1.8790
    1906       1.7915
    1907       1.6884
    1908       1.7752
    1909       1.7834
    1910       1.7732
    1911       1.7413
    1912       1.6869
    1913       1.8076
    1914       1.7360
    1915       1.6859
    1916       1.8633
    1917       1.8057
    1918       1.8402
    1919       1.8028
    1920       1.8086
    1921       1.9052
    1922       1.8585
    1923       1.8274
    1924       1.8701
    1925       1.7795
    1926       1.9765
    1927       1.7831
    1928       1.7817
    1929       1.7819
    1930       1.8368
    1931       1.8833
    1932       1.8321
    1933       1.8271
    1934       1.9024
    1935       1.9857
    1936       1.7412
    1937       1.7009
    1938       1.6862
    1939       1.7841
    1940       1.7721
    1941       1.8513
    1942       1.7727
    1943       1.8088
    1944       1.9417
    1945       1.9853
    1946       1.7573
    1947       1.8466
    1948       1.8172
    1949       1.6785
    1950       1.8606
    1951       1.8135
    1952       1.8403
    1953       1.7395
    1954       1.7455
    1955       1.8870
    1956       1.8207
    1957       1.9516
    1958       1.7922
    1959       1.7942
    1960       1.7865
    1961       1.8834
    1962       1.8827
    1963       1.7650
    1964       1.7264
    1965       1.8156
    1966       1.7902
    1967       1.7165
    1968       1.7496
    1969       1.7613
    1970       1.7839
    1971       1.7397
    1972       1.7056
    1973       1.6791
    1974       1.7124
    1975       1.7142
    1976       1.8140
    1977       1.6327
    1978       1.6871
    1979       1.7500
    1980       1.8384
    1981       1.6650
    1982       1.8363
    1983       1.7360
    1984       1.7075
    1985       1.8072
    1986       1.7341
    1987       1.7231
    1988       1.6909
    1989       1.6279
    1990       1.8722
    1991       1.8216
    1992       1.6624
    1993       1.7580
    1994       1.7271
    1995       1.8498
    1996       1.7816
    1997       1.8021
    1998       1.7409
    1999       1.7847
    2000       1.7920
    2001       1.8086
    2002       1.7744
    2003       1.8446
    2004       1.8007
    2005       2.0444
    2006       1.9183
    2007       1.7227
    2008       1.8936
    2009       1.7841
    2010       1.7030
    2011       1.8479
    2012       1.7426
    2013       1.7096
    2014       1.9007
    2015       1.8592
    2016       1.8529
    2017       1.7829
    2018       1.9452
    2019       1.8761
    2020       1.8350
    2021       1.8036
    2022       1.8183
    2023       1.9143
    2024       1.9349
    2025       1.9275
    2026       1.9298
    2027       1.8454
    2028       1.8894
    2029       1.8847
    2030       1.8405
    2031       1.8209
    2032       1.7482
    2033       1.8673
    2034       1.8535
    2035       1.8503
    2036       1.8310
    2037       1.8537
    2038       1.8016
    2039       1.7875
    2040       1.7305
    2041       1.8052
    2042       1.8858
    2043       1.8324
    2044       1.8056
    2045       1.7685
    2046       1.7730
    2047       1.7241
    2048       1.6989
    2049       1.7936
    2050       1.6482
    2051       1.8038
    2052       1.7404
    2053       1.8180
    2054       1.7648
    2055       1.8312
    2056       1.7203
    2057       1.7012
    2058       1.7420
    2059       1.7765
    2060       1.7559
    2061       1.7914
    2062       1.7444
    2063       1.9567
    2064       1.7632
    2065       1.8342
    2066       1.7158
    2067       1.8319
    2068       1.7589
    2069       1.7647
    2070       1.8206
    2071       1.8485
    2072       1.8327
    2073       1.7940
    2074       1.7777
    2075       1.9462
    2076       1.7579
    2077       1.7856
    2078       1.7842
    2079       1.7097
    2080       1.8063
    2081       1.8115
    2082       1.8716
    2083       1.7490
    2084       1.8761
    2085       1.7693
    2086       1.7504
    2087       1.7899
    2088       1.8059
    2089       1.7343
    2090       1.8722
    2091       1.7551
    2092       1.6887
    2093       1.8648
    2094       1.8140
    2095       1.8478
    2096       1.7853
    2097       1.7971
    2098       1.7612
    2099       1.7918
    2100       1.7666
    2101       1.8457
    2102       1.8377
    2103       1.7316
    2104       1.8691
    2105       1.7257
    2106       1.6655
    2107       1.8375
    2108       1.8108
    2109       1.7501
    2110       1.7866
    2111       1.7506
    2112       1.6962
    2113       1.8893
    2114       1.8033
    2115       1.7228
    2116       1.8671
    2117       1.8372
    2118       1.7843
    2119       1.8725
    2120       1.7909
    2121       1.8861
    2122       1.7493
    2123       1.8548
    2124       1.6982
    2125       1.7697
    2126       1.8078
    2127       1.8889
    2128       1.8564
    2129       1.7640
    2130       1.7179
    2131       1.9030
    2132       1.8550
    2133       1.8209
    2134       1.7139
    2135       1.8614
    2136       1.7637
    2137       1.7671
    2138       1.7939
    2139       1.7372
    2140       1.6731
    2141       1.7100
    2142       1.7812
    2143       1.7293
    2144       1.8523
    2145       1.8671
    2146       1.8777
    2147       1.8497
    2148       1.7559
    2149       1.7933
    2150       1.8257
    2151       1.7830
    2152       1.7206
    2153       1.7510
    2154       1.8326
    2155       1.7966
    2156       1.8006
    2157       1.7679
    2158       1.8531
    2159       1.8635
    2160       1.7480
    2161       1.8964
    2162       1.7996
    2163       1.8009
    2164       1.7453
    2165       1.7255
    2166       1.7220
    2167       1.7580
    2168       1.7121
    2169       1.7973
    2170       1.7895
    2171       1.7927
    2172       1.7193
    2173       1.8287
    2174       1.7640
    2175       1.7835
    2176       1.8640
    2177       1.6782
    2178       1.7396
    2179       1.7474
    2180       1.7665
    2181       1.6675
    2182       1.8711
    2183       1.7743
    2184       1.7633
    2185       1.7415
    2186       1.7770
    2187       1.7770
    2188       1.6534
    2189       1.7568
    2190       1.7110
    2191       1.7222
    2192       1.7347
    2193       1.6361
    2194       1.6801
    2195       1.8512
    2196       1.7691
    2197       1.7272
    2198       1.6713
    2199       1.8873
    2200       1.7998
    2201       1.7837
    2202       1.8468
    2203       1.7533
    2204       1.6917
    2205       1.7109
    2206       1.7781
    2207       1.7371
    2208       1.8925
    2209       1.7864
    2210       1.8531
    2211       1.8160
    2212       1.8188
    2213       1.8134
    2214       1.8445
    2215       1.9426
    2216       1.9202
    2217       1.7699
    2218       1.8072
    2219       1.9670
    2220       1.9139
    2221       1.9496
    2222       1.8485
    2223       1.8456
    2224       1.7971
    2225       1.7766
    2226       1.6685
    2227       1.7333
    2228       1.8500
    2229       1.7563
    2230       1.8288
    2231       1.7369
    2232       1.7678
    2233       1.7204
    2234       1.7997
    2235       1.9250
    2236       1.8795
    2237       1.9505
    2238       1.7714
    2239       1.8154
    2240       1.8921
    2241       1.8330
    2242       1.7951
    2243       1.7170
    2244       1.8510
    2245       1.8386
    2246       1.8391
    2247       1.8776
    2248       1.8465
    2249       1.9250
    2250       1.8368
    2251       1.9693
    2252       1.8319
    2253       1.8031
    2254       1.9833
    2255       1.8638
    2256       1.8026
    2257       1.8963
    2258       1.8529
    2259       1.9150
    2260       1.8790
    2261       1.8404
    2262       1.9097
    2263       1.9629
    2264       1.8751
    2265       1.8328
    2266       1.8203
    2267       1.8695
    2268       1.6649
    2269       1.7806
    2270       1.8154
    2271       1.8442
    2272       1.8703
    2273       1.8718
    2274       1.6701
    2275       1.7061
    2276       1.8359
    2277       1.8210
    2278       1.8099
    2279       1.8970
    2280       1.9234
    2281       1.8451
    2282       1.8191
    2283       1.7934
    2284       1.7276
    2285       1.7983
    2286       1.8477
    2287       1.8397
    2288       1.8391
    2289       1.9838
    2290       1.8493
    2291       1.8155
    2292       1.8564
    2293       1.8042
    2294       1.8123
    2295       1.8082
    2296       1.7792
    2297       1.7997
    2298       1.7586
    2299       1.6803
    2300       1.6923
    2301       1.7651
    2302       1.7863
    2303       1.7406
    2304       1.7099
    2305       1.8008
    2306       1.6631
    2307       1.6305
    2308       1.8380
    2309       1.6985
    2310       1.7182
    2311       1.7176
    2312       1.7891
    2313       1.8199
    2314       1.6797
    2315       1.6775
    2316       1.7364
    2317       1.8819
    2318       1.7994
    2319       1.7411
    2320       1.7476
    2321       1.7990
    2322       1.8138
    2323       1.8706
    2324       1.9077
    2325       1.8504
    2326       1.7769
    2327       1.7240
    2328       1.7471
    2329       1.6440
    2330       1.7185
    2331       1.7997
    2332       1.8298
    2333       1.7149
    2334       1.6120
    2335       1.7051
    2336       1.6796
    2337       1.7803
    2338       1.8345
    2339       1.6801
    2340       1.7604
    2341       1.7939
    2342       1.7898
    2343       1.6703
    2344       1.6872
    2345       1.7763
    2346       1.7315
    2347       1.7969
    2348       1.6643
    2349       1.7968
    2350       1.6892
    2351       1.6551
    2352       1.6576
    2353       1.7346
    2354       1.7152
    2355       1.6651
    2356       1.6562
    2357       1.6227
    2358       1.6599
    2359       1.7028
    2360       1.6010
    2361       1.6361
    2362       1.6811
    2363       1.6765
    2364       1.6719
    2365       1.6501
    2366       1.6246
    2367       1.7099
    2368       1.7539
    2369       1.6689
    2370       1.6760
    2371       1.7410
    2372       1.6780
    2373       1.6748
    2374       1.7392
    2375       1.7025
    2376       1.7106
    2377       1.7759
    2378       1.6827
    2379       1.7268
    2380       1.8044
    2381       1.7429
    2382       1.7908
    2383       1.7630
    2384       1.7942
    2385       1.8088
    2386       1.8668
    2387       1.7802
    2388       1.8569
    2389       1.8055
    2390       1.7184
    2391       1.7928
    2392       1.6521
    2393       1.7978
    2394       1.8438
    2395       1.7649
    2396       1.7543
    2397       1.7922
    2398       1.6848
    2399       1.7701
    2400       1.8850
    2401       1.7667
    2402       1.7404
    2403       1.8770
    2404       1.8236
    2405       1.8268
    2406       1.7781
    2407       1.8155
    2408       1.7058
    2409       1.7403
    2410       1.8309
    2411       1.7584
    2412       1.6696
    2413       1.7571
    2414       1.6744
    2415       1.8062
    2416       1.7265
    2417       1.7622
    2418       1.7624
    2419       1.7110
    2420       1.7667
    2421       1.7558
    2422       1.8783
    2423       1.8775
    2424       1.7806
    2425       1.8731
    2426       1.8139
    2427       1.6703
    2428       1.7432
    2429       1.8040
    2430       1.6555
    2431       1.9307
    2432       1.8130
    2433       1.9423
    2434       1.8131
    2435       1.7189
    2436       1.7680
    2437       1.8278
    2438       1.8563
    2439       1.7819
    2440       1.8344
    2441       1.7843
    2442       1.7486
    2443       1.6767
    2444       1.6427
    2445       1.6984
    2446       1.7183
    2447       1.9240
    2448       1.8692
    2449       1.8329
    2450       1.7700
    2451       1.8451
    2452       1.7534
    2453       1.6921
    2454       1.5980
    2455       1.8875
    2456       1.6558
    2457       1.5911
    2458       1.6311
    2459       1.6544
    2460       1.5715
    2461       1.7009
    2462       1.6811
    2463       1.6005
    2464       1.6120
    2465       1.7293
    2466       1.6224
    2467       1.6342
    2468       1.6589
    2469       1.6100
    2470       1.7961
    2471       1.7655
    2472       1.6587
    2473       1.8528
    2474       1.7966
    2475       1.7619
    2476       1.7784
    2477       1.8121
    2478       1.7706
    2479       1.8383
    2480       1.6101
    2481       1.6878
    2482       1.8759
    2483       1.7588
    2484       1.7320
    2485       1.6719
    2486       1.7508
    2487       1.7268
    2488       1.6322
    2489       1.8082
    2490       1.7542
    2491       1.6904
    2492       1.8086
    2493       1.6419
    2494       1.7151
    2495       1.7403
    2496       1.7485
    2497       1.7964
    2498       1.6513
    2499       1.7242
    2500       1.7407
    2501       1.7301
    2502       1.8244
    2503       1.7693
    2504       1.6823
    2505       1.7566
    2506       1.7924
    2507       1.6770
    2508       1.6952
    2509       1.9027
    2510       1.7950
    2511       1.8669
    2512       1.7835
    2513       1.9004
    2514       1.9361
    2515       1.8333
    2516       1.8678
    2517       1.8679
    2518       2.0031
    2519       1.8917
    2520       1.8178
    2521       1.7793
    2522       1.8666
    2523       1.8374
    2524       1.7949
    2525       1.9790
    2526       1.9395
    2527       1.9072
    2528       1.8509
    2529       1.9113
    2530       2.1810
    2531       1.9156
    2532       1.8970
    2533       1.8850
    2534       1.9424
    2535       1.8868
    2536       1.9613
    2537       1.9109
    2538       1.9571
    2539       1.9116
    2540       2.0032
    2541       2.0445
    2542       1.8838
    2543       2.1448
    2544       1.9866
    2545       2.0958
    2546       1.8868
    2547       1.9652
    2548       2.0448
    2549       1.9746
    2550       2.0591
    2551       2.0328
    2552       2.0612
    2553       1.9226
    2554       1.9735
    2555       2.0666
    2556       1.9281
    2557       1.7965
    2558       2.0956
    2559       1.9149
    2560       1.9257
    2561       1.8875
    2562       2.0332
    2563       1.9257
    2564       2.0142
    2565       1.9093
    2566       1.8336
    2567       1.9055
    2568       2.0368
    2569       1.9836
    2570       1.8696
    2571       1.9696
    2572       1.8632
    2573       1.9391
    2574       1.9431
    2575       1.9286
    2576       1.8495
    2577       1.8754
    2578       1.9312
    2579       2.0224
    2580       2.1143
    2581       1.9626
    2582       1.9186
    2583       1.8690
    2584       1.8153
    2585       1.8968
    2586       1.8175
    2587       1.8839
    2588       2.0563
    2589       1.9890
    2590       1.8519
    2591       1.9767
    2592       1.9757
    2593       1.9728
    2594       1.8438
    2595       1.9226
    2596       1.8707
    2597       2.1263
    2598       1.8895
    2599       2.0637
    2600       1.9118
    2601       2.0007
    2602       1.9690
    2603       2.0199
    2604       1.9732
    2605       1.8969
    2606       1.9646
    2607       1.8389
    2608       1.9917
    2609       1.9401
    2610       1.9952
    2611       1.8691
    2612       1.9536
    2613       1.8996
    2614       2.0931
    2615       1.9918
    2616       1.9376
    2617       1.9647
    2618       1.8666
    2619       1.9063
    2620       2.1455
    2621       2.1713
    2622       1.9553
    2623       2.0641
    2624       2.0703
    2625       2.0544
    2626       1.9837
    2627       2.0434
    2628       1.9435
    2629       2.0620
    2630       1.9856
    2631       2.0812
    2632       1.9461
    2633       2.0958
    2634       1.9860
    2635       1.9071
    2636       1.9697
    2637       1.8680
    2638       1.8213
    2639       2.0061
    2640       1.8467
    2641       1.9331
    2642       2.0053
    2643       2.0507
    2644       1.8910
    2645       1.9540
    2646       2.0868
    2647       2.0526
    2648       2.0988
    2649       1.8065
    2650       1.9455
    2651       1.9680
    2652       1.9617
    2653       2.0028
    2654       1.9848
    2655       2.0212
    2656       1.9910
    2657       2.0087
    2658       2.0000
    2659       1.9927
    2660       1.9314
    2661       2.0144
    2662       2.1036
    2663       1.8642
    2664       1.9872
    2665       2.0140
    2666       1.9881
    2667       1.8214
    2668       1.9152
    2669       1.8792
    2670       1.9588
    2671       1.9772
    2672       1.9662
    2673       1.9749
    2674       1.9309
    2675       1.8151
    2676       1.8293
    2677       1.8399
    2678       1.9428
    2679       1.8404
    2680       1.9078
    2681       1.8890
    2682       2.0451
    2683       1.9002
    2684       1.9579
    2685       1.8712
    2686       2.0400
    2687       1.8320
    2688       1.9810
    2689       1.9674
    2690       1.9544
    2691       1.8863
    2692       1.9389
    2693       1.8449
    2694       1.8761
    2695       1.9351
    2696       1.8590
    2697       1.8965
    2698       2.0786
    2699       1.8901
    2700       1.9740
    2701       1.7888
    2702       1.8806
    2703       1.8789
    2704       1.8690
    2705       1.8723
    2706       1.8865
    2707       1.9332
    2708       1.8814
    2709       1.9464
    2710       1.9695
    2711       1.8916
    2712       1.9319
    2713       1.7588
    2714       2.0535
    2715       1.9050
    2716       1.7927
    2717       1.8927
    2718       1.7691
    2719       1.8811
    2720       1.8268
    2721       1.7957
    2722       1.9381
    2723       1.9390
    2724       1.9060
    2725       1.9333
    2726       1.9534
    2727       1.9967
    2728       1.8935
    2729       1.9537
    2730       2.0299
    2731       1.9111
    2732       1.8675
    2733       1.9364
    2734       1.9797
    2735       1.8971
    2736       1.9567
    2737       1.8095
    2738       1.7881
    2739       1.8486
    2740       1.8054
    2741       1.9126
    2742       1.8366
    2743       1.9580
    2744       1.9316
    2745       1.8919
    2746       1.9171
    2747       1.8381
    2748       1.8664
    2749       1.8337
    2750       1.9061
    2751       1.9425
    2752       1.9416
    2753       1.9958
    2754       1.8932
    2755       1.8554
    2756       1.9965
    2757       1.9384
    2758       1.9205
    2759       1.8119
    2760       1.7941
    2761       2.0637
    2762       1.8654
    2763       1.9885
    2764       2.0135
    2765       1.9939
    2766       1.8756
    2767       1.9039
    2768       1.8734
    2769       1.9851
    2770       1.8798
    2771       1.8279
    2772       1.7397
    2773       1.7418
    2774       1.7069
    2775       1.9611
    2776       1.8483
    2777       1.8587
    2778       1.6916
    2779       1.8259
    2780       1.9000
    2781       1.9041
    2782       1.8012
    2783       1.9035
    2784       1.8080
    2785       1.8445
    2786       1.8314
    2787       1.8269
    2788       1.7614
    2789       1.8610
    2790       1.7375
    2791       1.8127
    2792       1.7585
    2793       1.7430
    2794       1.7723
    2795       1.7263
    2796       1.7147
    2797       1.8624
    2798       1.7500
    2799       1.7963
    2800       1.8266
    2801       1.6680
    2802       1.7587
    2803       1.7942
    2804       1.6741
    2805       1.8416
    2806       1.8269
    2807       1.8694
    2808       1.7128
    2809       1.7966
    2810       1.7838
    2811       1.7813
    2812       1.7243
    2813       1.8280
    2814       1.7911
    2815       1.7430
    2816       1.7714
    2817       1.8147
    2818       1.7825
    2819       1.7359
    2820       2.0571
    2821       1.9123
    2822       1.8027
    2823       1.6834
    2824       1.8458
    2825       1.7931
    2826       1.8287
    2827       1.8025
    2828       1.8174
    2829       1.8190
    2830       1.9571
    2831       1.9593
    2832       2.0558
    2833       1.9228
    2834       1.9196
    2835       2.0781
    2836       1.8450
    2837       1.9578
    2838       2.0780
    2839       1.8374
    2840       1.9090
    2841       1.7540
    2842       1.8617
    2843       1.9080
    2844       1.8655
    2845       1.6945
    2846       1.7484
    2847       1.9214
    2848       1.8091
    2849       1.8084
    2850       1.8088
    2851       1.8607
    2852       1.9540
    2853       1.7902
    2854       1.8387
    2855       1.7058
    2856       1.7417
    2857       1.7950
    2858       1.8677
    2859       1.9080
    2860       1.6937
    2861       1.7825
    2862       1.7662
    2863       1.7360
    2864       1.8001
    2865       1.7782
    2866       2.0038
    2867       1.9193
    2868       1.7964
    2869       1.7793
    2870       1.8562
    2871       1.8547
    2872       1.8198
    2873       1.7124
    2874       1.8054
    2875       1.7841
    2876       1.8255
    2877       1.9177
    2878       1.7084
    2879       1.8647
    2880       1.8627
    2881       1.8849
    2882       1.8182
    2883       1.9722
    2884       1.7445
    2885       1.7601
    2886       1.8414
    2887       1.7798
    2888       1.7229
    2889       1.8354
    2890       1.7629
    2891       1.8275
    2892       1.8582
    2893       1.8770
    2894       1.8627
    2895       1.8589
    2896       1.6578
    2897       1.8059
    2898       1.8632
    2899       1.8118
    2900       1.7528
    2901       1.8058
    2902       1.7946
    2903       1.8362
    2904       1.8736
    2905       1.7534
    2906       1.7262
    2907       1.7281
    2908       1.8170
    2909       1.7248
    2910       1.7195
    2911       1.7405
    2912       1.7948
    2913       1.6159
    2914       1.7619
    2915       1.7662
    2916       1.7572
    2917       1.6640
    2918       1.5954
    2919       1.6630
    2920       1.6759
    2921       1.7096
    2922       1.8721
    2923       1.7023
    2924       1.7323
    2925       1.6579
    2926       1.7334
    2927       1.6944
    2928       1.7312
    2929       1.6244
    2930       1.5671
    2931       1.6919
    2932       1.6715
    2933       1.7657
    2934       1.7385
    2935       1.6716
    2936       1.6914
    2937       1.7144
    2938       1.6512
    2939       1.7334
    2940       1.6614
    2941       1.7058
    2942       1.8362
    2943       1.6494
    2944       1.7455
    2945       1.7564
    2946       1.7692
    2947       1.6678
    2948       1.7962
    2949       1.7991
    2950       1.7584
    2951       1.7968
    2952       1.7609
    2953       1.6668
    2954       1.7541
    2955       1.7312
    2956       1.7923
    2957       1.8480
    2958       1.8290
    2959       1.7652
    2960       1.7511
    2961       1.7803
    2962       1.7207
    2963       1.7662
    2964       1.6589
    2965       1.7142
    2966       1.7240
    2967       1.7222
    2968       1.7092
    2969       1.7814
    2970       1.7377
    2971       1.6690
    2972       1.6525
    2973       1.6771
    2974       1.7203
    2975       1.7037
    2976       1.7464
    2977       1.8411
    2978       1.8568
    2979       1.7979
    2980       1.7901
    2981       1.7265
    2982       1.7522
    2983       1.8594
    2984       1.8601
    2985       1.7451
    2986       1.7317
    2987       1.7726
    2988       1.7427
    2989       1.8018
    2990       1.6045
    2991       1.8333
    2992       1.9662
    2993       1.8889
    2994       1.8952
    2995       1.8796
    2996       1.9129
    2997       1.9938
    2998       2.1128
    2999       2.1257
    3000       1.9889
    3001       1.9505
