0.245368
0.529288
0.802831
1.042292
1.328381
1.609499
1.911291
2.164757
2.433664
2.737935
3.062974
3.304073
3.565801
3.891524
4.173773
4.418335
4.718987
5.040508
5.321307
5.609936
5.937836
6.255860
6.499913
6.793823
7.132301
7.420425
7.717392
8.070199
8.375689
8.680844
9.019137
9.326864
9.611887
9.940951
10.263129
10.561859
10.907456
11.288868
11.624683
11.965022
12.338994
12.669738
12.980613
13.333914
13.676719
13.939663
14.259417
14.609730
14.903330
15.185809
15.566901
15.876449
16.202886
16.561811
16.892254
17.204074
17.580305
17.948191
18.281617
18.665774
19.022545
19.377521
19.772805
20.132651
20.436736
20.822898
21.195964
21.526487
21.925718
22.265887
22.597893
22.994968
23.346183
23.688425
24.063859
24.463493
24.819493
25.225914
25.576188
25.931834
26.327157
26.734989
27.103564
27.519857
27.901401
28.336951
28.756008
29.104608
29.505491
29.888157
30.256702
30.680233
31.056985
31.439852
31.894767
32.288662
32.718169
33.110360
33.445929
33.844203
34.203195
34.613741
35.005887
35.357696
35.740164
36.159570
36.510105
36.913454
37.246723
37.622666
38.005661
38.354766
38.728672
39.161375
39.553232
39.927221
40.353727
40.749265
41.146322
41.606060
42.033429
42.453898
42.873025
43.285854
43.693605
44.109097
44.494501
44.955177
45.359782
45.732521
46.110432
46.518532
46.928038
47.360093
47.782110
48.187449
48.572723
48.974096
49.325025
49.722082
50.125373
50.570752
51.011516
51.415673
51.788473
52.181489
52.575076
52.932208
53.310900
53.734274
54.144148
54.525431
54.945000
55.335205
55.682838
56.100575
56.484061
56.876978
57.257274
57.674953
58.057961
58.520445
58.943701
59.352594
59.757332
60.138161
60.553080
60.939041
61.320752
61.717035
62.102511
62.502980
62.928322
63.370131
63.743299
64.113179
64.475282
64.877211
65.271972
65.657805
66.061245
66.430723
66.776249
67.154088
67.527363
67.838603
68.193262
68.549968
68.886150
69.260548
69.636500
69.991227
70.322043
70.713708
71.067142
71.434188
71.799024
72.188430
72.559040
72.943196
73.314437
73.651762
74.048121
74.418507
74.808558
75.189261
75.567015
75.955711
76.338097
76.759275
77.153862
77.555172
77.960602
78.329407
78.698129
79.077812
79.492093
79.877246
80.279001
80.705574
81.088984
81.455384
81.838587
82.231788
82.603114
82.996543
83.406624
83.826934
84.264237
84.621174
84.971718
85.360345
85.717850
86.152419
86.578386
86.924496
87.328803
87.770974
88.155898
88.587819
88.965756
89.342661
89.716793
90.107871
90.489415
90.866420
91.296436
91.673365
92.091795
92.495634
92.877546
93.269850
93.663488
94.019849
94.366983
94.744728
95.129318
95.452982
95.799465
96.150759
96.469427
96.827026
97.204631
97.590814
97.964074
98.302125
98.604077
98.933862
99.245960
99.620306
99.991060
100.402435
100.772715
101.172785
101.504874
101.839422
102.121590
102.443956
102.772220
103.092504
103.406160
103.715794
104.079956
104.465101
104.820267
105.186262
105.552715
105.908451
106.256149
106.600197
106.990289
107.381024
107.772736
108.144993
108.541416
108.923183
109.330077
109.726313
110.081328
110.508664
110.888498
111.264243
111.669902
112.040820
112.425497
112.783475
113.155742
113.550365
113.946079
114.320948
114.727372
115.115947
115.472448
115.840301
116.170367
116.538951
116.890299
117.278071
117.680754
118.100157
118.486580
118.884145
119.271954
119.685481
120.096617
120.509398
120.911426
121.319123
121.711158
122.148097
122.573020
123.003342
123.420562
123.841730
124.262238
124.694730
125.127335
125.501036
125.914335
126.362965
126.784854
127.196989
127.571733
127.976505
128.385467
128.779916
129.162159
129.516700
129.895522
130.280941
130.705575
131.100170
131.474912
131.827127
132.191311
132.564755
132.946174
133.290250
133.648161
133.963361
134.268644
134.582456
134.898536
135.220835
135.586926
135.954161
136.269549
136.575357
136.920843
137.284399
137.655417
138.038166
138.423428
138.767528
139.095726
139.379514
139.673412
139.968692
140.249446
140.550519
140.843266
141.147961
141.458049
141.778819
142.091027
142.407751
142.688797
143.026752
143.301937
143.620392
143.960228
144.326443
144.675658
145.032710
145.359351
145.724509
146.043193
146.332786
146.695844
147.024302
147.485507
147.888745
148.238330
148.534546
148.825140
149.131697
149.430778
149.736813
150.036902
150.328612
150.600538
150.882036
151.197414
151.515865
151.854034
152.189168
152.542439
152.875335
153.221841
153.576499
153.931822
154.289680
154.639203
154.947145
155.240876
155.618084
155.937230
156.277330
156.615055
156.976619
157.263418
157.563725
157.885505
158.198708
158.512063
158.801174
159.162952
159.484623
159.800484
160.094897
160.402268
160.695288
161.017979
161.299738
161.602404
161.912790
162.261536
162.615750
162.997509
163.348675
163.710392
164.030477
164.479262
164.864301
165.247727
165.596604
165.950085
166.365898
166.705529
167.134529
167.482465
167.777781
168.119067
168.476447
168.820263
169.204148
169.522785
169.886117
170.221072
170.542803
170.890212
171.231898
171.539135
171.859540
172.178630
172.491173
172.814368
173.148324
173.519337
173.926503
174.306447
174.703856
175.046243
175.376004
175.646001
175.903253
176.215636
176.546330
176.916236
177.238202
177.542498
177.844383
178.138558
178.429730
178.710855
179.011000
179.295695
179.599050
179.892491
180.154962
180.484816
180.753875
181.057887
181.305672
181.572550
181.832392
182.088991
182.439726
182.802515
183.091012
183.414270
183.744890
184.072149
184.367842
184.671470
184.957258
185.270160
185.561192
185.874739
186.181631
186.520415
186.863660
187.217260
187.547357
187.883081
188.199707
188.505023
188.815936
189.162482
189.491003
189.803282
190.121092
190.470867
190.759665
191.144121
191.531550
191.884663
192.265790
192.614225
192.919324
193.259958
193.600620
193.887252
194.213103
194.578359
194.914272
195.232235
195.535438
195.807673
196.062436
196.353542
196.673829
196.964040
197.277523
197.531462
197.816535
198.123642
198.417899
198.727893
199.035699
199.316236
199.624576
199.950722
200.233198
200.564882
200.868521
201.161236
201.478800
201.791970
202.158511
202.533554
202.900402
203.241381
203.564087
203.916945
204.226294
204.523214
204.847859
205.159488
205.477986
205.747419
206.021850
206.308733
206.647789
207.020380
207.417233
207.738322
208.032319
208.300658
208.566274
208.846071
209.118663
209.417220
209.826490
210.121289
210.477739
210.828865
211.157410
211.474500
211.791870
212.140944
