#Frame         myrmsd
       1       0.0000
       2       1.5746
       3       1.6060
       4       1.5622
       5       1.7585
       6       1.8077
       7       1.7625
       8       1.8568
       9       1.7122
      10       1.6683
      11       1.7132
      12       1.7003
      13       1.6769
      14       1.6302
      15       1.8093
      16       1.8601
      17       1.7742
      18       1.8496
      19       1.7932
      20       1.7659
      21       1.7803
      22       1.8194
      23       1.7685
      24       1.7733
      25       1.7867
      26       1.6918
      27       1.8327
      28       1.7876
      29       1.8321
      30       1.8299
      31       1.7467
      32       1.9344
      33       1.7355
      34       1.8078
      35       1.8371
      36       1.5909
      37       1.6880
      38       1.6766
      39       1.6393
      40       1.7510
      41       1.6121
      42       1.7662
      43       1.8428
      44       1.6205
      45       1.6556
      46       1.7852
      47       1.6947
      48       1.8384
      49       1.7880
      50       1.8835
      51       1.9207
      52       1.9362
      53       1.9205
      54       2.1074
      55       2.0130
      56       1.9910
      57       1.8468
      58       2.0255
      59       1.8964
      60       1.9600
      61       2.0768
      62       2.0215
      63       1.9826
      64       1.8511
      65       1.8144
      66       1.9608
      67       1.9074
      68       1.7807
      69       1.7272
      70       1.7242
      71       1.7897
      72       1.7964
      73       1.7608
      74       1.7332
      75       1.8202
      76       1.8943
      77       1.8500
      78       1.8667
      79       2.0312
      80       1.9381
      81       1.9538
      82       1.8912
      83       2.1136
      84       1.9724
      85       2.0557
      86       2.0240
      87       1.8834
      88       1.8572
      89       1.9585
      90       1.9243
      91       1.9948
      92       2.0080
      93       1.9377
      94       1.8998
      95       2.0383
      96       2.0480
      97       1.9949
      98       1.9966
      99       1.9884
     100       2.1275
     101       2.0137
     102       2.0798
     103       1.9701
     104       1.9679
     105       1.9637
     106       1.8614
     107       2.0308
     108       1.8713
     109       1.7906
     110       2.0379
     111       2.0264
     112       2.0918
     113       1.9239
     114       1.9301
     115       1.8788
     116       1.8642
     117       1.7351
     118       1.8028
     119       1.8410
     120       1.9328
     121       1.8396
     122       1.9184
     123       1.7724
     124       1.8567
     125       1.9653
     126       1.9509
     127       1.8768
     128       1.8615
     129       1.7984
     130       1.9498
     131       1.9963
     132       2.0815
     133       2.0683
     134       1.8906
     135       1.9020
     136       2.0197
     137       2.1060
     138       2.0225
     139       2.0838
     140       1.9534
     141       1.9962
     142       2.0193
     143       1.8889
     144       1.9292
     145       1.8260
     146       1.9028
     147       1.9759
     148       2.0774
     149       1.9331
     150       1.8506
     151       1.8837
     152       1.9512
     153       1.8195
     154       1.9150
     155       2.1315
     156       1.9568
     157       1.8368
     158       1.8751
     159       1.8689
     160       1.9313
     161       2.0385
     162       1.9761
     163       1.8890
     164       1.8087
     165       1.9602
     166       2.0572
     167       1.9023
     168       1.8310
     169       1.8737
     170       1.9206
     171       2.0828
     172       1.9036
     173       2.0218
     174       1.9444
     175       1.8215
     176       1.9086
     177       1.9251
     178       1.8424
     179       1.7842
     180       1.8086
     181       1.8615
     182       1.9118
     183       1.7790
     184       1.8794
     185       1.9271
     186       1.9069
     187       1.9052
     188       2.1310
     189       1.9196
     190       1.8077
     191       1.9090
     192       2.1146
     193       1.9129
     194       2.0418
     195       2.0500
     196       1.9340
     197       2.0192
     198       1.8945
     199       1.9546
     200       2.0233
     201       1.9139
     202       1.9940
     203       1.8927
     204       1.8566
     205       1.8579
     206       2.0695
     207       2.0050
     208       1.9191
     209       2.0427
     210       1.9706
     211       1.8713
     212       1.8956
     213       1.8664
     214       1.8956
     215       1.8786
     216       2.0010
     217       1.9561
     218       1.9829
     219       1.9539
     220       1.9535
     221       1.9561
     222       1.9391
     223       2.0254
     224       1.9094
     225       1.9000
     226       1.9753
     227       1.9886
     228       2.0704
     229       1.8764
     230       2.0512
     231       1.9777
     232       2.0703
     233       1.9414
     234       2.0201
     235       2.0741
     236       2.0230
     237       1.9624
     238       2.0949
     239       2.0991
     240       2.1040
     241       2.0191
     242       2.0081
     243       2.1108
     244       2.1402
     245       2.0579
     246       1.9125
     247       2.0646
     248       1.9932
     249       1.9639
     250       1.9281
     251       1.9087
     252       1.9348
     253       1.8822
     254       2.0454
     255       2.0245
     256       2.0892
     257       2.1880
     258       2.0531
     259       2.2204
     260       2.1757
     261       2.0182
     262       2.1887
     263       2.2685
     264       2.2031
     265       2.2236
     266       2.1910
     267       2.1973
     268       2.3057
     269       2.1631
     270       2.0068
     271       2.1415
     272       2.0104
     273       2.0914
     274       1.9529
     275       2.0922
     276       2.0601
     277       2.2237
     278       2.0056
     279       2.1936
     280       2.1497
     281       2.2401
     282       2.1146
     283       2.1394
     284       2.2444
     285       2.2558
     286       2.0943
     287       2.1093
     288       2.2774
     289       1.9912
     290       1.8582
     291       2.1445
     292       1.9996
     293       2.1060
     294       2.0052
     295       2.0360
     296       1.9626
     297       2.1070
     298       2.2270
     299       2.0566
     300       2.0846
     301       2.1121
     302       2.1382
     303       2.1616
     304       2.0880
     305       2.2924
     306       2.1883
     307       2.1844
     308       2.0073
     309       2.2543
     310       2.1815
     311       2.1026
     312       2.0735
     313       2.2433
     314       2.1730
     315       2.2198
     316       2.0761
     317       2.2099
     318       2.0818
     319       2.2749
     320       1.9975
     321       2.0069
     322       2.1324
     323       2.2057
     324       2.0028
     325       2.0851
     326       2.1333
     327       2.1031
     328       2.1442
     329       2.1068
     330       2.1039
     331       2.3450
     332       2.0909
     333       2.1993
     334       2.2207
     335       2.1897
     336       2.0312
     337       2.0040
     338       1.9173
     339       2.1070
     340       2.0924
     341       2.1134
     342       2.2474
     343       2.0599
     344       2.1534
     345       2.3093
     346       2.0817
     347       1.9878
     348       2.0617
     349       2.0012
     350       2.0122
     351       2.1644
     352       2.1044
     353       2.1088
     354       2.2865
     355       2.0309
     356       2.0918
     357       2.0450
     358       2.3562
     359       2.1987
     360       2.1634
     361       2.1566
     362       1.9665
     363       2.2282
     364       2.1283
     365       2.1071
     366       2.0135
     367       2.2624
     368       2.1716
     369       2.0276
     370       2.0542
     371       2.0942
     372       2.1428
     373       2.0924
     374       1.9622
     375       2.0375
     376       2.1468
     377       1.9772
     378       1.9514
     379       2.1975
     380       2.0745
     381       2.1279
     382       1.9595
     383       2.0684
     384       2.1469
     385       2.1841
     386       2.0477
     387       2.0447
     388       1.9064
     389       1.7672
     390       2.0376
     391       2.0341
     392       1.9610
     393       1.9558
     394       2.0954
     395       2.0222
     396       1.9705
     397       1.9375
     398       2.0883
     399       2.1401
     400       2.1128
     401       2.0931
     402       2.0972
     403       2.0417
     404       2.1600
     405       2.1254
     406       2.2374
     407       2.2777
     408       2.1194
     409       2.0926
     410       2.3110
     411       2.0473
     412       2.0408
     413       2.0301
     414       1.9880
     415       1.9708
     416       2.0722
     417       2.1242
     418       2.1741
     419       2.1250
     420       2.2049
     421       2.1527
     422       2.1528
     423       2.3308
     424       2.2449
     425       2.3184
     426       2.2739
     427       2.2192
     428       2.3288
     429       2.3006
     430       2.2445
     431       2.3130
     432       2.3014
     433       2.3504
     434       2.2593
     435       2.2156
     436       2.1975
     437       2.1540
     438       2.1975
     439       2.2046
     440       2.2418
     441       2.2000
     442       2.2536
     443       2.3076
     444       2.2813
     445       2.3294
     446       2.3137
     447       2.2532
     448       2.1948
     449       2.2739
     450       2.1974
     451       2.3896
     452       2.2654
     453       2.3688
     454       2.2778
     455       2.2709
     456       2.2540
     457       2.2250
     458       2.3563
     459       2.1574
     460       2.2249
     461       2.2383
     462       2.2206
     463       2.2965
     464       2.3313
     465       2.2812
     466       2.2242
     467       2.2317
     468       2.3389
     469       2.2737
     470       2.2940
     471       2.2366
     472       2.3041
     473       2.2398
     474       2.3622
     475       2.2508
     476       2.1871
     477       2.1174
     478       2.1920
     479       2.2303
     480       2.4324
     481       2.3499
     482       2.1823
     483       2.3032
     484       2.3429
     485       2.3125
     486       2.3373
     487       2.2559
     488       2.2140
     489       2.1569
     490       2.1287
     491       2.1361
     492       2.1936
     493       2.2006
     494       2.2487
     495       2.2533
     496       2.1507
     497       2.1107
     498       2.1727
     499       2.0167
     500       2.1572
     501       2.2326
     502       2.1091
     503       2.2295
     504       2.2670
     505       2.3586
     506       2.2336
     507       2.2657
     508       2.1733
     509       2.1216
     510       2.2870
     511       2.2428
     512       2.3135
     513       2.1786
     514       2.1519
     515       2.2402
     516       2.1889
     517       2.2791
     518       2.2007
     519       2.2319
     520       2.2276
     521       2.1790
     522       2.1871
     523       2.3072
     524       2.2016
     525       2.2684
     526       2.2723
     527       2.2302
     528       2.1605
     529       2.2400
     530       2.2478
     531       2.3506
     532       2.1473
     533       2.1531
     534       2.2499
     535       2.1872
     536       2.3157
     537       2.1906
     538       2.2642
     539       2.1925
     540       2.0940
     541       2.2169
     542       2.1113
     543       2.2909
     544       2.2307
     545       2.3792
     546       2.3377
     547       2.2842
     548       2.3667
     549       2.2622
     550       2.1984
     551       2.2565
     552       2.3837
     553       2.2161
     554       2.2409
     555       2.1484
     556       2.2488
     557       2.2333
     558       2.2741
     559       2.2841
     560       2.3102
     561       2.2808
     562       2.4207
     563       2.2285
     564       2.1910
     565       2.2452
     566       2.3351
     567       2.2905
     568       2.2034
     569       2.2341
     570       2.2655
     571       2.3266
     572       2.2303
     573       2.2828
     574       2.3265
     575       2.2968
     576       2.2360
     577       2.4638
     578       2.2473
     579       2.4083
     580       2.3146
     581       2.2688
     582       2.3054
     583       2.1639
     584       2.1399
     585       2.3316
     586       2.3132
     587       2.3266
     588       2.2080
     589       2.2475
     590       2.1339
     591       2.1685
     592       2.1146
     593       2.2400
     594       2.1825
     595       2.2205
     596       2.2432
     597       2.1529
     598       2.2360
     599       2.2138
     600       2.2050
     601       2.0963
     602       2.0467
     603       2.1381
     604       2.1029
     605       2.1169
     606       2.0449
     607       2.1116
     608       2.0588
     609       2.2035
     610       2.2429
     611       2.3230
     612       2.2310
     613       2.3189
     614       2.1138
     615       2.1474
     616       2.2488
     617       2.1332
     618       2.2549
     619       2.1618
     620       2.3004
     621       2.2599
     622       2.2791
     623       2.2600
     624       2.1416
     625       2.2220
     626       2.1921
     627       2.1991
     628       2.0480
     629       2.0333
     630       2.0894
     631       2.2107
     632       2.1086
     633       2.1851
     634       2.2219
     635       2.1062
     636       2.1162
     637       2.2315
     638       2.2593
     639       2.1213
     640       2.2533
     641       2.2630
     642       2.2133
     643       2.1954
     644       2.1413
     645       2.1509
     646       2.1675
     647       2.2083
     648       1.9550
     649       2.1520
     650       2.2164
     651       2.1893
     652       2.2166
     653       2.2676
     654       2.1018
     655       2.1578
     656       2.1590
     657       2.3155
     658       2.1742
     659       2.2328
     660       2.0618
     661       2.0690
     662       2.2480
     663       2.0307
     664       1.9873
     665       1.9755
     666       2.1289
     667       2.0335
     668       2.1509
     669       2.1644
     670       2.2247
     671       2.2043
     672       2.1860
     673       2.0961
     674       2.1287
     675       2.0332
     676       2.1837
     677       2.0960
     678       2.0792
     679       2.1347
     680       2.1208
     681       2.0378
     682       2.1413
     683       2.1987
     684       2.1992
     685       2.2815
     686       2.2321
     687       2.1711
     688       2.1939
     689       2.3452
     690       2.2773
     691       2.1521
     692       2.3285
     693       2.1970
     694       2.2370
     695       2.2584
     696       2.3467
     697       2.2286
     698       2.0738
     699       2.2047
     700       2.1253
     701       2.0892
     702       2.1015
     703       2.1729
     704       2.2124
     705       2.2318
     706       2.1134
     707       2.0270
     708       2.1345
     709       2.1371
     710       2.1997
     711       2.0105
     712       2.1450
     713       2.1638
     714       2.1629
     715       2.3102
     716       2.1790
     717       2.2195
     718       2.2032
     719       2.0409
     720       2.0912
     721       2.0847
     722       2.0748
     723       2.2300
     724       2.3481
     725       2.1371
     726       2.1084
     727       2.0005
     728       2.1774
     729       2.1546
     730       2.0673
     731       2.0321
     732       2.0720
     733       2.0436
     734       2.1002
     735       2.0640
     736       2.0209
     737       2.1343
     738       2.0203
     739       1.9611
     740       1.9822
     741       2.0881
     742       1.9801
     743       2.1635
     744       2.0086
     745       1.9387
     746       2.0068
     747       1.9112
     748       2.0658
     749       2.0900
     750       2.0533
     751       1.9839
     752       2.0673
     753       2.0947
     754       2.0365
     755       2.0440
     756       2.2045
     757       2.1548
     758       2.0610
     759       2.1940
     760       1.9966
     761       2.1684
     762       2.0531
     763       1.8960
     764       2.0651
     765       2.0641
     766       2.0934
     767       2.0171
     768       2.0555
     769       2.0724
     770       1.9794
     771       2.1994
     772       2.0088
     773       1.9753
     774       2.0741
     775       2.1677
     776       2.1554
     777       2.0864
     778       2.0265
     779       2.0676
     780       1.9510
     781       1.9383
     782       1.9973
     783       1.9284
     784       1.9277
     785       2.0149
     786       2.0606
     787       1.9313
     788       2.1100
     789       2.1388
     790       1.9597
     791       2.1305
     792       2.0811
     793       2.0990
     794       2.0447
     795       2.0116
     796       2.1359
     797       2.1203
     798       2.0568
     799       2.1169
     800       1.9538
     801       2.0197
     802       2.1538
     803       2.1513
     804       2.1362
     805       2.1336
     806       2.1482
     807       2.1687
     808       2.0501
     809       2.1017
     810       2.0928
     811       2.0586
     812       2.0657
     813       2.0888
     814       2.1357
     815       2.0545
     816       1.8863
     817       1.9379
     818       1.9328
     819       1.9927
     820       1.9464
     821       2.0039
     822       2.1062
     823       1.9650
     824       2.0337
     825       2.0738
     826       2.0014
     827       2.0322
     828       1.8808
     829       1.9320
     830       1.9154
     831       1.9420
     832       1.8381
     833       1.8106
     834       1.8753
     835       1.8999
     836       1.8349
     837       1.9643
     838       1.8515
     839       1.9426
     840       1.9089
     841       1.8657
     842       1.8676
     843       1.8633
     844       1.8948
     845       1.9163
     846       1.9188
     847       1.9005
     848       1.8818
     849       1.8464
     850       1.9385
     851       1.8970
     852       2.0676
     853       1.9604
     854       2.0667
     855       1.8835
     856       1.8793
     857       1.9853
     858       1.8816
     859       2.0137
     860       2.0077
     861       1.8952
     862       1.9957
     863       2.0913
     864       1.9874
     865       2.0515
     866       2.0707
     867       2.1175
     868       2.0208
     869       1.9996
     870       2.1033
     871       2.1008
     872       1.9488
     873       1.9573
     874       2.0802
     875       2.1597
     876       2.0287
     877       2.0226
     878       2.0028
     879       2.0065
     880       2.0508
     881       2.0651
     882       1.9301
     883       2.0340
     884       2.0227
     885       1.8880
     886       1.9385
     887       2.0619
     888       1.9755
     889       1.9957
     890       2.0148
     891       2.0254
     892       1.9307
     893       1.9453
     894       1.8846
     895       1.9688
     896       1.9648
     897       1.9716
     898       1.9332
     899       2.0371
     900       2.1302
     901       2.0357
     902       2.0660
     903       1.8912
     904       2.0154
     905       1.9690
     906       2.0151
     907       1.8785
     908       1.9630
     909       2.0606
     910       2.0098
     911       1.8821
     912       1.9823
     913       1.9389
     914       1.9010
     915       1.9569
     916       1.8946
     917       2.0770
     918       2.0077
     919       2.0048
     920       1.9539
     921       1.8659
     922       1.8881
     923       1.9080
     924       2.0961
     925       2.0457
     926       2.0353
     927       2.0272
     928       2.0337
     929       2.0057
     930       1.9609
     931       2.0452
     932       2.0320
     933       2.0916
     934       2.0220
     935       2.0865
     936       1.9942
     937       1.8716
     938       2.0983
     939       2.0090
     940       1.9968
     941       2.0908
     942       2.0423
     943       2.0358
     944       1.9058
     945       1.9508
     946       2.0060
     947       1.9450
     948       1.9515
     949       2.0104
     950       2.0983
     951       1.9832
     952       1.9975
     953       1.9681
     954       1.9267
     955       1.9441
     956       1.8534
     957       1.9458
     958       2.0597
     959       1.8855
     960       2.0174
     961       1.9990
     962       2.0798
     963       2.0315
     964       1.9229
     965       2.0055
     966       2.1121
     967       2.1006
     968       2.1114
     969       2.0948
     970       2.0976
     971       2.0923
     972       2.0775
     973       2.0359
     974       2.0179
     975       1.9374
     976       2.0479
     977       1.9899
     978       1.9093
     979       2.1324
     980       2.0210
     981       1.9674
     982       2.1083
     983       1.9346
     984       1.9874
     985       1.9359
     986       1.8763
     987       1.9486
     988       2.0047
     989       1.8642
     990       2.0633
     991       2.0516
     992       2.0759
     993       1.9709
     994       1.8536
     995       1.9166
     996       2.0350
     997       1.8889
     998       1.9515
     999       1.8977
    1000       1.9123
    1001       2.1595
    1002       2.0915
    1003       1.9292
    1004       1.8387
    1005       1.9624
    1006       1.9783
    1007       1.8474
    1008       1.8577
    1009       2.0048
    1010       1.9814
    1011       1.8901
    1012       1.8951
    1013       1.8575
    1014       1.9181
    1015       1.9793
    1016       1.9453
    1017       2.0182
    1018       1.7598
    1019       1.7909
    1020       1.8152
    1021       1.8090
    1022       1.9381
    1023       1.9293
    1024       1.8463
    1025       1.8178
    1026       1.8905
    1027       1.7879
    1028       1.7850
    1029       1.8762
    1030       1.9422
    1031       1.8471
    1032       1.9109
    1033       1.9004
    1034       1.8259
    1035       1.8789
    1036       2.0383
    1037       2.0308
    1038       1.9340
    1039       1.8508
    1040       1.9161
    1041       1.9141
    1042       1.9717
    1043       2.0279
    1044       2.0817
    1045       2.0641
    1046       2.0044
    1047       1.9277
    1048       1.8964
    1049       1.9422
    1050       1.9193
    1051       1.9176
    1052       1.9424
    1053       1.8750
    1054       1.8911
    1055       1.8230
    1056       1.8810
    1057       1.8327
    1058       1.8759
    1059       1.8841
    1060       1.9035
    1061       1.9237
    1062       2.1815
    1063       1.9724
    1064       1.9813
    1065       1.9029
    1066       1.9748
    1067       2.0412
    1068       1.9126
    1069       1.7801
    1070       1.8316
    1071       1.8600
    1072       1.9687
    1073       1.8564
    1074       1.9809
    1075       1.9593
    1076       1.8447
    1077       2.0277
    1078       1.8891
    1079       1.8572
    1080       1.8733
    1081       2.0270
    1082       1.9724
    1083       1.8496
    1084       1.8060
    1085       1.9464
    1086       1.8713
    1087       1.9086
    1088       1.8430
    1089       1.9557
    1090       1.9533
    1091       1.8926
    1092       1.9451
    1093       1.9827
    1094       2.0318
    1095       2.0573
    1096       2.0132
    1097       1.8969
    1098       1.8728
    1099       1.8659
    1100       1.8018
    1101       1.7179
    1102       1.7939
    1103       1.9153
    1104       1.8022
    1105       1.8002
    1106       1.9041
    1107       1.8357
    1108       1.7544
    1109       1.8041
    1110       1.7798
    1111       1.7443
    1112       1.7942
    1113       1.9642
    1114       1.8113
    1115       1.8565
    1116       1.8335
    1117       1.8585
    1118       2.0040
    1119       1.8939
    1120       1.9135
    1121       1.8628
    1122       1.9255
    1123       1.8778
    1124       1.8767
    1125       1.8769
    1126       1.9158
    1127       1.8869
    1128       1.8595
    1129       1.9429
    1130       1.9316
    1131       1.9149
    1132       1.9410
    1133       1.8842
    1134       1.9039
    1135       1.7411
    1136       1.8427
    1137       1.8806
    1138       1.9774
    1139       2.0024
    1140       1.9061
    1141       1.9190
    1142       2.0075
    1143       1.9906
    1144       1.8804
    1145       1.9002
    1146       1.9700
    1147       2.0123
    1148       1.8703
    1149       1.9636
    1150       2.0065
    1151       1.9538
    1152       1.9127
    1153       1.9531
    1154       1.9210
    1155       2.0421
    1156       1.8788
    1157       1.8939
    1158       1.8140
    1159       1.9333
    1160       1.9392
    1161       1.8904
    1162       1.9492
    1163       1.8757
    1164       1.8669
    1165       1.7926
    1166       1.8264
    1167       1.9374
    1168       1.8942
    1169       1.9803
    1170       1.9998
    1171       1.9318
    1172       1.9492
    1173       2.0422
    1174       1.7909
    1175       1.8678
    1176       1.9466
    1177       1.9138
    1178       1.9288
    1179       2.0643
    1180       1.9841
    1181       1.9951
    1182       2.0854
    1183       2.0643
    1184       2.0367
    1185       2.0954
    1186       1.9140
    1187       2.0656
    1188       2.0619
    1189       2.0495
    1190       1.9461
    1191       2.0606
    1192       2.0559
    1193       2.0833
    1194       2.1485
    1195       1.9721
    1196       2.1841
    1197       2.2867
    1198       2.1539
    1199       2.1939
    1200       2.2138
    1201       2.0960
    1202       2.0788
    1203       2.1414
    1204       2.2555
    1205       2.0745
    1206       2.0199
    1207       2.0684
    1208       2.1371
    1209       2.1569
    1210       2.1584
    1211       2.0353
    1212       2.1769
    1213       2.1176
    1214       2.0277
    1215       2.1157
    1216       2.1538
    1217       2.0881
    1218       2.1621
    1219       2.1680
    1220       2.1429
    1221       2.1642
    1222       2.3190
    1223       2.1749
    1224       2.1870
    1225       2.0665
    1226       2.1942
    1227       2.1493
    1228       2.1043
    1229       1.9895
    1230       2.0265
    1231       2.1004
    1232       2.0625
    1233       2.0232
    1234       2.0258
    1235       2.0862
    1236       1.9909
    1237       2.0016
    1238       2.0431
    1239       1.9877
    1240       2.0893
    1241       2.0913
    1242       2.1405
    1243       2.1281
    1244       2.1588
    1245       2.1118
    1246       2.1961
    1247       2.0997
    1248       2.1900
    1249       2.1721
    1250       2.0615
    1251       2.0403
    1252       2.0803
    1253       2.2243
    1254       2.1406
    1255       2.0321
    1256       2.0810
    1257       2.1419
    1258       2.1476
    1259       2.1021
    1260       2.1545
    1261       2.1060
    1262       2.1943
    1263       2.1707
    1264       2.1521
    1265       2.1749
    1266       2.0627
    1267       2.0791
    1268       2.2115
    1269       2.1875
    1270       2.0974
    1271       2.1478
    1272       2.0549
    1273       2.0652
    1274       2.0730
    1275       1.9715
    1276       2.0648
    1277       2.1083
    1278       1.9278
    1279       2.1248
    1280       2.1295
    1281       2.1602
    1282       2.1283
    1283       2.1040
    1284       2.0641
    1285       2.1064
    1286       2.0721
    1287       2.1570
    1288       2.0106
    1289       2.1570
    1290       2.0584
    1291       2.1958
    1292       1.9734
    1293       2.1292
    1294       2.1654
    1295       2.1226
    1296       2.1036
    1297       2.1478
    1298       2.0386
    1299       2.0967
    1300       2.0275
    1301       2.0101
    1302       2.0747
    1303       2.0883
    1304       2.3090
    1305       2.1352
    1306       2.1671
    1307       2.0426
    1308       2.1732
    1309       2.1503
    1310       2.3408
    1311       2.1203
    1312       2.1407
    1313       2.2424
    1314       2.0743
    1315       2.0362
    1316       2.1321
    1317       2.1060
    1318       2.0828
    1319       2.1493
    1320       2.2058
    1321       2.1519
    1322       2.1216
    1323       2.2801
    1324       2.2148
    1325       2.3069
    1326       2.0289
    1327       2.3146
    1328       2.1964
    1329       2.1675
    1330       2.2476
    1331       2.2543
    1332       2.2651
    1333       2.1212
    1334       2.0381
    1335       2.0936
    1336       2.1284
    1337       2.2755
    1338       2.1518
    1339       2.2458
    1340       2.1393
    1341       2.1854
    1342       2.1733
    1343       2.2292
    1344       2.1881
    1345       2.1705
    1346       2.3302
    1347       2.1623
    1348       2.2547
    1349       2.1940
    1350       2.2523
    1351       2.3705
    1352       2.2023
    1353       2.2007
    1354       2.2428
    1355       2.2537
    1356       2.2951
    1357       2.2168
    1358       2.3072
    1359       2.2638
    1360       2.0899
    1361       2.1682
    1362       2.1088
    1363       2.3168
    1364       2.1898
    1365       2.1121
    1366       2.1847
    1367       2.0356
    1368       2.0369
    1369       2.1098
    1370       2.0522
    1371       2.2901
    1372       2.1740
    1373       2.2035
    1374       2.2455
    1375       2.3103
    1376       2.1497
    1377       2.1859
    1378       2.0759
    1379       2.1339
    1380       2.2627
    1381       2.3259
    1382       2.1509
    1383       2.1481
    1384       2.2029
    1385       2.1986
    1386       2.2773
    1387       2.1841
    1388       2.2383
    1389       2.2783
    1390       2.2506
    1391       2.0169
    1392       2.1726
    1393       2.1221
    1394       2.2249
    1395       2.1973
    1396       2.0976
    1397       2.1734
    1398       2.2604
    1399       2.0918
    1400       2.1887
    1401       2.1709
    1402       2.2088
    1403       2.2093
    1404       2.1833
    1405       2.1482
    1406       2.2782
    1407       2.3176
    1408       2.1177
    1409       2.1327
    1410       2.2059
    1411       2.2804
    1412       2.1180
    1413       2.1880
    1414       2.2859
    1415       2.1171
    1416       2.1118
    1417       2.1481
    1418       2.0634
    1419       2.2013
    1420       2.1612
    1421       2.1718
    1422       2.2120
    1423       2.1590
    1424       2.2967
    1425       2.3352
    1426       2.2124
    1427       2.0867
    1428       2.1498
    1429       2.2856
    1430       2.2293
    1431       2.2727
    1432       2.3716
    1433       2.2145
    1434       2.3133
    1435       2.1557
    1436       2.1856
    1437       2.1607
    1438       2.1563
    1439       2.2516
    1440       2.2691
    1441       2.1977
    1442       2.1716
    1443       2.0879
    1444       2.2214
    1445       2.2629
    1446       2.2726
    1447       2.2024
    1448       2.3057
    1449       2.2201
    1450       2.1634
    1451       2.1722
    1452       2.2932
    1453       2.3328
    1454       2.2008
    1455       2.2623
    1456       2.2085
    1457       2.2231
    1458       2.3154
    1459       2.3013
    1460       2.1081
    1461       2.2330
    1462       2.2257
    1463       2.1868
    1464       2.2536
    1465       2.1517
    1466       2.1821
    1467       2.1540
    1468       2.1939
    1469       2.1885
    1470       2.1630
    1471       2.1315
    1472       2.2232
    1473       2.2185
    1474       2.1145
    1475       2.1194
    1476       2.2537
    1477       2.3430
    1478       2.3018
    1479       2.3297
    1480       2.2141
    1481       2.3386
    1482       2.1594
    1483       2.1962
    1484       2.1741
    1485       2.2534
    1486       2.1974
    1487       2.2382
    1488       2.2188
    1489       2.0926
    1490       2.0574
    1491       2.1922
    1492       2.0764
    1493       2.1747
    1494       1.9982
    1495       2.1071
    1496       2.2040
    1497       2.0971
    1498       2.1328
    1499       2.1182
    1500       2.0489
    1501       2.1868
    1502       2.0884
    1503       2.0073
    1504       2.0585
    1505       2.0500
    1506       2.1657
    1507       2.0663
    1508       2.0971
    1509       2.1949
    1510       2.0303
    1511       2.0587
    1512       2.2540
    1513       2.2125
    1514       2.0710
    1515       2.1819
    1516       2.2049
    1517       2.0426
    1518       2.0804
    1519       2.2051
    1520       2.0533
    1521       2.0712
    1522       2.2656
    1523       2.0511
    1524       2.2304
    1525       2.1522
    1526       2.1916
    1527       2.0649
    1528       2.1858
    1529       2.0720
    1530       2.1727
    1531       2.2729
    1532       2.0573
    1533       2.2635
    1534       2.0526
    1535       2.1084
    1536       1.9998
    1537       2.1336
    1538       2.0964
    1539       2.0947
    1540       2.1117
    1541       2.0427
    1542       2.0470
    1543       2.0967
    1544       2.1576
    1545       2.2132
    1546       2.2688
    1547       2.0842
    1548       1.9739
    1549       2.2095
    1550       1.9985
    1551       2.0770
    1552       2.1607
    1553       2.1046
    1554       2.0767
    1555       2.0885
    1556       2.0445
    1557       1.9808
    1558       2.0573
    1559       2.0552
    1560       2.2043
    1561       2.1361
    1562       2.1282
    1563       2.1159
    1564       2.2051
    1565       2.1493
    1566       2.1745
    1567       2.2043
    1568       2.1443
    1569       2.1761
    1570       2.2126
    1571       2.2474
    1572       2.1600
    1573       2.3036
    1574       2.1611
    1575       2.2603
    1576       2.2421
    1577       2.1855
    1578       2.1640
    1579       2.2781
    1580       2.1818
    1581       2.1460
    1582       2.0836
    1583       2.0570
    1584       2.0673
    1585       2.2190
    1586       2.1152
    1587       2.2317
    1588       2.2121
    1589       2.2271
    1590       2.2608
    1591       2.2964
    1592       2.1702
    1593       2.2106
    1594       2.2314
    1595       2.1828
    1596       2.1886
    1597       2.1887
    1598       2.0782
    1599       2.1944
    1600       2.1752
    1601       2.1471
    1602       2.1461
    1603       2.1161
    1604       2.1386
    1605       2.1808
    1606       2.3338
    1607       2.1789
    1608       2.1247
    1609       2.1845
    1610       2.1030
    1611       2.0548
    1612       2.0803
    1613       2.0797
    1614       2.1912
    1615       2.1490
    1616       2.0621
    1617       2.1977
    1618       2.1910
    1619       2.1410
    1620       2.2502
    1621       2.2044
    1622       2.1211
    1623       2.1750
    1624       2.1671
    1625       2.1102
    1626       2.1250
    1627       2.0447
    1628       2.0231
    1629       2.1463
    1630       2.2215
    1631       2.2679
    1632       2.2780
    1633       2.0624
    1634       2.2220
    1635       2.2100
    1636       2.1341
    1637       2.1648
    1638       2.3301
    1639       2.2281
    1640       2.2341
    1641       2.2072
    1642       2.2891
    1643       2.3164
    1644       2.2887
    1645       2.2566
    1646       2.3307
    1647       2.1875
    1648       2.2925
    1649       2.2956
    1650       2.3810
    1651       2.2701
    1652       2.1217
    1653       2.1659
    1654       2.3900
    1655       2.0369
    1656       2.1908
    1657       2.0782
    1658       2.2444
    1659       2.1182
    1660       2.1277
    1661       2.0851
    1662       2.0368
    1663       2.0277
    1664       2.1070
    1665       2.1289
    1666       2.1250
    1667       2.1549
    1668       2.1627
    1669       2.1483
    1670       2.1127
    1671       2.1218
    1672       2.1924
    1673       2.1545
    1674       2.1808
    1675       2.1960
    1676       2.1785
    1677       2.1376
    1678       2.2060
    1679       2.2060
    1680       2.2201
    1681       2.1349
    1682       2.2548
    1683       2.1706
    1684       2.1593
    1685       2.2069
    1686       2.0506
    1687       2.1429
    1688       2.1705
    1689       2.1432
    1690       2.0841
    1691       2.0890
    1692       2.0341
    1693       2.1532
    1694       2.0690
    1695       2.1940
    1696       2.1147
    1697       2.1680
    1698       2.1123
    1699       2.0521
    1700       2.2376
    1701       2.1142
    1702       2.0789
    1703       2.0885
    1704       2.0835
    1705       2.1860
    1706       2.1357
    1707       2.1363
    1708       2.1269
    1709       2.0711
    1710       2.0918
    1711       2.1066
    1712       2.0963
    1713       2.0410
    1714       2.0955
    1715       2.1080
    1716       2.1291
    1717       2.1704
    1718       2.0490
    1719       2.1283
    1720       2.1189
    1721       2.0024
    1722       2.1000
    1723       2.0729
    1724       2.1553
    1725       2.1705
    1726       2.0518
    1727       2.0535
    1728       2.1302
    1729       2.1376
    1730       2.1630
    1731       2.1456
    1732       2.1379
    1733       2.1921
    1734       2.1545
    1735       2.1003
    1736       2.1080
    1737       2.1838
    1738       2.1612
    1739       2.1665
    1740       2.0162
    1741       2.2749
    1742       2.1756
    1743       2.0429
    1744       2.1960
    1745       2.2633
    1746       2.2562
    1747       2.2812
    1748       2.1580
    1749       2.1909
    1750       2.2067
    1751       2.2345
    1752       2.2223
    1753       2.2660
    1754       2.1841
    1755       2.1419
    1756       2.1499
    1757       2.1792
    1758       2.1638
    1759       2.0977
    1760       2.0862
    1761       2.1294
    1762       2.0311
    1763       2.2598
    1764       2.1782
    1765       2.1209
    1766       2.1323
    1767       2.1726
    1768       2.2073
    1769       2.2236
    1770       2.2613
    1771       2.2024
    1772       2.1696
    1773       2.2315
    1774       2.3053
    1775       2.3319
    1776       2.2122
    1777       2.2420
    1778       2.2527
    1779       2.2114
    1780       2.1242
    1781       2.0257
    1782       2.1176
    1783       2.1584
    1784       2.1322
    1785       2.1522
    1786       2.1394
    1787       2.1033
    1788       2.1723
    1789       2.1268
    1790       2.1516
    1791       2.0877
    1792       2.0648
    1793       2.0887
    1794       2.0662
    1795       2.0824
    1796       2.1416
    1797       2.1233
    1798       2.1808
    1799       2.1222
    1800       2.1848
    1801       2.2614
    1802       2.2288
    1803       2.2969
    1804       2.2919
    1805       2.2815
    1806       2.2844
    1807       2.1057
    1808       2.3452
    1809       2.2310
    1810       2.2356
    1811       2.1526
    1812       2.1881
    1813       2.2710
    1814       2.3706
    1815       2.2201
    1816       2.3710
    1817       2.1779
    1818       2.2286
    1819       2.2772
    1820       2.3078
    1821       2.2083
    1822       2.2413
    1823       2.2574
    1824       2.2255
    1825       2.1997
    1826       2.2722
    1827       2.2142
    1828       2.2825
    1829       2.1597
    1830       2.1833
    1831       2.3351
    1832       2.2038
    1833       2.1613
    1834       2.3106
    1835       2.3237
    1836       2.2532
    1837       2.1604
    1838       2.2428
    1839       2.3203
    1840       2.2142
    1841       2.2192
    1842       2.4325
    1843       2.2915
    1844       2.3622
    1845       2.3179
    1846       2.3197
    1847       2.2109
    1848       2.3145
    1849       2.3072
    1850       2.4089
    1851       2.2443
    1852       2.3914
    1853       2.3507
    1854       2.3033
    1855       2.3483
    1856       2.4577
    1857       2.4168
    1858       2.3455
    1859       2.2323
    1860       2.2413
    1861       2.2414
    1862       2.4762
    1863       2.3061
    1864       2.1880
    1865       2.2356
    1866       2.3490
    1867       2.2681
    1868       2.2530
    1869       2.3561
    1870       2.4320
    1871       2.2387
    1872       2.3655
    1873       2.4071
    1874       2.3552
    1875       2.3512
    1876       2.4886
    1877       2.3778
    1878       2.3550
    1879       2.4246
    1880       2.3195
    1881       2.3117
    1882       2.3237
    1883       2.2451
    1884       2.1660
    1885       2.3372
    1886       2.2090
    1887       2.2783
    1888       2.2301
    1889       2.1335
    1890       2.3264
    1891       2.2144
    1892       2.2532
    1893       2.1747
    1894       2.2738
    1895       2.2000
    1896       2.2914
    1897       2.4468
    1898       2.5269
    1899       2.3861
    1900       2.2212
    1901       2.2967
    1902       2.2506
    1903       2.3707
    1904       2.4140
    1905       2.4246
    1906       2.2749
    1907       2.3642
    1908       2.3743
    1909       2.1585
    1910       2.2519
    1911       2.2804
    1912       2.3498
    1913       2.1864
    1914       2.1550
    1915       2.2312
    1916       2.3633
    1917       2.3465
    1918       2.3468
    1919       2.2383
    1920       2.3004
    1921       2.2556
    1922       2.3539
    1923       2.1558
    1924       2.3215
    1925       2.2734
    1926       2.3403
    1927       2.2246
    1928       2.3696
    1929       2.2807
    1930       2.3036
    1931       2.2895
    1932       2.3347
    1933       2.4509
    1934       2.3673
    1935       2.3509
    1936       2.2665
    1937       2.4275
    1938       2.2511
    1939       2.2954
    1940       2.2461
    1941       2.2047
    1942       2.3602
    1943       2.3563
    1944       2.2124
    1945       2.2333
    1946       2.3624
    1947       2.3974
    1948       2.3426
    1949       2.4422
    1950       2.2791
    1951       2.5355
    1952       2.3162
    1953       2.3992
    1954       2.2990
    1955       2.3811
    1956       2.4191
    1957       2.3462
    1958       2.3185
    1959       2.3962
    1960       2.1597
    1961       2.3063
    1962       2.2848
    1963       2.1953
    1964       2.2106
    1965       2.1618
    1966       2.2494
    1967       2.2585
    1968       2.3315
    1969       2.2778
    1970       2.2675
    1971       2.3720
    1972       2.2587
    1973       2.3604
    1974       2.2714
    1975       2.3163
    1976       2.3070
    1977       2.2333
    1978       2.2863
    1979       2.2234
    1980       2.2494
    1981       2.3227
    1982       2.2509
    1983       2.2245
    1984       2.1986
    1985       2.1586
    1986       2.2409
    1987       2.3248
    1988       2.1620
    1989       2.2118
    1990       2.0061
    1991       2.1634
    1992       2.1511
    1993       2.1964
    1994       2.2694
    1995       2.2126
    1996       2.1457
    1997       2.1214
    1998       2.2684
    1999       2.2417
    2000       2.1731
    2001       2.2875
    2002       2.1857
    2003       2.2337
    2004       2.2410
    2005       2.1334
    2006       2.2093
    2007       2.3067
    2008       2.2063
    2009       2.3479
    2010       2.1271
    2011       2.2949
    2012       2.2283
    2013       2.3204
    2014       2.3094
    2015       2.2745
    2016       2.2168
    2017       2.1997
    2018       2.3336
    2019       2.3788
    2020       2.2981
    2021       2.3154
    2022       2.3550
    2023       2.1859
    2024       2.3111
    2025       2.4015
    2026       2.2621
    2027       2.2600
    2028       2.1572
    2029       2.4007
    2030       2.3024
    2031       2.3281
    2032       2.3268
    2033       2.2853
    2034       2.2485
    2035       2.3347
    2036       2.1894
    2037       2.3095
    2038       2.2783
    2039       2.4185
    2040       2.2992
    2041       2.3144
    2042       2.4314
    2043       2.3438
    2044       2.3080
    2045       2.3203
    2046       2.1925
    2047       2.1557
    2048       2.3111
    2049       2.1942
    2050       2.2697
    2051       2.2329
    2052       2.2125
    2053       2.2570
    2054       2.2882
    2055       2.1987
    2056       2.2608
    2057       2.2274
    2058       2.3165
    2059       2.3711
    2060       2.3000
    2061       2.2540
    2062       2.3263
    2063       2.1786
    2064       2.2208
    2065       2.1953
    2066       2.2946
    2067       2.3055
    2068       2.3392
    2069       2.2685
    2070       2.3554
    2071       2.2248
    2072       2.0866
    2073       2.2175
    2074       2.2343
    2075       2.2194
    2076       2.2172
    2077       2.2889
    2078       2.3298
    2079       2.2883
    2080       2.1868
    2081       2.3363
    2082       2.2101
    2083       2.2124
    2084       2.2183
    2085       2.2546
    2086       2.2111
    2087       2.2510
    2088       2.3356
    2089       2.2739
    2090       2.1776
    2091       2.2533
    2092       2.1778
    2093       2.3393
    2094       2.2257
    2095       2.1449
    2096       2.1925
    2097       2.2269
    2098       2.2145
    2099       2.3041
    2100       2.3622
    2101       2.2241
    2102       2.3066
    2103       2.2293
    2104       2.0941
    2105       2.1874
    2106       2.2531
    2107       2.1029
    2108       2.2053
    2109       2.1802
    2110       2.2175
    2111       2.2420
    2112       2.2888
    2113       2.3654
    2114       2.2502
    2115       2.2471
    2116       2.2252
    2117       2.2914
    2118       2.2242
    2119       2.1467
    2120       2.2756
    2121       2.2331
    2122       2.2740
    2123       2.4257
    2124       2.3438
    2125       2.3648
    2126       2.2910
    2127       2.3096
    2128       2.2980
    2129       2.1371
    2130       2.2552
    2131       2.1674
    2132       2.2721
    2133       2.1785
    2134       2.2448
    2135       2.2021
    2136       2.1681
    2137       2.2083
    2138       2.1864
    2139       2.2194
    2140       2.2837
    2141       2.1060
    2142       2.0775
    2143       2.1316
    2144       2.1973
    2145       2.1136
    2146       2.2042
    2147       2.3579
    2148       2.3134
    2149       2.2254
    2150       2.1860
    2151       2.1498
    2152       2.1557
    2153       2.2033
    2154       2.1852
    2155       2.2043
    2156       2.2809
    2157       2.1162
    2158       2.2463
    2159       2.2579
    2160       2.1735
    2161       2.2140
    2162       2.1882
    2163       2.1916
    2164       2.3099
    2165       2.1277
    2166       2.1603
    2167       2.0650
    2168       2.1903
    2169       2.1338
    2170       2.1575
    2171       2.2964
    2172       2.2431
    2173       2.2851
    2174       2.3017
    2175       2.1749
    2176       2.2742
    2177       2.3047
    2178       2.3339
    2179       2.2183
    2180       2.1902
    2181       2.2650
    2182       2.2143
    2183       2.2164
    2184       2.2324
    2185       2.2320
    2186       2.2246
    2187       2.1980
    2188       2.1651
    2189       2.2400
    2190       2.1422
    2191       2.2540
    2192       2.1435
    2193       2.1996
    2194       2.2743
    2195       2.2500
    2196       2.1718
    2197       2.1811
    2198       2.2931
    2199       2.1935
    2200       2.1634
    2201       2.2292
    2202       2.2893
    2203       2.2623
    2204       2.2285
    2205       2.2551
    2206       2.2710
    2207       2.1879
    2208       2.1193
    2209       2.2111
    2210       2.3152
    2211       2.2484
    2212       2.1879
    2213       2.1775
    2214       2.1416
    2215       2.1540
    2216       2.2128
    2217       2.2293
    2218       2.2921
    2219       2.2477
    2220       2.2238
    2221       2.3355
    2222       2.2708
    2223       2.1652
    2224       2.1458
    2225       2.1263
    2226       2.1982
    2227       2.1692
    2228       2.1540
    2229       2.1679
    2230       2.2423
    2231       2.2819
    2232       2.2426
    2233       2.1973
    2234       2.0933
    2235       2.1895
    2236       2.2264
    2237       2.1466
    2238       2.2132
    2239       2.2402
    2240       2.1989
    2241       2.2634
    2242       2.2749
    2243       2.1505
    2244       2.0641
    2245       2.1775
    2246       2.2286
    2247       2.2412
    2248       2.1837
    2249       2.1771
    2250       2.0625
    2251       2.2290
    2252       2.1989
    2253       2.3136
    2254       2.2527
    2255       2.2551
    2256       2.1008
    2257       2.1990
    2258       2.0562
    2259       2.2080
    2260       2.3001
    2261       2.2324
    2262       2.1018
    2263       2.0437
    2264       2.2020
    2265       2.2221
    2266       2.2045
    2267       2.1910
    2268       2.1899
    2269       2.2757
    2270       2.2773
    2271       2.2125
    2272       2.2703
    2273       2.1712
    2274       2.1775
    2275       2.0584
    2276       2.1719
    2277       2.1608
    2278       2.1782
    2279       2.1236
    2280       2.1715
    2281       2.1929
    2282       2.2604
    2283       2.1379
    2284       2.2206
    2285       2.2194
    2286       2.4270
    2287       2.3842
    2288       2.2112
    2289       2.2347
    2290       2.2565
    2291       2.1397
    2292       2.2574
    2293       2.3153
    2294       2.2265
    2295       2.3083
    2296       2.1819
    2297       2.3253
    2298       2.1463
    2299       2.2196
    2300       2.2505
    2301       2.3621
    2302       2.3455
    2303       2.1979
    2304       2.2419
    2305       2.3379
    2306       2.4371
    2307       2.2826
    2308       2.3200
    2309       2.3512
    2310       2.4474
    2311       2.2769
    2312       2.2950
    2313       2.3863
    2314       2.3891
    2315       2.3518
    2316       2.3061
    2317       2.4205
    2318       2.3821
    2319       2.2654
    2320       2.2366
    2321       2.3000
    2322       2.3420
    2323       2.2534
    2324       2.2941
    2325       2.1898
    2326       2.2349
    2327       2.3042
    2328       2.2421
    2329       2.1123
    2330       2.1718
    2331       2.2557
    2332       2.2027
    2333       2.2501
    2334       2.2209
    2335       2.2254
    2336       2.2334
    2337       2.2016
    2338       2.2395
    2339       2.2432
    2340       2.2103
    2341       2.1667
    2342       2.2077
    2343       2.1462
    2344       2.1460
    2345       2.1556
    2346       2.1044
    2347       2.1317
    2348       2.1994
    2349       2.1398
    2350       2.0349
    2351       2.1484
    2352       2.2144
    2353       2.2193
    2354       2.1381
    2355       2.1051
    2356       2.0828
    2357       2.1377
    2358       2.0917
    2359       2.1346
    2360       2.1893
    2361       2.1441
    2362       2.0874
    2363       2.2455
    2364       2.1884
    2365       2.2268
    2366       2.2123
    2367       2.2369
    2368       2.1301
    2369       2.1881
    2370       2.3062
    2371       2.1878
    2372       2.2663
    2373       2.1502
    2374       2.1478
    2375       2.1927
    2376       2.2728
    2377       2.3096
    2378       2.1579
    2379       2.2202
    2380       2.2426
    2381       2.2009
    2382       2.2833
    2383       2.1956
    2384       2.2405
    2385       2.2987
    2386       2.3359
    2387       2.2609
    2388       2.2942
    2389       2.3350
    2390       2.2983
    2391       2.2784
    2392       2.2847
    2393       2.3760
    2394       2.4215
    2395       2.2098
    2396       2.4364
    2397       2.2710
    2398       2.2734
    2399       2.2371
    2400       2.3856
    2401       2.4916
    2402       2.4963
    2403       2.5668
    2404       2.4990
    2405       2.5113
    2406       2.4201
    2407       2.3860
    2408       2.4033
    2409       2.3781
    2410       2.2258
    2411       2.2500
    2412       2.2490
    2413       2.3455
    2414       2.3442
    2415       2.3011
    2416       2.3191
    2417       2.3051
    2418       2.3077
    2419       2.2540
    2420       2.2443
    2421       2.2521
    2422       2.2749
    2423       2.3306
    2424       2.4084
    2425       2.3693
    2426       2.2879
    2427       2.3723
    2428       2.3441
    2429       2.2619
    2430       2.2946
    2431       2.4938
    2432       2.3733
    2433       2.3242
    2434       2.4946
    2435       2.3748
    2436       2.4545
    2437       2.4051
    2438       2.2745
    2439       2.2405
    2440       2.2429
    2441       2.1981
    2442       2.2855
    2443       2.1327
    2444       2.4562
    2445       2.3626
    2446       2.3888
    2447       2.4541
    2448       2.3640
    2449       2.2805
    2450       2.3687
    2451       2.3485
    2452       2.3966
    2453       2.3591
    2454       2.3328
    2455       2.3696
    2456       2.2934
    2457       2.3410
    2458       2.2500
    2459       2.3679
    2460       2.2821
    2461       2.2670
    2462       2.2520
    2463       2.4872
    2464       2.4910
    2465       2.4475
    2466       2.4541
    2467       2.2993
    2468       2.4728
    2469       2.3371
    2470       2.4530
    2471       2.3571
    2472       2.4402
    2473       2.3277
    2474       2.4380
    2475       2.3654
    2476       2.2957
    2477       2.3893
    2478       2.3776
    2479       2.3011
    2480       2.4371
    2481       2.3760
    2482       2.3032
    2483       2.3419
    2484       2.2366
    2485       2.2721
    2486       2.1941
    2487       2.2822
    2488       2.2557
    2489       2.2727
    2490       2.2299
    2491       2.3007
    2492       2.2862
    2493       2.4603
    2494       2.2095
    2495       2.2205
    2496       2.1824
    2497       2.2777
    2498       2.2604
    2499       2.1781
    2500       2.1809
    2501       2.1904
    2502       2.2872
    2503       2.1732
    2504       2.3154
    2505       2.3341
    2506       2.2878
    2507       2.2196
    2508       2.2581
    2509       2.1956
    2510       2.1165
    2511       2.2740
    2512       2.2626
    2513       2.2914
    2514       2.2120
    2515       2.1316
    2516       2.2470
    2517       2.2001
    2518       2.2212
    2519       2.1552
    2520       2.1570
    2521       2.2464
    2522       2.1524
    2523       2.2477
    2524       2.1611
    2525       2.2131
    2526       2.2496
    2527       2.2586
    2528       2.1633
    2529       2.1412
    2530       2.2560
    2531       2.2191
    2532       2.2416
    2533       2.2671
    2534       2.2446
    2535       2.3592
    2536       2.3747
    2537       2.3450
    2538       2.1921
    2539       2.0482
    2540       2.1612
    2541       2.0826
    2542       2.0560
    2543       2.0426
    2544       2.1087
    2545       2.1186
    2546       2.0485
    2547       2.0543
    2548       2.1395
    2549       2.1204
    2550       2.1037
    2551       2.2098
    2552       2.2244
    2553       2.1873
    2554       2.0862
    2555       2.2204
    2556       2.2002
    2557       2.1716
    2558       2.1903
    2559       2.2160
    2560       2.0726
    2561       2.2258
    2562       2.1372
    2563       2.0588
    2564       2.0676
    2565       2.0484
    2566       2.2429
    2567       2.1771
    2568       2.1411
    2569       2.2401
    2570       2.0795
    2571       2.3664
    2572       2.2360
    2573       2.1393
    2574       2.0649
    2575       2.2010
    2576       2.2661
    2577       2.1309
    2578       2.2056
    2579       2.2348
    2580       2.1188
    2581       2.2047
    2582       2.1724
    2583       2.2507
    2584       2.1412
    2585       2.2663
    2586       2.1914
    2587       2.2155
    2588       2.3176
    2589       2.3263
    2590       2.2665
    2591       2.2253
    2592       2.2058
    2593       2.2546
    2594       2.1973
    2595       2.2286
    2596       2.2702
    2597       2.2928
    2598       2.2392
    2599       2.2834
    2600       2.2513
    2601       2.2857
    2602       2.2202
    2603       2.2736
    2604       2.1665
    2605       2.1897
    2606       2.1748
    2607       2.1228
    2608       2.1194
    2609       2.2643
    2610       2.3843
    2611       2.2141
    2612       2.2084
    2613       2.2024
    2614       2.2788
    2615       2.2795
    2616       2.3511
    2617       2.3517
    2618       2.3079
    2619       2.2819
    2620       2.2861
    2621       2.2210
    2622       2.3272
    2623       2.2967
    2624       2.3316
    2625       2.3371
    2626       2.2631
    2627       2.3238
    2628       2.3724
    2629       2.3051
    2630       2.2678
    2631       2.3494
    2632       2.3561
    2633       2.3028
    2634       2.3149
    2635       2.3073
    2636       2.2509
    2637       2.3312
    2638       2.1941
    2639       2.2429
    2640       2.3314
    2641       2.3698
    2642       2.2379
    2643       2.3026
    2644       2.2628
    2645       2.3513
    2646       2.2273
    2647       2.3216
    2648       2.3063
    2649       2.2746
    2650       2.2526
    2651       2.3024
    2652       2.3505
    2653       2.4560
    2654       2.2483
    2655       2.2344
    2656       2.2942
    2657       2.1180
    2658       2.2814
    2659       2.2707
    2660       2.3200
    2661       2.3522
    2662       2.2651
    2663       2.3994
    2664       2.2946
    2665       2.3117
    2666       2.2421
    2667       2.3082
    2668       2.1766
    2669       2.1607
    2670       2.1704
    2671       2.2108
    2672       2.2582
    2673       2.2307
    2674       2.2874
    2675       2.3238
    2676       2.2799
    2677       2.1609
    2678       2.3456
    2679       2.1683
    2680       2.3572
    2681       2.2672
    2682       2.1499
    2683       2.2544
    2684       2.1130
    2685       2.3727
    2686       2.1843
    2687       2.2991
    2688       2.1445
    2689       2.2814
    2690       2.1744
    2691       2.2802
    2692       2.2167
    2693       2.1789
    2694       2.1748
    2695       2.2290
    2696       2.1654
    2697       2.1732
    2698       2.1725
    2699       2.1587
    2700       2.0193
    2701       2.0639
    2702       2.3102
    2703       2.2477
    2704       2.3021
    2705       2.3412
    2706       2.2473
    2707       2.1841
    2708       2.2772
    2709       2.3179
    2710       2.2125
    2711       2.1543
    2712       2.2803
    2713       2.3223
    2714       2.2320
    2715       2.2581
    2716       2.4213
    2717       2.2292
    2718       2.2920
    2719       2.3099
    2720       2.2065
    2721       2.2739
    2722       2.2624
    2723       2.1948
    2724       2.1856
    2725       2.3622
    2726       2.2273
    2727       2.2660
    2728       2.0784
    2729       2.2061
    2730       2.2185
    2731       2.1888
    2732       2.1994
    2733       2.0652
    2734       2.2374
    2735       2.2138
    2736       2.2312
    2737       2.3121
    2738       2.4458
    2739       2.2618
    2740       2.2591
    2741       2.2021
    2742       2.2829
    2743       2.1764
    2744       2.2215
    2745       2.3137
    2746       2.2450
    2747       2.3248
    2748       2.2750
    2749       2.1244
    2750       2.2809
    2751       2.1139
    2752       2.2816
    2753       2.2289
    2754       2.2210
    2755       2.2686
    2756       2.2758
    2757       2.1831
    2758       2.1940
    2759       2.2211
    2760       2.1863
    2761       2.2259
    2762       2.0902
    2763       2.2090
    2764       2.2211
    2765       2.2399
    2766       2.2084
    2767       2.1492
    2768       2.1144
    2769       2.0967
    2770       2.3417
    2771       2.2381
    2772       2.2898
    2773       2.2917
    2774       2.2514
    2775       2.1929
    2776       2.2135
    2777       2.2093
    2778       2.3228
    2779       2.2447
    2780       2.3133
    2781       2.2393
    2782       2.3103
    2783       2.3566
    2784       2.2380
    2785       2.2448
    2786       2.2381
    2787       2.3461
    2788       2.4165
    2789       2.4521
    2790       2.2749
    2791       2.3424
    2792       2.1784
    2793       2.2007
    2794       2.2058
    2795       2.4824
    2796       2.3483
    2797       2.3843
    2798       2.2738
    2799       2.3241
    2800       2.2553
    2801       2.1787
    2802       2.2826
    2803       2.2520
    2804       2.4375
    2805       2.2575
    2806       2.3145
    2807       2.4062
    2808       2.3565
    2809       2.3234
    2810       2.2804
    2811       2.2665
    2812       2.2382
    2813       2.2468
    2814       2.2207
    2815       2.1784
    2816       2.1880
    2817       2.1746
    2818       2.1782
    2819       2.1153
    2820       2.2223
    2821       2.0872
    2822       2.1445
    2823       2.1943
    2824       2.3279
    2825       2.2204
    2826       2.1865
    2827       2.2600
    2828       2.2153
    2829       2.2129
    2830       2.2268
    2831       2.1697
    2832       2.1839
    2833       2.1983
    2834       2.1729
    2835       2.1054
    2836       2.3409
    2837       2.3088
    2838       2.2354
    2839       2.2542
    2840       2.2721
    2841       2.3303
    2842       2.2539
    2843       2.2616
    2844       2.2229
    2845       2.2110
    2846       2.1573
    2847       2.1999
    2848       2.2871
    2849       2.3303
    2850       2.3203
    2851       2.2006
    2852       2.3371
    2853       2.1268
    2854       2.1900
    2855       2.2647
    2856       2.1826
    2857       2.1475
    2858       2.2063
    2859       2.2212
    2860       2.2056
    2861       2.2595
    2862       2.2846
    2863       2.3400
    2864       2.2672
    2865       2.2876
    2866       2.3301
    2867       2.3194
    2868       2.2087
    2869       2.3143
    2870       2.2195
    2871       2.2432
    2872       2.2163
    2873       2.2559
    2874       2.1727
    2875       2.3036
    2876       2.1001
    2877       2.0667
    2878       2.2393
    2879       2.1116
    2880       2.2867
    2881       2.2409
    2882       2.2435
    2883       2.1632
    2884       2.2563
    2885       2.1495
    2886       2.2362
    2887       2.2781
    2888       2.1946
    2889       2.2513
    2890       2.2182
    2891       2.1704
    2892       2.1746
    2893       2.2567
    2894       2.2253
    2895       2.2628
    2896       2.1791
    2897       2.2549
    2898       2.1989
    2899       2.1299
    2900       2.2776
    2901       2.1916
    2902       2.2372
    2903       2.3276
    2904       2.2932
    2905       2.2021
    2906       2.1946
    2907       2.2547
    2908       2.1837
    2909       2.2847
    2910       2.2916
    2911       2.2047
    2912       2.3998
    2913       2.4801
    2914       2.3857
    2915       2.3056
    2916       2.2253
    2917       2.2370
    2918       2.3711
    2919       2.2919
    2920       2.2945
    2921       2.3271
    2922       2.2622
    2923       2.2777
    2924       2.3690
    2925       2.3191
    2926       2.2332
    2927       2.2311
    2928       2.2874
    2929       2.1481
    2930       2.1692
    2931       2.1707
    2932       2.2854
    2933       2.2227
    2934       2.2312
    2935       2.3259
    2936       2.2924
    2937       2.3826
    2938       2.2943
    2939       2.2754
    2940       2.2718
    2941       2.2601
    2942       2.3382
    2943       2.2640
    2944       2.2767
    2945       2.4383
    2946       2.2498
    2947       2.2053
    2948       2.1942
    2949       2.2992
    2950       2.3822
    2951       2.1034
    2952       2.2144
    2953       2.2416
    2954       2.1467
    2955       2.2401
    2956       2.2067
    2957       2.3191
    2958       2.2387
    2959       2.2598
    2960       2.2203
    2961       2.4142
    2962       2.3495
    2963       2.3159
    2964       2.2872
    2965       2.2528
    2966       2.2285
    2967       2.2629
    2968       2.2154
    2969       2.2752
    2970       2.3213
    2971       2.3823
    2972       2.2728
    2973       2.2381
    2974       2.2236
    2975       2.1922
    2976       2.3181
    2977       2.3298
    2978       2.2518
    2979       2.2957
    2980       2.2603
    2981       2.2795
    2982       2.2767
    2983       2.3327
    2984       2.4100
    2985       2.1849
    2986       2.1908
    2987       2.1927
    2988       2.3370
    2989       2.3778
    2990       2.3183
    2991       2.2843
    2992       2.2391
    2993       2.2863
    2994       2.2830
    2995       2.2202
    2996       2.1132
    2997       2.1417
    2998       2.1610
    2999       2.3454
    3000       2.2595
    3001       2.2318
