0.266607
0.561918
0.862948
1.169410
1.478123
1.788131
2.096365
2.410301
2.703879
2.999852
3.333209
3.655690
4.023011
4.367643
4.736950
5.108631
5.424755
5.768869
6.140895
6.503379
6.835747
7.194978
7.566073
7.934429
8.317358
8.686406
9.047713
9.440567
9.839400
10.252383
10.632097
11.001905
11.376012
11.787454
12.187004
12.585159
12.964501
13.351540
13.749282
14.183896
14.624024
15.029341
15.451400
15.855476
16.220213
16.601585
16.961436
17.348729
17.753314
18.163321
18.542414
18.977312
19.387248
19.783898
20.197742
20.620876
21.007192
21.383533
21.768604
22.173567
22.568336
22.970697
23.374402
23.732601
24.161318
24.562564
25.030420
25.484856
25.894716
26.332027
26.768649
27.189650
27.630231
28.053050
28.461850
28.863936
29.287418
29.691958
30.114427
30.544611
30.962600
31.366504
31.766225
32.208895
32.633750
33.036605
33.441840
33.855768
34.256083
34.636584
35.068798
35.560933
35.958040
36.401021
36.847953
37.264998
37.635007
38.027858
38.451508
38.840643
39.255041
39.658867
40.099088
40.530835
40.882011
41.286900
41.670549
42.059541
42.421993
42.822413
43.223523
43.625734
44.015509
44.449990
44.873472
45.246717
45.598381
45.991732
46.372409
46.790949
47.161254
47.538673
47.934402
48.365173
48.759603
49.151816
49.529654
49.957048
50.355305
50.796258
51.198421
51.598692
52.019748
52.415379
52.813314
53.224038
53.621720
54.000808
54.393552
54.781373
55.174386
55.572018
56.025706
56.450317
56.941799
57.335051
57.764042
58.158858
58.569900
58.962914
59.388976
59.774310
60.212375
60.579260
60.964148
61.374460
61.772112
62.184297
62.606254
63.003032
63.449252
63.834297
64.263063
64.658834
65.070128
65.453763
65.846519
66.251448
66.670856
67.052081
67.413589
67.768208
68.155492
68.561456
68.994083
69.448245
69.845987
70.244352
70.627134
71.023810
71.407678
71.793994
72.180533
72.651392
73.088321
73.505877
73.923219
74.309649
74.735465
75.142688
75.535814
75.930384
76.300846
76.687386
77.103501
77.501412
77.878578
78.276789
78.669479
79.104584
79.499902
79.942831
80.340250
80.764196
81.178399
81.595933
81.985731
82.391313
82.771183
83.178756
83.562978
83.979659
84.354551
84.751025
85.140853
85.528636
85.934766
86.305964
86.703693
87.101250
87.510840
87.922681
88.322261
88.735078
89.141716
89.522450
89.888598
90.308262
90.702437
91.098112
91.491274
91.893414
92.299973
92.695244
93.086497
93.508206
93.883298
94.253495
94.611365
95.011886
95.425714
95.804658
96.210750
96.601655
96.975111
97.356704
97.740267
98.133902
98.550632
98.955297
99.354139
99.757525
100.155712
100.590622
100.983973
101.379099
101.787032
102.198783
102.575095
102.962025
103.344489
103.752426
104.176921
104.593583
105.005049
105.391098
105.798311
106.195063
106.581527
107.008293
107.412385
107.814220
108.231362
108.639621
109.073121
109.520231
109.969805
110.373610
110.811414
111.272682
111.771178
112.182453
112.637208
113.124541
113.565788
114.026036
114.435615
114.905631
115.336669
115.753720
116.161698
116.571441
117.032448
117.457778
117.895968
118.303163
118.716971
119.137271
119.560197
120.063863
120.511234
120.935168
121.442952
121.872133
122.305087
122.726338
123.189261
123.641877
124.078585
124.482672
124.940965
125.413814
125.829808
126.253164
126.674708
127.111858
127.539609
127.952653
128.398092
128.829024
129.268366
129.669742
130.044978
130.472656
130.896520
131.332348
131.699610
132.077489
132.462977
132.865672
133.263394
133.688972
134.086275
134.486348
134.892186
135.265421
135.667142
136.052504
136.492492
136.933034
137.360793
137.785148
138.254543
138.675268
139.068780
139.459560
139.898611
140.338822
140.756093
141.104671
141.480508
141.828522
142.196900
142.593507
142.959529
143.302276
143.637897
144.005338
144.344645
144.730598
145.149794
145.554820
145.938504
146.350647
146.745823
147.179735
147.548083
147.871360
148.155231
148.468059
148.834866
149.210996
149.588197
149.981281
150.341014
150.722744
151.090271
151.495696
151.901107
152.267570
152.684131
153.092154
153.481541
153.867895
154.259056
154.632957
155.056071
155.429864
155.853695
156.213131
156.594828
157.004508
157.376257
157.786091
158.152696
158.507211
158.797714
159.167287
159.520904
159.892100
160.253205
160.664189
160.992975
161.279303
161.587637
161.904543
162.213830
162.531642
162.863794
163.159613
163.447428
163.757133
164.062509
164.399463
164.692562
165.042458
165.378270
165.706732
166.067584
166.381949
166.718193
167.057028
167.438579
167.843461
168.353335
168.810377
169.166590
169.571579
169.944199
170.276623
170.555024
170.853070
171.148183
171.484208
171.786242
172.102289
172.415395
172.733435
173.036006
173.340382
173.642603
173.985266
174.319554
174.697593
175.068386
175.448937
175.827948
176.245711
176.614477
176.944624
177.319728
177.688114
178.053931
178.444543
178.865712
179.310798
179.691320
180.081867
180.498622
180.897181
181.240972
181.647667
182.071775
182.438492
182.869882
183.236665
183.576181
183.986937
184.371560
184.718201
185.114736
185.517508
185.889496
186.298821
186.692891
187.062828
187.474702
187.812496
188.200506
188.589691
188.930295
189.272682
189.641731
189.985188
190.364435
190.745432
191.104671
191.450971
191.837343
192.183487
192.531225
192.883443
193.215625
193.599806
193.996744
194.319862
194.672843
195.052634
195.402491
195.808242
196.187163
196.527792
196.882516
197.282306
197.604170
197.966653
198.334439
198.650492
199.015178
199.381009
199.728010
200.103155
200.511000
200.848620
201.239508
201.624641
201.981787
202.389768
202.730401
203.110984
203.512682
203.872701
204.195381
204.555240
204.923894
205.280653
205.626059
205.985199
206.335948
206.708724
207.087846
207.433053
207.842340
208.229990
208.532557
208.911219
209.305269
209.617863
209.997681
210.389105
210.675494
211.069080
211.438938
211.783426
212.128460
212.511474
212.873714
213.279810
213.606908
213.973308
214.331831
214.696792
215.051364
215.448496
215.789484
216.185493
216.572278
216.905755
217.280270
217.678880
217.985649
218.346987
218.719908
219.063178
219.389637
219.756259
220.089331
220.414133
220.783726
221.140081
221.451096
221.814730
222.141819
222.456736
222.800022
223.128388
223.434638
223.769807
224.124699
224.407509
224.763081
225.099586
225.403556
225.748502
226.079750
226.396336
226.774587
227.144972
227.483202
227.835267
228.187120
228.539374
228.915545
229.278933
229.618164
229.927156
230.312601
230.670373
230.965220
231.345194
231.692658
