#Frame         myrmsd
       1       0.0000
       2       1.3138
       3       1.3678
       4       1.4251
       5       1.4944
       6       1.4602
       7       1.6049
       8       1.6261
       9       1.7381
      10       1.9318
      11       1.7881
      12       1.8777
      13       1.6989
      14       1.8314
      15       2.0071
      16       1.8347
      17       1.9823
      18       2.0942
      19       1.8041
      20       1.8025
      21       1.7647
      22       1.7281
      23       1.8811
      24       1.7732
      25       1.8502
      26       1.6965
      27       1.8141
      28       1.8507
      29       1.6991
      30       1.8685
      31       2.0167
      32       1.8645
      33       2.0605
      34       1.8491
      35       1.9246
      36       1.8211
      37       1.9849
      38       1.6937
      39       1.5241
      40       1.6785
      41       1.6334
      42       1.6848
      43       1.6109
      44       1.7079
      45       1.7489
      46       1.6869
      47       1.7060
      48       1.5052
      49       1.5317
      50       1.6283
      51       1.5884
      52       1.5696
      53       1.6312
      54       1.5931
      55       1.4907
      56       1.5744
      57       1.6880
      58       1.7437
      59       1.7997
      60       1.6129
      61       1.8352
      62       1.7648
      63       1.6497
      64       1.6297
      65       1.5744
      66       1.5854
      67       1.5233
      68       1.6036
      69       1.6769
      70       1.6279
      71       1.6502
      72       1.7150
      73       1.5380
      74       1.7864
      75       1.8693
      76       1.6718
      77       1.7909
      78       1.7172
      79       1.6566
      80       1.6042
      81       1.6392
      82       1.5931
      83       1.5443
      84       1.6346
      85       1.6487
      86       1.5762
      87       1.5094
      88       1.6487
      89       1.6005
      90       1.5371
      91       1.5708
      92       1.7385
      93       1.4622
      94       1.5142
      95       1.6064
      96       1.5544
      97       1.5973
      98       1.6732
      99       1.5358
     100       1.5820
     101       1.5415
     102       1.5078
     103       1.5465
     104       1.6384
     105       1.5611
     106       1.5090
     107       1.5938
     108       1.5412
     109       1.5938
     110       1.6015
     111       1.5367
     112       1.4645
     113       1.5652
     114       1.5168
     115       1.5301
     116       1.6755
     117       1.7275
     118       1.5561
     119       1.7145
     120       1.7456
     121       1.7839
     122       1.6196
     123       1.6982
     124       1.6828
     125       1.6945
     126       1.6366
     127       1.7209
     128       1.7239
     129       1.7504
     130       1.6745
     131       1.8345
     132       1.6355
     133       1.8365
     134       1.6477
     135       1.6598
     136       1.6316
     137       1.8101
     138       1.5900
     139       1.6135
     140       1.6286
     141       1.5724
     142       1.7182
     143       1.5732
     144       1.6222
     145       1.6162
     146       1.6074
     147       1.7597
     148       1.6404
     149       1.6376
     150       1.5748
     151       1.7618
     152       1.5830
     153       1.5353
     154       1.6583
     155       1.7224
     156       1.6457
     157       1.5038
     158       1.5814
     159       1.5614
     160       1.5175
     161       1.6134
     162       1.5362
     163       1.4807
     164       1.5401
     165       1.6212
     166       1.5884
     167       1.6892
     168       1.5729
     169       1.5067
     170       1.6264
     171       1.5843
     172       1.5603
     173       1.4673
     174       1.6448
     175       1.5946
     176       1.5999
     177       1.6172
     178       1.5667
     179       1.5739
     180       1.6106
     181       1.5768
     182       1.5538
     183       1.7708
     184       1.7362
     185       1.7561
     186       1.7995
     187       1.8079
     188       1.8301
     189       1.8303
     190       1.9062
     191       1.7456
     192       1.7306
     193       1.6717
     194       1.6476
     195       1.7243
     196       1.7442
     197       1.6395
     198       1.4980
     199       1.4405
     200       1.6458
     201       1.5362
     202       1.7336
     203       1.6526
     204       1.6139
     205       1.7483
     206       1.4249
     207       1.5296
     208       1.5032
     209       1.6868
     210       1.5943
     211       1.4346
     212       1.5220
     213       1.6624
     214       1.5665
     215       1.4863
     216       1.6344
     217       1.6554
     218       1.6643
     219       1.8473
     220       1.7132
     221       1.6724
     222       1.7543
     223       1.6817
     224       1.7458
     225       1.5520
     226       1.5646
     227       1.6961
     228       1.6845
     229       1.5786
     230       1.7648
     231       1.7221
     232       1.7803
     233       1.6889
     234       1.7536
     235       1.7299
     236       1.7369
     237       1.7212
     238       1.6530
     239       1.7561
     240       1.6343
     241       1.7324
     242       1.7145
     243       1.7741
     244       1.7007
     245       1.9462
     246       1.6918
     247       1.6810
     248       1.6810
     249       1.7197
     250       1.8903
     251       1.8500
     252       1.8644
     253       1.9411
     254       1.7300
     255       1.8050
     256       1.6202
     257       1.8973
     258       1.6448
     259       1.5631
     260       1.6429
     261       1.5915
     262       1.7172
     263       1.5800
     264       1.5528
     265       1.6600
     266       1.6023
     267       1.6530
     268       1.6066
     269       1.7545
     270       1.6112
     271       1.5629
     272       1.6895
     273       1.6728
     274       1.6710
     275       1.7322
     276       1.6910
     277       1.5140
     278       1.5785
     279       1.6657
     280       1.5019
     281       1.6200
     282       1.6982
     283       1.6669
     284       1.5792
     285       1.5679
     286       1.7118
     287       1.5693
     288       1.6792
     289       1.6099
     290       1.5765
     291       1.6107
     292       1.7066
     293       1.6930
     294       1.6659
     295       1.6149
     296       1.5951
     297       1.7489
     298       1.6153
     299       1.6173
     300       1.6664
     301       1.7009
     302       1.6811
     303       1.6194
     304       1.6323
     305       1.6129
     306       1.6996
     307       1.6029
     308       1.5801
     309       1.5760
     310       1.5475
     311       1.5332
     312       1.6307
     313       1.7267
     314       1.8400
     315       1.6208
     316       1.5505
     317       1.5062
     318       1.6749
     319       1.6296
     320       1.6231
     321       1.6426
     322       1.7850
     323       1.7330
     324       1.5555
     325       1.7378
     326       1.9024
     327       1.8833
     328       1.4877
     329       1.7296
     330       1.7091
     331       1.5982
     332       1.7713
     333       1.7237
     334       1.7221
     335       1.7573
     336       1.6303
     337       1.6705
     338       1.8064
     339       1.8438
     340       1.6664
     341       1.6570
     342       1.7070
     343       1.6482
     344       1.5685
     345       1.7167
     346       1.7595
     347       1.5961
     348       1.6790
     349       1.6746
     350       1.6449
     351       1.6946
     352       1.6982
     353       1.8253
     354       1.6929
     355       1.8054
     356       1.7600
     357       1.6607
     358       1.6369
     359       1.8024
     360       1.7285
     361       1.6157
     362       1.8055
     363       1.6862
     364       1.6590
     365       1.7134
     366       1.7596
     367       1.6603
     368       1.6656
     369       1.7176
     370       1.7671
     371       1.7805
     372       1.7359
     373       1.8016
     374       1.7236
     375       1.7704
     376       1.8355
     377       1.7778
     378       1.7695
     379       1.7207
     380       1.7993
     381       1.6655
     382       1.6119
     383       1.7063
     384       1.6937
     385       1.8110
     386       1.7523
     387       1.7180
     388       1.7459
     389       1.6760
     390       1.8394
     391       1.6881
     392       1.5808
     393       1.6718
     394       1.6833
     395       1.8273
     396       1.7622
     397       1.7497
     398       1.6723
     399       1.6458
     400       1.6608
     401       1.7711
     402       1.7492
     403       1.7534
     404       1.6411
     405       1.7804
     406       1.7769
     407       1.7191
     408       1.8396
     409       1.7346
     410       1.9081
     411       1.9528
     412       1.7707
     413       1.8273
     414       1.7002
     415       1.7280
     416       1.9484
     417       1.8898
     418       1.8718
     419       1.8349
     420       1.8402
     421       1.7626
     422       1.6625
     423       1.7640
     424       1.8114
     425       1.7678
     426       1.5962
     427       1.8915
     428       1.9076
     429       1.7808
     430       1.6916
     431       1.7462
     432       1.6815
     433       1.7050
     434       1.8567
     435       1.8303
     436       1.8493
     437       1.6996
     438       1.7901
     439       1.7322
     440       1.8530
     441       1.8702
     442       1.7780
     443       1.8003
     444       1.8515
     445       1.8287
     446       1.8465
     447       1.8621
     448       1.8266
     449       1.6775
     450       1.9373
     451       1.8691
     452       1.9403
     453       1.7501
     454       1.8471
     455       1.7077
     456       1.8212
     457       1.8405
     458       1.7691
     459       1.8801
     460       1.8152
     461       2.0705
     462       1.8467
     463       1.8422
     464       1.7229
     465       1.8526
     466       1.6803
     467       1.8697
     468       2.0025
     469       1.9095
     470       1.9111
     471       1.9290
     472       2.0033
     473       1.8128
     474       2.0169
     475       2.0079
     476       1.8209
     477       1.8711
     478       1.8026
     479       1.8846
     480       1.7130
     481       1.8283
     482       1.7149
     483       1.6387
     484       1.6799
     485       1.6856
     486       1.8086
     487       1.7859
     488       1.8212
     489       1.6773
     490       1.8140
     491       1.7526
     492       1.7002
     493       1.8066
     494       1.7713
     495       1.6800
     496       1.6583
     497       1.5793
     498       1.5644
     499       1.7054
     500       1.7400
     501       1.7470
     502       1.7236
     503       1.7879
     504       1.7169
     505       1.7792
     506       1.8660
     507       1.7370
     508       1.8573
     509       1.8678
     510       1.9420
     511       1.9954
     512       1.9342
     513       1.8445
     514       1.7988
     515       1.8006
     516       1.7815
     517       1.7916
     518       1.7407
     519       1.7405
     520       1.7627
     521       1.6384
     522       1.6410
     523       1.7152
     524       1.6068
     525       1.7036
     526       1.6706
     527       1.7104
     528       1.7607
     529       1.7400
     530       1.6934
     531       1.9878
     532       1.8242
     533       1.7221
     534       1.7897
     535       1.8692
     536       1.7769
     537       1.8349
     538       1.7118
     539       1.7951
     540       1.7465
     541       1.7307
     542       1.7832
     543       1.9118
     544       1.8869
     545       1.8502
     546       1.6960
     547       1.8559
     548       1.7700
     549       1.7457
     550       1.8009
     551       1.7506
     552       1.7661
     553       1.8589
     554       1.7873
     555       1.7703
     556       1.7633
     557       1.7487
     558       1.7003
     559       1.8256
     560       1.7564
     561       1.6925
     562       1.7697
     563       1.8547
     564       1.7282
     565       1.6128
     566       1.7608
     567       1.7268
     568       1.7115
     569       1.7349
     570       1.6725
     571       1.7515
     572       1.6521
     573       1.6692
     574       1.6969
     575       1.8009
     576       1.7154
     577       1.7029
     578       1.7316
     579       1.6233
     580       1.7126
     581       1.7721
     582       1.6940
     583       1.6469
     584       1.6926
     585       1.7792
     586       1.7131
     587       1.7456
     588       1.7102
     589       1.7230
     590       1.7290
     591       1.6692
     592       1.5886
     593       1.7210
     594       1.7611
     595       1.5875
     596       1.6885
     597       1.6388
     598       1.7081
     599       1.6882
     600       1.7199
     601       1.6948
     602       1.8518
     603       1.7125
     604       1.7081
     605       1.7515
     606       1.7628
     607       1.7298
     608       1.7610
     609       1.7316
     610       1.7184
     611       1.7174
     612       1.7203
     613       1.8032
     614       1.7131
     615       1.9016
     616       1.7463
     617       1.8912
     618       1.7846
     619       1.7633
     620       1.7729
     621       1.7958
     622       1.7818
     623       1.6971
     624       1.9334
     625       1.7895
     626       1.8886
     627       1.9339
     628       1.9653
     629       1.9576
     630       1.8849
     631       1.7636
     632       1.9492
     633       1.9948
     634       1.8434
     635       1.8541
     636       1.7261
     637       1.7552
     638       1.7128
     639       1.8175
     640       1.9271
     641       1.8072
     642       1.7968
     643       1.8182
     644       1.8690
     645       1.8528
     646       1.7813
     647       1.7604
     648       1.8504
     649       1.8506
     650       1.7996
     651       1.7852
     652       1.7683
     653       1.8065
     654       1.7752
     655       1.7618
     656       1.7008
     657       1.7737
     658       1.7854
     659       1.7295
     660       1.7429
     661       1.6440
     662       1.7204
     663       1.6192
     664       1.7180
     665       1.7373
     666       1.7420
     667       1.7743
     668       1.8313
     669       1.7157
     670       1.8077
     671       1.8138
     672       1.8663
     673       1.9915
     674       1.8877
     675       1.9445
     676       1.8533
     677       1.8217
     678       1.7233
     679       1.7837
     680       1.8871
     681       1.9140
     682       1.8389
     683       1.8138
     684       1.8313
     685       1.8003
     686       1.7908
     687       1.8682
     688       1.9244
     689       1.7431
     690       1.7849
     691       1.9255
     692       1.9067
     693       1.8583
     694       1.9173
     695       1.8965
     696       1.7893
     697       1.7638
     698       1.8152
     699       1.7244
     700       1.7840
     701       1.8521
     702       1.8163
     703       1.7259
     704       1.8228
     705       1.7318
     706       1.6814
     707       1.7692
     708       1.7420
     709       1.8220
     710       1.8650
     711       1.8348
     712       1.7408
     713       1.8043
     714       1.9118
     715       1.8981
     716       1.7708
     717       2.0092
     718       2.0465
     719       1.9566
     720       1.9031
     721       1.9998
     722       1.9663
     723       1.9710
     724       2.0014
     725       1.8804
     726       1.9811
     727       2.0144
     728       1.9683
     729       1.9982
     730       2.0033
     731       1.7875
     732       1.7283
     733       1.7442
     734       1.6954
     735       1.7306
     736       1.7539
     737       1.8187
     738       1.8151
     739       1.7285
     740       1.7970
     741       2.0003
     742       2.1578
     743       2.0012
     744       2.0212
     745       1.9897
     746       2.0248
     747       1.9341
     748       1.9343
     749       1.9006
     750       1.9263
     751       1.8767
     752       1.9492
     753       1.8486
     754       1.9312
     755       1.8936
     756       2.0684
     757       2.0317
     758       1.9589
     759       2.0103
     760       2.0088
     761       1.9373
     762       2.0578
     763       1.8911
     764       1.8939
     765       2.0850
     766       2.0664
     767       1.9021
     768       1.9352
     769       1.8999
     770       1.9150
     771       1.8406
     772       2.0817
     773       1.9515
     774       1.8665
     775       1.8437
     776       1.9489
     777       2.0129
     778       1.8169
     779       1.9256
     780       1.8227
     781       1.8919
     782       1.9805
     783       1.9099
     784       1.8697
     785       1.9012
     786       1.9474
     787       1.8295
     788       1.8727
     789       1.7994
     790       1.8514
     791       1.8754
     792       1.8096
     793       1.8536
     794       1.8275
     795       1.7907
     796       1.8267
     797       1.8252
     798       1.8881
     799       1.8778
     800       1.9239
     801       1.8701
     802       1.8104
     803       1.8187
     804       1.8291
     805       1.8195
     806       1.9233
     807       1.9692
     808       1.9189
     809       1.8037
     810       1.9958
     811       1.8246
     812       1.9525
     813       1.8140
     814       1.9589
     815       1.8768
     816       1.8513
     817       1.9043
     818       1.9152
     819       1.8928
     820       2.0957
     821       1.9807
     822       1.9265
     823       1.9325
     824       1.9022
     825       1.9260
     826       1.8729
     827       1.7391
     828       1.7727
     829       1.7718
     830       1.8782
     831       1.8573
     832       1.7090
     833       1.7650
     834       1.8676
     835       1.9846
     836       1.9083
     837       1.9074
     838       1.8736
     839       1.8698
     840       1.8546
     841       1.7254
     842       1.8179
     843       1.8593
     844       1.9068
     845       2.0118
     846       1.9783
     847       2.0293
     848       1.8522
     849       1.8729
     850       1.9105
     851       1.9123
     852       1.9011
     853       1.8710
     854       1.7778
     855       1.9021
     856       1.7590
     857       1.9006
     858       1.8029
     859       1.8236
     860       1.8381
     861       1.9534
     862       1.7793
     863       1.8537
     864       1.7020
     865       1.6843
     866       1.7970
     867       1.8831
     868       1.9018
     869       1.9281
     870       1.9805
     871       2.0494
     872       1.9994
     873       2.1461
     874       2.2588
     875       2.1815
     876       2.0384
     877       1.9940
     878       1.9793
     879       1.9902
     880       2.0531
     881       1.9876
     882       1.9599
     883       1.9647
     884       2.0733
     885       1.9653
     886       1.9057
     887       1.9234
     888       2.0787
     889       2.1043
     890       1.9663
     891       2.1159
     892       2.1196
     893       2.0578
     894       2.0706
     895       1.9563
     896       2.0083
     897       2.0267
     898       2.0023
     899       1.9807
     900       1.9292
     901       2.0001
     902       2.0232
     903       2.0163
     904       1.9584
     905       1.9933
     906       2.0346
     907       2.0360
     908       2.0229
     909       2.0667
     910       1.9061
     911       1.8417
     912       1.9660
     913       2.0564
     914       2.0453
     915       2.1108
     916       2.0361
     917       2.0505
     918       2.0669
     919       2.1806
     920       2.1870
     921       2.0403
     922       1.9889
     923       2.1042
     924       2.0935
     925       2.0099
     926       2.0356
     927       2.0973
     928       2.1772
     929       2.0246
     930       2.0828
     931       2.1654
     932       2.1595
     933       2.0029
     934       2.0609
     935       2.0482
     936       2.0056
     937       2.0645
     938       2.0594
     939       2.2399
     940       2.0351
     941       2.0707
     942       1.9911
     943       1.9608
     944       1.9858
     945       1.9773
     946       1.9126
     947       1.9583
     948       1.9486
     949       2.1158
     950       2.1000
     951       2.0524
     952       1.9958
     953       2.1424
     954       2.1054
     955       2.1492
     956       2.0403
     957       2.1284
     958       2.0896
     959       2.0324
     960       2.0218
     961       2.0642
     962       2.0096
     963       2.1084
     964       2.0363
     965       1.9854
     966       2.0049
     967       1.9391
     968       1.9461
     969       2.1083
     970       1.8503
     971       1.9088
     972       2.0930
     973       2.1018
     974       2.0790
     975       2.0363
     976       2.0749
     977       2.0426
     978       2.0258
     979       2.0571
     980       2.0559
     981       2.1078
     982       2.2010
     983       2.0814
     984       2.2826
     985       2.1426
     986       2.2645
     987       2.2010
     988       2.1800
     989       2.3251
     990       2.2032
     991       2.1173
     992       2.3107
     993       2.3751
     994       2.2201
     995       2.2309
     996       2.2867
     997       2.1950
     998       2.4029
     999       2.2566
    1000       2.2629
    1001       2.1884
    1002       2.1353
    1003       2.1008
    1004       2.1831
    1005       2.2177
    1006       2.2395
    1007       2.1966
    1008       2.1334
    1009       2.1207
    1010       2.0675
    1011       2.2476
    1012       2.0836
    1013       2.0442
    1014       2.2178
    1015       2.2638
    1016       2.0635
    1017       2.0387
    1018       2.1114
    1019       2.0384
    1020       2.2779
    1021       2.0653
    1022       2.0292
    1023       1.9971
    1024       2.0811
    1025       2.0525
    1026       2.1329
    1027       2.1343
    1028       2.2189
    1029       2.2009
    1030       2.0739
    1031       2.0537
    1032       2.0880
    1033       2.0531
    1034       1.9834
    1035       2.0617
    1036       2.0484
    1037       2.0597
    1038       2.0158
    1039       2.0167
    1040       2.0990
    1041       2.1202
    1042       2.0908
    1043       2.1251
    1044       2.1058
    1045       2.0573
    1046       2.1275
    1047       2.1140
    1048       2.1635
    1049       2.0000
    1050       1.9742
    1051       2.1011
    1052       2.1760
    1053       2.1032
    1054       2.0596
    1055       2.0344
    1056       2.1009
    1057       2.2121
    1058       2.1886
    1059       2.0900
    1060       2.2192
    1061       2.0836
    1062       2.1475
    1063       2.1021
    1064       2.0257
    1065       2.1645
    1066       2.1346
    1067       2.0237
    1068       2.1299
    1069       2.1040
    1070       2.1334
    1071       2.1736
    1072       1.9235
    1073       2.0901
    1074       2.0559
    1075       1.9101
    1076       2.0119
    1077       1.9963
    1078       2.0867
    1079       2.1411
    1080       1.9776
    1081       1.9436
    1082       2.1098
    1083       2.1624
    1084       2.1255
    1085       2.0207
    1086       2.0845
    1087       2.1580
    1088       2.1299
    1089       2.2401
    1090       2.2149
    1091       2.1371
    1092       2.2642
    1093       2.1039
    1094       2.0322
    1095       2.1698
    1096       2.0611
    1097       2.1232
    1098       2.1495
    1099       2.1246
    1100       2.3384
    1101       2.2372
    1102       2.1679
    1103       2.3823
    1104       2.1385
    1105       2.3266
    1106       2.2212
    1107       2.1533
    1108       2.2937
    1109       2.1608
    1110       2.1605
    1111       2.2021
    1112       2.2773
    1113       2.2156
    1114       2.2370
    1115       2.2123
    1116       2.2137
    1117       2.3236
    1118       2.2249
    1119       2.2609
    1120       2.1584
    1121       2.1157
    1122       2.1464
    1123       2.0986
    1124       2.0831
    1125       2.0456
    1126       1.9934
    1127       2.1372
    1128       2.1292
    1129       2.0652
    1130       2.1077
    1131       2.1649
    1132       2.1873
    1133       2.0642
    1134       2.0107
    1135       2.1564
    1136       2.0915
    1137       2.1739
    1138       2.1810
    1139       2.1393
    1140       2.1023
    1141       2.1885
    1142       2.2176
    1143       2.2817
    1144       2.1148
    1145       2.1863
    1146       2.1259
    1147       2.1113
    1148       2.2048
    1149       2.1804
    1150       2.1283
    1151       2.1926
    1152       2.0920
    1153       2.2427
    1154       2.2769
    1155       2.3400
    1156       2.1868
    1157       2.3526
    1158       2.3958
    1159       2.3794
    1160       2.2333
    1161       2.4458
    1162       2.2406
    1163       2.2486
    1164       2.3258
    1165       2.2731
    1166       2.2578
    1167       2.2426
    1168       2.1976
    1169       2.2195
    1170       2.2542
    1171       2.1951
    1172       2.1563
    1173       2.2445
    1174       2.3020
    1175       2.1559
    1176       2.2684
    1177       2.2340
    1178       2.2415
    1179       2.0634
    1180       2.1617
    1181       2.2651
    1182       2.1341
    1183       2.3240
    1184       2.2288
    1185       2.1964
    1186       2.1101
    1187       2.0523
    1188       2.0200
    1189       1.9316
    1190       2.0277
    1191       2.0508
    1192       2.1315
    1193       1.9696
    1194       2.0658
    1195       2.0836
    1196       1.9834
    1197       2.0518
    1198       2.0975
    1199       2.1080
    1200       2.1776
    1201       2.0387
    1202       1.9901
    1203       1.9483
    1204       1.8979
    1205       1.9630
    1206       2.0669
    1207       1.9846
    1208       1.9959
    1209       1.9738
    1210       1.9701
    1211       1.9971
    1212       1.9303
    1213       1.9993
    1214       1.9761
    1215       2.0853
    1216       2.0071
    1217       2.0484
    1218       2.0830
    1219       2.0632
    1220       2.0625
    1221       2.0249
    1222       2.0012
    1223       1.9444
    1224       1.9938
    1225       1.9969
    1226       2.0462
    1227       2.0384
    1228       1.9867
    1229       1.9765
    1230       1.9069
    1231       1.9797
    1232       2.0283
    1233       2.0693
    1234       2.1309
    1235       2.1231
    1236       2.0339
    1237       1.9461
    1238       1.9564
    1239       2.0606
    1240       2.0467
    1241       2.0041
    1242       1.9980
    1243       1.9934
    1244       1.9831
    1245       2.0314
    1246       2.0420
    1247       1.9900
    1248       2.1001
    1249       2.1130
    1250       1.9684
    1251       2.0469
    1252       2.1708
    1253       2.1125
    1254       2.0941
    1255       2.0309
    1256       2.0405
    1257       2.0779
    1258       1.9587
    1259       2.0643
    1260       2.1096
    1261       2.1857
    1262       2.0061
    1263       2.0649
    1264       1.9858
    1265       2.0709
    1266       2.1566
    1267       2.0006
    1268       2.0901
    1269       2.0750
    1270       2.0190
    1271       2.0954
    1272       2.1341
    1273       2.1270
    1274       2.1108
    1275       2.0717
    1276       2.0673
    1277       2.0932
    1278       1.9782
    1279       2.0245
    1280       2.0558
    1281       2.0737
    1282       2.1717
    1283       2.1350
    1284       2.0804
    1285       2.0477
    1286       1.9878
    1287       1.9190
    1288       1.9452
    1289       2.0545
    1290       2.0041
    1291       2.0584
    1292       2.0737
    1293       2.0930
    1294       2.0495
    1295       2.0384
    1296       2.0070
    1297       2.0592
    1298       2.0811
    1299       2.0335
    1300       2.0624
    1301       2.0986
    1302       1.9919
    1303       1.9884
    1304       2.0556
    1305       1.9753
    1306       2.0454
    1307       2.0647
    1308       2.0041
    1309       2.0134
    1310       2.0896
    1311       1.9385
    1312       2.0762
    1313       2.0834
    1314       2.1701
    1315       2.2008
    1316       2.0463
    1317       2.0691
    1318       2.0806
    1319       2.0728
    1320       2.1558
    1321       2.1298
    1322       2.2714
    1323       2.2754
    1324       2.3155
    1325       2.2505
    1326       2.3788
    1327       2.3878
    1328       2.3049
    1329       2.2280
    1330       2.2718
    1331       2.3236
    1332       2.2877
    1333       2.3270
    1334       2.4306
    1335       2.2506
    1336       2.2982
    1337       2.2237
    1338       2.2471
    1339       2.3945
    1340       2.4773
    1341       2.4033
    1342       2.2003
    1343       2.4269
    1344       2.3955
    1345       2.4441
    1346       2.4169
    1347       2.2828
    1348       2.2158
    1349       2.4576
    1350       2.2510
    1351       2.1487
    1352       2.2518
    1353       2.4356
    1354       2.4330
    1355       2.2239
    1356       2.1574
    1357       2.0199
    1358       2.0318
    1359       1.9903
    1360       2.0165
    1361       2.1299
    1362       2.1693
    1363       2.1489
    1364       2.1298
    1365       2.1219
    1366       2.2589
    1367       2.1884
    1368       2.1290
    1369       2.1595
    1370       2.2672
    1371       2.1179
    1372       2.2221
    1373       2.2324
    1374       2.1489
    1375       2.2027
    1376       2.2789
    1377       2.3802
    1378       2.2525
    1379       2.2569
    1380       2.4572
    1381       2.6246
    1382       2.3751
    1383       2.2535
    1384       2.2476
    1385       2.2034
    1386       2.2656
    1387       2.2905
    1388       2.2435
    1389       2.3947
    1390       2.2991
    1391       2.3420
    1392       2.1082
    1393       2.1162
    1394       2.2309
    1395       2.1245
    1396       2.1303
    1397       2.3453
    1398       2.0615
    1399       2.2971
    1400       2.1911
    1401       2.2196
    1402       2.2067
    1403       2.2678
    1404       2.1299
    1405       2.1392
    1406       2.1464
    1407       2.2066
    1408       2.0556
    1409       2.1461
    1410       2.1869
    1411       2.1387
    1412       2.0860
    1413       2.1844
    1414       2.2091
    1415       2.2094
    1416       2.3936
    1417       2.2649
    1418       2.2388
    1419       2.2829
    1420       2.1842
    1421       2.2360
    1422       2.3255
    1423       2.2611
    1424       2.4308
    1425       2.3187
    1426       2.4745
    1427       2.2662
    1428       2.3627
    1429       2.4090
    1430       2.3476
    1431       2.1740
    1432       2.2613
    1433       2.4815
    1434       2.3495
    1435       2.4026
    1436       2.3564
    1437       2.4267
    1438       2.3136
    1439       2.3780
    1440       2.2847
    1441       2.2609
    1442       2.3679
    1443       2.3048
    1444       2.3378
    1445       2.3126
    1446       2.2687
    1447       2.1565
    1448       2.1925
    1449       2.1204
    1450       2.2196
    1451       2.1463
    1452       2.1001
    1453       2.0328
    1454       2.0683
    1455       2.0660
    1456       2.1896
    1457       2.1782
    1458       2.2528
    1459       2.1964
    1460       2.1932
    1461       2.1400
    1462       2.2081
    1463       2.1458
    1464       2.1907
    1465       2.1213
    1466       2.0867
    1467       2.1979
    1468       2.1864
    1469       2.1615
    1470       2.2498
    1471       2.1182
    1472       2.0175
    1473       2.1216
    1474       2.0791
    1475       2.1041
    1476       2.0597
    1477       2.0144
    1478       2.1546
    1479       2.0403
    1480       2.1146
    1481       1.9907
    1482       2.1276
    1483       2.1808
    1484       2.0209
    1485       2.1888
    1486       2.2001
    1487       2.1179
    1488       2.1252
    1489       2.1566
    1490       2.1602
    1491       2.1289
    1492       2.0199
    1493       2.1079
    1494       2.0518
    1495       2.0980
    1496       2.1533
    1497       2.1756
    1498       2.2242
    1499       2.1285
    1500       2.1962
    1501       2.2166
    1502       2.0324
    1503       2.0706
    1504       2.1778
    1505       2.0544
    1506       2.0996
    1507       2.0840
    1508       2.2588
    1509       2.1932
    1510       2.1818
    1511       2.2404
    1512       2.2724
    1513       2.2570
    1514       2.2564
    1515       2.3010
    1516       2.1894
    1517       2.1952
    1518       2.1565
    1519       2.2566
    1520       2.2350
    1521       2.1706
    1522       2.0772
    1523       2.2931
    1524       2.2829
    1525       2.2063
    1526       2.2940
    1527       2.3094
    1528       2.3046
    1529       2.2288
    1530       2.1509
    1531       2.2350
    1532       2.1961
    1533       2.1485
    1534       2.2439
    1535       2.1764
    1536       2.0876
    1537       2.1273
    1538       2.1291
    1539       2.1504
    1540       2.1516
    1541       2.1802
    1542       2.1721
    1543       2.1775
    1544       2.2069
    1545       2.1833
    1546       2.1447
    1547       2.2686
    1548       2.1352
    1549       2.1188
    1550       2.1512
    1551       2.1871
    1552       2.1174
    1553       2.1758
    1554       2.1675
    1555       2.1978
    1556       2.1371
    1557       2.1648
    1558       2.2432
    1559       2.1475
    1560       2.2880
    1561       2.1348
    1562       2.0956
    1563       2.2767
    1564       2.2781
    1565       2.1086
    1566       2.2176
    1567       2.1465
    1568       2.2917
    1569       2.2447
    1570       2.1261
    1571       2.2295
    1572       2.1867
    1573       2.3090
    1574       2.1686
    1575       2.3908
    1576       2.3569
    1577       2.1778
    1578       2.3209
    1579       2.3282
    1580       2.2072
    1581       2.2187
    1582       2.3890
    1583       2.4007
    1584       2.1776
    1585       2.4485
    1586       2.2901
    1587       2.4082
    1588       2.3471
    1589       2.4047
    1590       2.3194
    1591       2.4050
    1592       2.4341
    1593       2.4038
    1594       2.3400
    1595       2.3706
    1596       2.4013
    1597       2.2793
    1598       2.3215
    1599       2.4753
    1600       2.4878
    1601       2.5199
    1602       2.6034
    1603       2.5670
    1604       2.4265
    1605       2.4203
    1606       2.4653
    1607       2.3103
    1608       2.4394
    1609       2.3138
    1610       2.2396
    1611       2.2870
    1612       2.3891
    1613       2.4288
    1614       2.4783
    1615       2.5024
    1616       2.4984
    1617       2.4477
    1618       2.4871
    1619       2.4618
    1620       2.3602
    1621       2.4466
    1622       2.4524
    1623       2.4008
    1624       2.4221
    1625       2.3874
    1626       2.4657
    1627       2.3592
    1628       2.5778
    1629       2.5850
    1630       2.5701
    1631       2.4976
    1632       2.6710
    1633       2.6138
    1634       2.5797
    1635       2.7274
    1636       2.6331
    1637       2.7039
    1638       2.4445
    1639       2.4247
    1640       2.4952
    1641       2.4394
    1642       2.3927
    1643       2.4945
    1644       2.3822
    1645       2.4244
    1646       2.5450
    1647       2.3881
    1648       2.4901
    1649       2.5173
    1650       2.4082
    1651       2.3570
    1652       2.3465
    1653       2.3326
    1654       2.3588
    1655       2.5010
    1656       2.2874
    1657       2.5401
    1658       2.5981
    1659       2.3676
    1660       2.3424
    1661       2.3611
    1662       2.5125
    1663       2.4350
    1664       2.5053
    1665       2.3559
    1666       2.3809
    1667       2.4473
    1668       2.5892
    1669       2.5001
    1670       2.3552
    1671       2.4596
    1672       2.4787
    1673       2.5102
    1674       2.5022
    1675       2.5339
    1676       2.3657
    1677       2.2573
    1678       2.1783
    1679       2.1642
    1680       2.2747
    1681       2.3054
    1682       2.3511
    1683       2.5256
    1684       2.4738
    1685       2.4786
    1686       2.4633
    1687       2.3552
    1688       2.3647
    1689       2.3266
    1690       2.3192
    1691       2.3399
    1692       2.2927
    1693       2.3256
    1694       2.4089
    1695       2.2755
    1696       2.3379
    1697       2.3472
    1698       2.3989
    1699       2.3351
    1700       2.3973
    1701       2.3131
    1702       2.4905
    1703       2.3420
    1704       2.4298
    1705       2.4000
    1706       2.4967
    1707       2.4616
    1708       2.4452
    1709       2.4027
    1710       2.2882
    1711       2.3710
    1712       2.2966
    1713       2.4342
    1714       2.2016
    1715       2.3674
    1716       2.2464
    1717       2.3492
    1718       2.3750
    1719       2.4849
    1720       2.3646
    1721       2.3653
    1722       2.1997
    1723       2.2858
    1724       2.4262
    1725       2.3422
    1726       2.3698
    1727       2.4105
    1728       2.3038
    1729       2.4222
    1730       2.3516
    1731       2.2759
    1732       2.5135
    1733       2.4559
    1734       2.4268
    1735       2.4628
    1736       2.4010
    1737       2.3912
    1738       2.4590
    1739       2.4388
    1740       2.3844
    1741       2.3352
    1742       2.3635
    1743       2.3415
    1744       2.3189
    1745       2.3819
    1746       2.2984
    1747       2.3498
    1748       2.4254
    1749       2.3610
    1750       2.4132
    1751       2.4353
    1752       2.3387
    1753       2.4751
    1754       2.4169
    1755       2.4188
    1756       2.3770
    1757       2.4295
    1758       2.4839
    1759       2.3084
    1760       2.3326
    1761       2.4902
    1762       2.3805
    1763       2.5226
    1764       2.4383
    1765       2.5119
    1766       2.4788
    1767       2.2748
    1768       2.3571
    1769       2.4271
    1770       2.4971
    1771       2.2452
    1772       2.3599
    1773       2.4912
    1774       2.3747
    1775       2.2777
    1776       2.4816
    1777       2.3038
    1778       2.3848
    1779       2.4233
    1780       2.4432
    1781       2.5826
    1782       2.3101
    1783       2.4414
    1784       2.4702
    1785       2.4253
    1786       2.2160
    1787       2.3144
    1788       2.3630
    1789       2.2814
    1790       2.2841
    1791       2.2588
    1792       2.3817
    1793       2.4071
    1794       2.3750
    1795       2.2745
    1796       2.3249
    1797       2.4818
    1798       2.2957
    1799       2.3430
    1800       2.3937
    1801       2.2644
    1802       2.1969
    1803       2.3302
    1804       2.2697
    1805       2.3669
    1806       2.4335
    1807       2.4758
    1808       2.3809
    1809       2.3366
    1810       2.3930
    1811       2.4288
    1812       2.4730
    1813       2.4972
    1814       2.3491
    1815       2.3731
    1816       2.3972
    1817       2.4829
    1818       2.4089
    1819       2.4346
    1820       2.2746
    1821       2.2369
    1822       2.4382
    1823       2.3834
    1824       2.3901
    1825       2.3971
    1826       2.3207
    1827       2.3136
    1828       2.3524
    1829       2.4872
    1830       2.3790
    1831       2.4151
    1832       2.5153
    1833       2.2737
    1834       2.4342
    1835       2.3948
    1836       2.4024
    1837       2.3890
    1838       2.4521
    1839       2.3474
    1840       2.4139
    1841       2.4348
    1842       2.4174
    1843       2.3055
    1844       2.3039
    1845       2.4278
    1846       2.2876
    1847       2.2917
    1848       2.2960
    1849       2.3398
    1850       2.4311
    1851       2.3233
    1852       2.3517
    1853       2.4311
    1854       2.3719
    1855       2.4873
    1856       2.3637
    1857       2.3318
    1858       2.4182
    1859       2.3039
    1860       2.3213
    1861       2.3675
    1862       2.5234
    1863       2.3121
    1864       2.4749
    1865       2.4849
    1866       2.3647
    1867       2.4156
    1868       2.5757
    1869       2.4515
    1870       2.3755
    1871       2.5024
    1872       2.4954
    1873       2.4179
    1874       2.3465
    1875       2.2557
    1876       2.3907
    1877       2.3813
    1878       2.4153
    1879       2.4808
    1880       2.4238
    1881       2.3782
    1882       2.3307
    1883       2.2835
    1884       2.2750
    1885       2.2959
    1886       2.2445
    1887       2.3377
    1888       2.3525
    1889       2.2550
    1890       2.3278
    1891       2.2600
    1892       2.3531
    1893       2.2606
    1894       2.4856
    1895       2.3929
    1896       2.4250
    1897       2.1654
    1898       2.4346
    1899       2.4076
    1900       2.3617
    1901       2.3387
    1902       2.3028
    1903       2.2363
    1904       2.3922
    1905       2.3892
    1906       2.4194
    1907       2.4520
    1908       2.4376
    1909       2.3420
    1910       2.3824
    1911       2.4163
    1912       2.3820
    1913       2.3102
    1914       2.4032
    1915       2.5048
    1916       2.4330
    1917       2.3629
    1918       2.3471
    1919       2.4448
    1920       2.3253
    1921       2.3365
    1922       2.4533
    1923       2.4706
    1924       2.4612
    1925       2.3837
    1926       2.2504
    1927       2.2589
    1928       2.4274
    1929       2.3884
    1930       2.2696
    1931       2.4064
    1932       2.3657
    1933       2.3615
    1934       2.3008
    1935       2.4832
    1936       2.4754
    1937       2.6153
    1938       2.5786
    1939       2.5812
    1940       2.6094
    1941       2.4575
    1942       2.4883
    1943       2.5384
    1944       2.5864
    1945       2.3606
    1946       2.4913
    1947       2.3965
    1948       2.2618
    1949       2.3006
    1950       2.3303
    1951       2.2683
    1952       2.1789
    1953       2.4279
    1954       2.3316
    1955       2.2720
    1956       2.3454
    1957       2.2273
    1958       2.2662
    1959       2.2770
    1960       2.2454
    1961       2.2303
    1962       2.1903
    1963       2.2085
    1964       2.2105
    1965       2.2430
    1966       2.1649
    1967       2.3136
    1968       2.1767
    1969       2.3583
    1970       2.3227
    1971       2.3408
    1972       2.3959
    1973       2.2878
    1974       2.2870
    1975       2.4176
    1976       2.2955
    1977       2.3661
    1978       2.3351
    1979       2.2662
    1980       2.2891
    1981       2.3681
    1982       2.3143
    1983       2.4312
    1984       2.2573
    1985       2.1941
    1986       2.1414
    1987       2.1487
    1988       2.1877
    1989       2.1746
    1990       2.1486
    1991       2.2155
    1992       2.1901
    1993       2.1461
    1994       2.3180
    1995       2.2174
    1996       2.1492
    1997       2.1746
    1998       2.2140
    1999       2.3115
    2000       2.2679
    2001       2.4603
    2002       2.2157
    2003       2.1560
    2004       2.3061
    2005       2.2129
    2006       2.3282
    2007       2.2291
    2008       2.2438
    2009       2.2779
    2010       2.1914
    2011       2.2670
    2012       2.2763
    2013       2.4579
    2014       2.3140
    2015       2.4189
    2016       2.2723
    2017       2.3488
    2018       2.3000
    2019       2.3068
    2020       2.2378
    2021       2.3230
    2022       2.1828
    2023       2.2607
    2024       2.2285
    2025       2.3585
    2026       2.2646
    2027       2.2703
    2028       2.3476
    2029       2.4392
    2030       2.4018
    2031       2.3289
    2032       2.3425
    2033       2.2654
    2034       2.3770
    2035       2.3730
    2036       2.3394
    2037       2.4558
    2038       2.3384
    2039       2.3821
    2040       2.3232
    2041       2.2563
    2042       2.3630
    2043       2.3597
    2044       2.2429
    2045       2.3335
    2046       2.4107
    2047       2.4076
    2048       2.4163
    2049       2.3760
    2050       2.3006
    2051       2.3651
    2052       2.2645
    2053       2.3157
    2054       2.2237
    2055       2.1789
    2056       2.1250
    2057       2.2270
    2058       2.1519
    2059       2.1194
    2060       2.1588
    2061       2.3626
    2062       2.2376
    2063       2.2550
    2064       2.2707
    2065       2.3830
    2066       2.3413
    2067       2.2805
    2068       2.3284
    2069       2.2280
    2070       2.1022
    2071       2.1482
    2072       2.1723
    2073       2.1362
    2074       2.2293
    2075       2.3218
    2076       2.1642
    2077       2.1679
    2078       2.3112
    2079       2.1995
    2080       2.1323
    2081       2.2850
    2082       2.1563
    2083       2.2128
    2084       2.2026
    2085       2.2255
    2086       2.2856
    2087       2.3377
    2088       2.2242
    2089       2.2778
    2090       2.1934
    2091       2.2353
    2092       2.3509
    2093       2.3300
    2094       2.3180
    2095       2.3104
    2096       2.3149
    2097       2.2728
    2098       2.2214
    2099       2.3079
    2100       2.2707
    2101       2.3833
    2102       2.4138
    2103       2.3733
    2104       2.2291
    2105       2.2850
    2106       2.1945
    2107       2.2840
    2108       2.2346
    2109       2.2727
    2110       2.3963
    2111       2.2928
    2112       2.2372
    2113       2.1944
    2114       2.2297
    2115       2.3122
    2116       2.2042
    2117       2.4248
    2118       2.2686
    2119       2.3244
    2120       2.2978
    2121       2.2641
    2122       2.1570
    2123       2.2836
    2124       2.2816
    2125       2.2695
    2126       2.3014
    2127       2.2557
    2128       2.1958
    2129       2.3002
    2130       2.2489
    2131       2.2877
    2132       2.3901
    2133       2.3284
    2134       2.3564
    2135       2.3072
    2136       2.3645
    2137       2.3009
    2138       2.3565
    2139       2.3383
    2140       2.3590
    2141       2.3189
    2142       2.3199
    2143       2.4208
    2144       2.2798
    2145       2.3867
    2146       2.2529
    2147       2.3277
    2148       2.2609
    2149       2.3321
    2150       2.2419
    2151       2.2954
    2152       2.2511
    2153       2.2927
    2154       2.2867
    2155       2.4165
    2156       2.3257
    2157       2.4427
    2158       2.3544
    2159       2.2878
    2160       2.3013
    2161       2.2646
    2162       2.2119
    2163       2.4109
    2164       2.4154
    2165       2.4216
    2166       2.4505
    2167       2.4041
    2168       2.2468
    2169       2.3086
    2170       2.2905
    2171       2.1636
    2172       2.2300
    2173       2.2275
    2174       2.2952
    2175       2.3954
    2176       2.3438
    2177       2.1923
    2178       2.2140
    2179       2.2230
    2180       2.2182
    2181       2.4718
    2182       2.3249
    2183       2.4401
    2184       2.4276
    2185       2.4674
    2186       2.4245
    2187       2.3717
    2188       2.2987
    2189       2.3332
    2190       2.2765
    2191       2.2805
    2192       2.3681
    2193       2.3038
    2194       2.3735
    2195       2.3953
    2196       2.4726
    2197       2.2985
    2198       2.3779
    2199       2.3553
    2200       2.4227
    2201       2.4044
    2202       2.4944
    2203       2.7184
    2204       2.4202
    2205       2.4973
    2206       2.4693
    2207       2.3953
    2208       2.4717
    2209       2.4476
    2210       2.5067
    2211       2.4652
    2212       2.6034
    2213       2.5319
    2214       2.5077
    2215       2.6242
    2216       2.5571
    2217       2.4955
    2218       2.5998
    2219       2.4714
    2220       2.4975
    2221       2.2513
    2222       2.2835
    2223       2.3647
    2224       2.4198
    2225       2.3739
    2226       2.4114
    2227       2.3553
    2228       2.4333
    2229       2.3320
    2230       2.4327
    2231       2.4205
    2232       2.4083
    2233       2.4734
    2234       2.4326
    2235       2.3919
    2236       2.3672
    2237       2.3322
    2238       2.3570
    2239       2.4532
    2240       2.4231
    2241       2.5252
    2242       2.5761
    2243       2.3797
    2244       2.4260
    2245       2.4488
    2246       2.4480
    2247       2.3428
    2248       2.2755
    2249       2.3531
    2250       2.2746
    2251       2.3662
    2252       2.4184
    2253       2.3946
    2254       2.4678
    2255       2.3898
    2256       2.3644
    2257       2.3191
    2258       2.3951
    2259       2.2826
    2260       2.3012
    2261       2.4164
    2262       2.3187
    2263       2.3216
    2264       2.2992
    2265       2.2920
    2266       2.2595
    2267       2.3034
    2268       2.3043
    2269       2.3188
    2270       2.3708
    2271       2.4388
    2272       2.4337
    2273       2.3813
    2274       2.3340
    2275       2.4263
    2276       2.4369
    2277       2.2991
    2278       2.3357
    2279       2.3548
    2280       2.4212
    2281       2.3908
    2282       2.3008
    2283       2.3370
    2284       2.3670
    2285       2.2995
    2286       2.2716
    2287       2.2729
    2288       2.4283
    2289       2.3480
    2290       2.2404
    2291       2.3548
    2292       2.3510
    2293       2.1960
    2294       2.3623
    2295       2.4499
    2296       2.3092
    2297       2.3077
    2298       2.2235
    2299       2.2838
    2300       2.3169
    2301       2.3713
    2302       2.3421
    2303       2.4087
    2304       2.3427
    2305       2.3556
    2306       2.4031
    2307       2.4629
    2308       2.2625
    2309       2.3867
    2310       2.3043
    2311       2.4006
    2312       2.2105
    2313       2.2003
    2314       2.3359
    2315       2.4265
    2316       2.2764
    2317       2.4831
    2318       2.2493
    2319       2.3112
    2320       2.3102
    2321       2.3563
    2322       2.1403
    2323       2.3272
    2324       2.3115
    2325       2.3786
    2326       2.3164
    2327       2.2467
    2328       2.2486
    2329       2.3090
    2330       2.2841
    2331       2.4127
    2332       2.2067
    2333       2.2843
    2334       2.2572
    2335       2.2620
    2336       2.3352
    2337       2.3627
    2338       2.2979
    2339       2.2447
    2340       2.3258
    2341       2.2492
    2342       2.3770
    2343       2.1777
    2344       2.3183
    2345       2.3551
    2346       2.2839
    2347       2.3767
    2348       2.4085
    2349       2.2631
    2350       2.2497
    2351       2.4412
    2352       2.4205
    2353       2.3213
    2354       2.3251
    2355       2.1577
    2356       2.2975
    2357       2.1632
    2358       2.1729
    2359       2.3458
    2360       2.2978
    2361       2.1885
    2362       2.1486
    2363       2.1861
    2364       2.1047
    2365       2.2997
    2366       2.1812
    2367       2.2207
    2368       2.0983
    2369       2.3256
    2370       2.3310
    2371       2.2256
    2372       2.2802
    2373       2.2479
    2374       2.1882
    2375       2.3937
    2376       2.3523
    2377       2.3144
    2378       2.2866
    2379       2.3695
    2380       2.2755
    2381       2.2122
    2382       2.3621
    2383       2.3085
    2384       2.2824
    2385       2.2796
    2386       2.2596
    2387       2.2884
    2388       2.1908
    2389       2.2306
    2390       2.4129
    2391       2.2606
    2392       2.2704
    2393       2.2632
    2394       2.3766
    2395       2.2483
    2396       2.2862
    2397       2.1990
    2398       2.3837
    2399       2.2448
    2400       2.1960
    2401       2.2639
    2402       2.2396
    2403       2.1386
    2404       2.1548
    2405       2.2060
    2406       2.2996
    2407       2.2206
    2408       2.1892
    2409       2.2319
    2410       2.3234
    2411       2.2123
    2412       2.3218
    2413       2.1275
    2414       2.3258
    2415       2.2177
    2416       2.1950
    2417       2.2433
    2418       2.3319
    2419       2.3215
    2420       2.2486
    2421       2.2596
    2422       2.1627
    2423       2.3447
    2424       2.2429
    2425       2.2787
    2426       2.3034
    2427       2.3155
    2428       2.3343
    2429       2.3286
    2430       2.2548
    2431       2.1878
    2432       2.2655
    2433       2.2959
    2434       2.2968
    2435       2.1756
    2436       2.0901
    2437       2.1724
    2438       2.2218
    2439       2.1948
    2440       2.2363
    2441       2.1905
    2442       2.1481
    2443       2.2889
    2444       2.1410
    2445       2.4176
    2446       2.3633
    2447       2.3278
    2448       2.4281
    2449       2.3105
    2450       2.3832
    2451       2.2627
    2452       2.3904
    2453       2.3710
    2454       2.3403
    2455       2.2963
    2456       2.4792
    2457       2.3800
    2458       2.2506
    2459       2.4065
    2460       2.3920
    2461       2.4170
    2462       2.4246
    2463       2.3678
    2464       2.3613
    2465       2.4902
    2466       2.4061
    2467       2.4525
    2468       2.3440
    2469       2.2723
    2470       2.2222
    2471       2.2505
    2472       2.2870
    2473       2.5432
    2474       2.4728
    2475       2.5113
    2476       2.3383
    2477       2.3000
    2478       2.1491
    2479       2.4487
    2480       2.5446
    2481       2.4730
    2482       2.2930
    2483       2.3420
    2484       2.2512
    2485       2.3760
    2486       2.2297
    2487       2.4703
    2488       2.3591
    2489       2.4816
    2490       2.3066
    2491       2.3699
    2492       2.3224
    2493       2.3800
    2494       2.3552
    2495       2.4730
    2496       2.5147
    2497       2.4745
    2498       2.5043
    2499       2.5167
    2500       2.4017
    2501       2.4487
    2502       2.3590
    2503       2.4018
    2504       2.4468
    2505       2.4248
    2506       2.4462
    2507       2.4713
    2508       2.3203
    2509       2.3918
    2510       2.4812
    2511       2.4305
    2512       2.3825
    2513       2.4468
    2514       2.4141
    2515       2.3673
    2516       2.3159
    2517       2.3726
    2518       2.3278
    2519       2.3168
    2520       2.3848
    2521       2.3197
    2522       2.3355
    2523       2.3550
    2524       2.1245
    2525       2.3626
    2526       2.2857
    2527       2.2497
    2528       2.2631
    2529       2.1724
    2530       2.1984
    2531       2.2291
    2532       2.2074
    2533       2.2468
    2534       2.3408
    2535       2.2476
    2536       2.2500
    2537       2.4092
    2538       2.3825
    2539       2.3471
    2540       2.3764
    2541       2.3478
    2542       2.3250
    2543       2.3121
    2544       2.2483
    2545       2.3708
    2546       2.3214
    2547       2.3693
    2548       2.3419
    2549       2.3797
    2550       2.2533
    2551       2.2961
    2552       2.3213
    2553       2.2013
    2554       2.3552
    2555       2.4148
    2556       2.4590
    2557       2.4173
    2558       2.3596
    2559       2.2463
    2560       2.2174
    2561       2.1933
    2562       2.2662
    2563       2.2880
    2564       2.1959
    2565       2.2060
    2566       2.2502
    2567       2.3062
    2568       2.3959
    2569       2.1973
    2570       2.2147
    2571       2.1705
    2572       2.2298
    2573       2.2587
    2574       2.2526
    2575       2.2232
    2576       2.2104
    2577       2.2931
    2578       2.4071
    2579       2.2765
    2580       2.3691
    2581       2.2980
    2582       2.1955
    2583       2.2359
    2584       2.2943
    2585       2.4001
    2586       2.3533
    2587       2.2464
    2588       2.4045
    2589       2.4487
    2590       2.3928
    2591       2.2653
    2592       2.3097
    2593       2.4098
    2594       2.4030
    2595       2.3959
    2596       2.3833
    2597       2.2594
    2598       2.4168
    2599       2.4425
    2600       2.5496
    2601       2.2421
    2602       2.2319
    2603       2.3408
    2604       2.2454
    2605       2.2440
    2606       2.2831
    2607       2.2671
    2608       2.2070
    2609       2.2748
    2610       2.2292
    2611       2.1842
    2612       2.4343
    2613       2.3039
    2614       2.2974
    2615       2.3562
    2616       2.2366
    2617       2.1658
    2618       2.2699
    2619       2.4040
    2620       2.3107
    2621       2.3480
    2622       2.2809
    2623       2.3488
    2624       2.4210
    2625       2.2709
    2626       2.3302
    2627       2.2867
    2628       2.3330
    2629       2.3839
    2630       2.2160
    2631       2.1560
    2632       2.2555
    2633       2.2779
    2634       2.2591
    2635       2.3026
    2636       2.3224
    2637       2.3707
    2638       2.2979
    2639       2.3815
    2640       2.3092
    2641       2.3111
    2642       2.2892
    2643       2.5207
    2644       2.3760
    2645       2.3130
    2646       2.2446
    2647       2.2043
    2648       2.2613
    2649       2.1827
    2650       2.0993
    2651       2.1961
    2652       2.2406
    2653       2.2813
    2654       2.3054
    2655       2.3007
    2656       2.2715
    2657       2.3432
    2658       2.1679
    2659       2.2222
    2660       2.2600
    2661       2.3608
    2662       2.3581
    2663       2.3530
    2664       2.3454
    2665       2.3714
    2666       2.2008
    2667       2.3418
    2668       2.2149
    2669       2.2545
    2670       2.2541
    2671       2.4809
    2672       2.5052
    2673       2.3995
    2674       2.3673
    2675       2.1796
    2676       2.3130
    2677       2.1807
    2678       2.3955
    2679       2.2915
    2680       2.3252
    2681       2.4210
    2682       2.3238
    2683       2.3561
    2684       2.3285
    2685       2.2788
    2686       2.3285
    2687       2.2140
    2688       2.3737
    2689       2.3779
    2690       2.4407
    2691       2.3502
    2692       2.4502
    2693       2.3805
    2694       2.4442
    2695       2.2662
    2696       2.2849
    2697       2.3234
    2698       2.2508
    2699       2.4292
    2700       2.3633
    2701       2.3181
    2702       2.3825
    2703       2.4568
    2704       2.3707
    2705       2.3528
    2706       2.4948
    2707       2.3445
    2708       2.3687
    2709       2.3212
    2710       2.2724
    2711       2.3127
    2712       2.3548
    2713       2.2230
    2714       2.3498
    2715       2.3845
    2716       2.3358
    2717       2.3266
    2718       2.3114
    2719       2.2044
    2720       2.3051
    2721       2.3194
    2722       2.2664
    2723       2.1934
    2724       2.3805
    2725       2.1746
    2726       2.2022
    2727       2.3363
    2728       2.3191
    2729       2.3072
    2730       2.3546
    2731       2.2751
    2732       2.2972
    2733       2.3084
    2734       2.2633
    2735       2.2965
    2736       2.2964
    2737       2.2913
    2738       2.3410
    2739       2.4025
    2740       2.4498
    2741       2.3813
    2742       2.2430
    2743       2.3532
    2744       2.3705
    2745       2.4851
    2746       2.3420
    2747       2.4456
    2748       2.3394
    2749       2.3095
    2750       2.2596
    2751       2.3996
    2752       2.3298
    2753       2.1957
    2754       2.2374
    2755       2.2734
    2756       2.3029
    2757       2.3599
    2758       2.2604
    2759       2.3159
    2760       2.2616
    2761       2.2830
    2762       2.3267
    2763       2.3281
    2764       2.5075
    2765       2.3356
    2766       2.2524
    2767       2.1615
    2768       2.2346
    2769       2.2020
    2770       2.2742
    2771       2.3210
    2772       2.3659
    2773       2.2404
    2774       2.2600
    2775       2.1434
    2776       2.3997
    2777       2.4519
    2778       2.5973
    2779       2.2367
    2780       2.3852
    2781       2.3414
    2782       2.2777
    2783       2.3461
    2784       2.2777
    2785       2.3503
    2786       2.3425
    2787       2.2905
    2788       2.3042
    2789       2.1806
    2790       2.3365
    2791       2.3586
    2792       2.2127
    2793       2.3590
    2794       2.2093
    2795       2.1883
    2796       2.3963
    2797       2.2107
    2798       2.2446
    2799       2.3095
    2800       2.3406
    2801       2.3374
    2802       2.3878
    2803       2.3345
    2804       2.3118
    2805       2.3866
    2806       2.4666
    2807       2.2874
    2808       2.2419
    2809       2.2953
    2810       2.3154
    2811       2.3383
    2812       2.2823
    2813       2.2538
    2814       2.2754
    2815       2.4219
    2816       2.2977
    2817       2.3498
    2818       2.5440
    2819       2.4201
    2820       2.3933
    2821       2.4730
    2822       2.3695
    2823       2.2216
    2824       2.4064
    2825       2.3815
    2826       2.3413
    2827       2.2713
    2828       2.2238
    2829       2.4458
    2830       2.3719
    2831       2.2320
    2832       2.3960
    2833       2.3998
    2834       2.3127
    2835       2.4199
    2836       2.2058
    2837       2.2628
    2838       2.2706
    2839       2.2670
    2840       2.0389
    2841       2.2232
    2842       2.3025
    2843       2.3210
    2844       2.3123
    2845       2.2974
    2846       2.3106
    2847       2.1923
    2848       2.3837
    2849       2.3799
    2850       2.3396
    2851       2.3357
    2852       2.2560
    2853       2.2903
    2854       2.2936
    2855       2.2738
    2856       2.1040
    2857       2.3803
    2858       2.2710
    2859       2.3326
    2860       2.4459
    2861       2.2929
    2862       2.2240
    2863       2.2852
    2864       2.1152
    2865       2.2237
    2866       2.2824
    2867       2.1927
    2868       2.1309
    2869       2.1379
    2870       2.2335
    2871       2.1457
    2872       2.2525
    2873       2.3440
    2874       2.2276
    2875       2.1292
    2876       2.1650
    2877       2.2085
    2878       2.2484
    2879       2.3078
    2880       2.2915
    2881       2.3537
    2882       2.3916
    2883       2.3393
    2884       2.3385
    2885       2.3048
    2886       2.2342
    2887       2.4200
    2888       2.3303
    2889       2.3357
    2890       2.3271
    2891       2.2263
    2892       2.2518
    2893       2.1317
    2894       2.2085
    2895       2.2577
    2896       2.2929
    2897       2.2317
    2898       2.2645
    2899       2.1999
    2900       2.2660
    2901       2.3159
    2902       2.1593
    2903       2.0793
    2904       2.2084
    2905       2.0510
    2906       2.1414
    2907       2.1425
    2908       2.2461
    2909       2.1660
    2910       2.2437
    2911       2.1502
    2912       2.2903
    2913       2.1428
    2914       2.2609
    2915       2.2367
    2916       2.3205
    2917       2.1977
    2918       2.1766
    2919       2.2489
    2920       2.3020
    2921       2.2337
    2922       2.3140
    2923       2.2101
    2924       2.2209
    2925       2.1409
    2926       2.2908
    2927       2.3449
    2928       2.4092
    2929       2.3825
    2930       2.2195
    2931       2.2833
    2932       2.3164
    2933       2.3076
    2934       2.3314
    2935       2.2384
    2936       2.1271
    2937       2.1419
    2938       2.2630
    2939       2.2756
    2940       2.3608
    2941       2.2727
    2942       2.2667
    2943       2.2083
    2944       2.2901
    2945       2.3259
    2946       2.3589
    2947       2.3680
    2948       2.3610
    2949       2.2655
    2950       2.2880
    2951       2.3538
    2952       2.3491
    2953       2.3227
    2954       2.3798
    2955       2.4555
    2956       2.3739
    2957       2.3055
    2958       2.2140
    2959       2.1966
    2960       2.2856
    2961       2.2535
    2962       2.3245
    2963       2.2474
    2964       2.3359
    2965       2.3132
    2966       2.2462
    2967       2.2333
    2968       2.2851
    2969       2.2205
    2970       2.2369
    2971       2.1588
    2972       2.2672
    2973       2.1629
    2974       2.1780
    2975       2.2411
    2976       2.3598
    2977       2.2008
    2978       2.2431
    2979       2.3224
    2980       2.1625
    2981       2.2909
    2982       2.2738
    2983       2.2480
    2984       2.3532
    2985       2.3254
    2986       2.4008
    2987       2.1496
    2988       2.1411
    2989       2.2217
    2990       2.2341
    2991       2.2429
    2992       2.2110
    2993       2.3638
    2994       2.2932
    2995       2.1641
    2996       2.2465
    2997       2.0984
    2998       2.2788
    2999       2.1478
    3000       2.1039
    3001       2.1315
