0.324059
0.664766
1.000531
1.343278
1.678241
2.012671
2.375396
2.734025
3.127166
3.532273
3.945774
4.367464
4.784995
5.225521
5.653853
6.047648
6.457756
6.857661
7.295707
7.727375
8.153888
8.574103
9.041296
9.503542
9.959775
10.414386
10.841619
11.258200
11.664535
12.046878
12.481606
12.902463
13.310696
13.673170
14.080298
14.490828
14.902309
15.338345
15.755971
16.177239
16.570562
16.942080
17.357897
17.795067
18.285512
18.811847
19.196192
19.644508
20.117127
20.596560
21.037830
21.525255
21.955822
22.348022
22.778105
23.197848
23.571310
24.032571
24.408382
24.810217
25.164475
25.591207
26.063966
26.540859
26.964731
27.416828
27.807556
28.257278
28.704457
29.115811
29.555277
29.955072
30.378177
30.732434
31.113677
31.512573
31.941279
32.385876
32.808518
33.203412
33.675913
34.169072
34.628386
35.056314
35.454694
35.867829
36.283605
36.774647
37.237819
37.667724
38.138904
38.551148
39.108287
39.572381
40.012259
40.446341
40.927118
41.367915
41.841133
42.271394
42.729771
43.175335
43.618510
44.021927
44.479699
44.899684
45.340666
45.737236
46.192690
46.620857
47.073748
47.512206
47.966451
48.374864
48.812948
49.232241
49.644548
50.074304
50.547248
50.992624
51.405914
51.801738
52.238454
52.702994
53.170428
53.576727
54.031319
54.462545
54.880643
55.314439
55.793820
56.240181
56.653678
57.069238
57.547833
57.993827
58.483682
58.912898
59.330967
59.730969
60.151997
60.558870
60.991055
61.408127
61.835095
62.271178
62.662532
63.026187
63.425120
63.807750
64.203207
64.606587
65.042060
65.417085
65.831848
66.237359
66.632138
67.028203
67.452593
67.893303
68.294792
68.689799
69.105367
69.469453
69.865255
70.244262
70.685718
71.090631
71.456403
71.879905
72.235609
72.593761
73.035069
73.474317
73.909023
74.358069
74.767566
75.177890
75.584610
76.019119
76.501335
76.956733
77.385968
77.811699
78.218438
78.565578
78.966435
79.365769
79.773462
80.196161
80.543835
80.903055
81.243570
81.577136
81.904286
82.291168
82.649555
83.044381
83.434433
83.869692
84.259052
84.656997
85.029266
85.418586
85.841836
86.199392
86.587321
86.944248
87.348256
87.828552
88.241350
88.633411
89.025828
89.408333
89.829050
90.197558
90.592922
90.995017
91.376161
91.749901
92.142424
92.535673
92.918908
93.320857
93.754591
94.181432
94.600401
94.984582
95.396569
95.802893
96.249695
96.644304
97.061278
97.483297
97.922399
98.335669
98.745285
99.178812
99.621307
100.077731
100.523058
100.978785
101.389734
101.833577
102.219400
102.617093
102.975545
103.392375
103.837997
104.292960
104.712373
105.135144
105.561793
105.972664
106.393964
106.809926
107.224051
107.639517
108.032220
108.443025
108.795912
109.156143
109.560438
110.025030
110.413541
110.885625
111.281298
111.659704
112.084167
112.561055
112.971721
113.404543
113.860465
114.270459
114.637599
115.093985
115.482206
115.872885
116.276499
116.691229
117.096376
117.500275
117.905833
118.349100
118.761135
119.216868
119.693793
120.150514
120.581964
121.054293
121.511395
121.978503
122.416702
122.885035
123.303137
123.708076
124.121897
124.536395
125.021367
125.462626
125.899968
126.304108
126.637572
127.022024
127.452859
127.876216
128.321246
128.672459
129.003791
129.423111
129.790877
130.213934
130.587302
130.938362
131.297486
131.678912
132.083905
132.470044
132.906843
133.362455
133.790584
134.224398
134.663572
135.065802
135.449444
135.868361
136.335430
136.786325
137.256795
137.674644
138.107742
138.524070
138.985027
139.431200
139.893131
140.388433
140.851312
141.293014
141.691445
142.063925
142.444813
142.857506
143.296878
143.696634
144.123288
144.555639
144.987556
145.427010
145.855594
146.282501
146.728802
147.126152
147.543963
147.982583
148.421449
148.859470
149.262047
149.725695
150.112506
150.496276
150.899431
151.328377
151.795757
152.213006
152.604969
153.017351
153.451896
153.876781
154.319233
154.750288
155.163942
155.595686
155.992994
156.384582
156.819496
157.236514
157.673845
158.056365
158.432029
158.871137
159.262206
159.686424
160.105274
160.493351
160.892858
161.288538
161.704325
162.154150
162.537597
162.974602
163.384936
163.801434
164.185973
164.558817
164.967226
165.388764
165.748906
166.134983
166.546215
166.913410
167.334513
167.728581
168.120232
168.517059
168.950907
169.397164
169.851278
170.283306
170.705780
171.110253
171.517250
171.932578
172.344641
172.772602
173.164044
173.610718
174.048606
174.438415
174.847416
175.276831
175.673939
176.139460
176.611818
177.092036
177.521800
177.970103
178.414230
178.820376
179.256284
179.699323
180.163223
180.640210
181.085886
181.543632
182.069920
182.543507
183.016633
183.474460
183.925758
184.368382
184.860092
185.283722
185.798716
186.235395
186.689111
187.117382
187.625814
188.043127
188.538597
188.972263
189.367460
189.790574
190.197885
190.624744
191.010011
191.386645
191.770586
192.179553
192.562865
192.946414
193.324735
193.760202
194.186056
194.580835
194.968530
195.362763
195.770109
196.198670
196.616456
197.003164
197.399691
197.771770
198.115189
198.480480
198.785730
199.115243
199.475171
199.862587
200.252720
200.626981
200.959168
201.298154
201.599813
201.889646
202.223633
202.528180
202.816920
203.109241
203.466580
203.792436
204.190382
204.520545
204.880501
205.251125
205.599468
205.906141
206.226205
206.532769
206.833419
207.117933
207.424998
207.732713
208.036100
208.357763
208.644215
208.901537
209.166406
209.452374
209.751024
210.041415
210.311044
210.591081
210.867597
211.142636
211.424050
211.700420
211.980374
212.253815
212.536708
212.837189
213.106188
213.412718
213.684390
213.959962
214.269516
214.626460
214.950559
215.214283
215.483751
215.758869
216.044926
216.341930
216.645330
216.943737
217.240363
217.518655
217.835311
218.116082
218.384820
218.703898
218.996584
219.310482
219.585936
219.888630
220.165743
220.477476
220.807256
221.141727
221.443983
221.720496
222.011356
222.310574
222.605055
222.893153
223.192589
223.484174
223.779312
224.065701
224.345540
224.642878
224.937001
225.203362
225.495708
225.792625
226.087089
226.368721
226.670590
226.965599
227.244398
227.571502
227.848993
228.138716
228.451098
228.776525
229.086391
229.391041
229.692384
229.989943
230.308179
230.580485
230.875275
231.171470
231.461918
231.768650
232.081869
232.371556
232.670086
232.930747
233.212547
233.508840
233.796196
234.090414
234.352645
234.613007
234.893692
235.165875
235.447923
235.716680
235.995264
236.301066
236.607117
