#Frame         myrmsd
       1       0.0000
       2       1.3934
       3       1.2784
       4       1.2686
       5       1.2627
       6       1.5056
       7       1.5025
       8       1.6603
       9       1.7156
      10       1.5003
      11       1.4979
      12       1.5588
      13       1.5292
      14       1.6325
      15       1.7784
      16       1.4801
      17       1.5898
      18       1.7284
      19       1.5621
      20       1.6485
      21       1.6979
      22       1.7916
      23       1.7227
      24       1.7161
      25       1.7138
      26       1.7744
      27       1.7452
      28       1.7089
      29       1.7281
      30       1.6644
      31       1.6629
      32       1.6348
      33       1.6445
      34       1.6390
      35       1.7688
      36       1.7018
      37       1.7273
      38       1.7555
      39       1.8437
      40       1.7377
      41       1.9486
      42       1.8711
      43       1.7308
      44       1.8833
      45       1.8554
      46       1.8647
      47       1.9950
      48       1.8666
      49       1.9458
      50       1.9098
      51       1.9249
      52       1.8458
      53       1.9119
      54       1.8704
      55       1.6958
      56       1.8046
      57       1.7901
      58       1.9971
      59       1.7115
      60       1.8435
      61       2.0279
      62       1.9065
      63       1.7524
      64       1.8783
      65       1.8450
      66       1.8682
      67       1.7728
      68       1.6969
      69       1.9914
      70       1.8555
      71       1.9878
      72       1.8853
      73       2.0777
      74       1.9206
      75       1.9615
      76       1.9663
      77       1.8758
      78       1.9426
      79       1.9332
      80       1.8561
      81       1.8056
      82       1.9896
      83       1.8681
      84       2.0326
      85       2.1015
      86       2.0326
      87       1.7833
      88       1.7948
      89       1.8513
      90       1.7504
      91       2.1025
      92       2.0606
      93       2.1529
      94       1.9777
      95       2.0415
      96       1.9385
      97       1.9179
      98       2.0785
      99       1.9301
     100       1.9133
     101       1.8535
     102       1.8598
     103       1.8539
     104       1.8642
     105       1.8209
     106       1.7963
     107       1.8502
     108       1.8332
     109       1.8794
     110       1.8351
     111       1.9042
     112       1.8559
     113       1.9175
     114       1.8096
     115       1.7520
     116       1.7501
     117       1.7980
     118       1.7557
     119       1.6506
     120       1.6646
     121       1.6828
     122       1.8344
     123       1.6431
     124       1.7308
     125       1.6796
     126       1.7314
     127       1.7464
     128       1.6643
     129       1.7385
     130       1.7425
     131       1.7360
     132       1.6432
     133       1.7427
     134       1.7143
     135       1.8079
     136       1.8274
     137       1.7544
     138       1.6262
     139       1.8400
     140       1.7917
     141       1.8207
     142       1.8521
     143       1.7689
     144       1.8886
     145       1.8428
     146       1.9665
     147       1.8087
     148       1.7165
     149       1.7117
     150       1.8569
     151       1.8802
     152       1.9187
     153       1.7682
     154       1.8727
     155       1.9116
     156       1.7919
     157       1.7984
     158       1.8595
     159       1.8161
     160       1.8300
     161       2.0407
     162       2.0393
     163       1.8462
     164       2.0089
     165       1.9568
     166       1.9096
     167       2.1393
     168       1.8789
     169       1.9540
     170       2.0226
     171       2.0538
     172       2.0348
     173       1.9618
     174       1.9922
     175       2.0626
     176       1.8288
     177       2.0773
     178       1.9012
     179       2.0257
     180       2.0188
     181       1.8244
     182       2.0949
     183       1.9147
     184       2.1259
     185       2.0739
     186       1.9120
     187       1.8279
     188       1.9372
     189       1.9624
     190       1.9807
     191       1.9152
     192       1.9717
     193       1.9112
     194       1.9284
     195       1.9757
     196       1.8434
     197       2.0005
     198       1.9323
     199       2.0053
     200       2.0426
     201       1.9693
     202       1.7592
     203       1.8366
     204       1.8454
     205       1.8943
     206       1.9612
     207       1.7387
     208       1.8735
     209       2.0051
     210       1.8409
     211       1.8996
     212       1.8712
     213       1.8502
     214       1.7318
     215       1.9176
     216       1.9320
     217       1.9366
     218       2.0111
     219       1.6902
     220       1.8120
     221       1.7961
     222       1.6667
     223       1.7327
     224       2.0209
     225       1.9329
     226       1.7114
     227       1.9152
     228       1.8337
     229       1.7876
     230       1.7365
     231       1.9276
     232       1.8866
     233       1.7815
     234       1.7474
     235       1.7025
     236       1.8729
     237       1.9915
     238       1.7775
     239       1.7811
     240       1.8210
     241       1.7705
     242       1.8700
     243       1.7193
     244       1.7545
     245       1.7076
     246       1.7478
     247       1.7863
     248       2.0915
     249       1.8131
     250       1.9978
     251       1.9523
     252       1.8887
     253       1.9970
     254       1.9638
     255       1.7682
     256       1.7662
     257       1.9683
     258       1.7240
     259       1.7628
     260       1.9864
     261       1.8583
     262       1.8848
     263       1.8965
     264       1.8534
     265       1.9554
     266       1.6808
     267       1.9541
     268       1.8535
     269       1.9066
     270       1.7886
     271       1.6783
     272       1.7011
     273       2.0497
     274       1.6957
     275       1.6840
     276       1.8017
     277       1.6998
     278       1.7858
     279       1.8245
     280       1.6800
     281       1.8622
     282       1.8374
     283       1.7234
     284       1.8085
     285       1.8921
     286       1.8280
     287       1.7866
     288       1.9449
     289       1.7847
     290       1.9772
     291       1.6739
     292       1.6831
     293       1.6811
     294       1.7619
     295       1.6790
     296       1.7164
     297       1.9370
     298       1.7115
     299       1.7121
     300       1.7487
     301       1.8162
     302       1.7473
     303       1.7557
     304       1.8023
     305       1.8506
     306       1.7297
     307       1.7917
     308       1.7111
     309       1.8006
     310       1.7309
     311       1.7592
     312       1.6319
     313       1.7726
     314       1.8296
     315       1.8849
     316       1.7517
     317       1.9222
     318       1.8249
     319       1.9199
     320       1.9860
     321       1.9059
     322       1.8724
     323       1.9754
     324       1.8839
     325       1.8181
     326       2.0397
     327       1.8184
     328       1.9693
     329       1.8839
     330       1.9205
     331       1.9233
     332       1.8458
     333       1.7374
     334       1.9139
     335       2.0241
     336       1.7895
     337       1.9268
     338       1.7940
     339       1.8626
     340       1.8210
     341       1.8200
     342       1.9754
     343       1.8121
     344       1.8557
     345       1.9573
     346       1.8285
     347       1.7580
     348       1.5878
     349       1.6962
     350       1.8161
     351       1.7861
     352       1.5920
     353       1.6966
     354       1.7837
     355       1.6506
     356       1.8662
     357       1.7579
     358       1.7616
     359       1.9216
     360       1.9587
     361       1.6331
     362       1.9263
     363       1.7379
     364       1.9617
     365       1.9072
     366       1.9525
     367       1.7994
     368       1.7456
     369       1.8543
     370       1.8446
     371       1.7949
     372       2.0037
     373       2.1482
     374       1.8272
     375       1.7487
     376       1.8127
     377       1.8072
     378       1.9074
     379       1.9592
     380       1.8976
     381       1.8329
     382       1.7803
     383       1.7400
     384       1.7766
     385       1.8655
     386       1.8966
     387       1.7171
     388       1.6352
     389       1.7625
     390       1.7676
     391       1.8576
     392       1.8998
     393       1.7507
     394       1.9311
     395       1.8130
     396       1.7918
     397       1.8042
     398       1.7782
     399       1.7838
     400       1.6775
     401       1.7215
     402       1.7374
     403       1.7406
     404       1.7084
     405       1.8114
     406       1.7966
     407       1.7241
     408       1.8102
     409       1.8410
     410       1.8942
     411       1.8102
     412       1.7607
     413       1.7062
     414       1.8790
     415       1.8616
     416       1.8363
     417       1.8088
     418       1.8920
     419       2.0143
     420       1.9375
     421       1.8447
     422       1.9119
     423       1.8633
     424       1.9992
     425       1.7968
     426       1.8474
     427       1.9774
     428       2.0301
     429       1.8526
     430       1.9257
     431       1.8684
     432       1.9825
     433       1.8965
     434       2.0476
     435       1.8841
     436       1.9398
     437       1.8422
     438       1.8339
     439       1.8023
     440       1.8236
     441       1.8151
     442       1.9495
     443       1.9399
     444       1.9934
     445       1.7672
     446       1.9326
     447       1.8924
     448       1.8201
     449       1.8004
     450       1.7395
     451       1.9209
     452       1.8641
     453       1.9568
     454       1.8513
     455       1.8612
     456       1.9260
     457       1.8611
     458       1.7024
     459       1.8261
     460       1.9730
     461       1.9514
     462       1.9804
     463       1.8393
     464       1.8216
     465       1.9938
     466       1.8751
     467       1.8186
     468       1.7884
     469       1.8635
     470       2.0494
     471       1.9459
     472       1.9393
     473       1.9778
     474       1.8055
     475       1.8350
     476       1.9444
     477       1.9270
     478       2.0102
     479       1.9652
     480       1.8992
     481       1.9572
     482       1.9433
     483       1.9250
     484       1.9535
     485       1.9838
     486       1.9210
     487       1.9613
     488       1.8152
     489       1.7250
     490       1.8392
     491       1.9288
     492       1.8751
     493       1.8726
     494       2.0592
     495       1.9999
     496       2.0984
     497       2.0750
     498       1.9013
     499       1.8903
     500       1.8666
     501       1.8673
     502       1.8942
     503       1.7959
     504       1.8239
     505       1.9513
     506       1.8679
     507       1.8206
     508       1.8630
     509       2.0336
     510       1.8436
     511       1.9211
     512       1.9245
     513       1.9961
     514       1.9338
     515       1.9761
     516       1.9257
     517       1.9066
     518       1.9278
     519       1.9620
     520       1.9758
     521       1.9984
     522       1.8604
     523       1.9495
     524       1.8338
     525       1.8206
     526       1.7747
     527       1.9829
     528       2.1076
     529       1.9839
     530       2.0418
     531       2.0369
     532       1.8624
     533       2.1802
     534       1.9313
     535       1.8593
     536       1.6975
     537       1.8340
     538       1.8261
     539       1.7814
     540       1.9796
     541       1.8405
     542       1.8451
     543       1.7468
     544       2.0380
     545       1.8671
     546       1.8854
     547       1.6982
     548       1.8231
     549       1.9631
     550       1.9466
     551       1.9846
     552       1.8451
     553       1.8256
     554       1.9557
     555       2.0080
     556       1.9206
     557       1.8540
     558       1.8260
     559       1.8911
     560       1.6702
     561       1.7301
     562       1.8243
     563       1.9615
     564       1.7858
     565       1.6012
     566       1.6960
     567       1.6787
     568       1.8321
     569       1.7192
     570       1.7545
     571       1.6843
     572       1.7952
     573       1.8042
     574       1.7223
     575       1.7140
     576       1.6273
     577       1.7164
     578       1.6766
     579       1.9007
     580       1.9075
     581       1.7741
     582       1.9364
     583       1.8253
     584       1.7460
     585       1.7071
     586       1.8260
     587       1.8591
     588       1.9358
     589       1.9105
     590       1.8675
     591       1.9769
     592       1.7988
     593       1.9344
     594       1.9570
     595       1.9957
     596       1.9627
     597       2.0707
     598       1.8428
     599       1.9523
     600       1.8847
     601       1.9391
     602       1.8715
     603       1.9046
     604       1.8262
     605       1.9142
     606       1.8141
     607       1.9345
     608       1.8309
     609       1.8263
     610       1.8671
     611       1.7804
     612       1.8006
     613       1.8822
     614       1.8293
     615       1.8596
     616       1.9437
     617       1.9590
     618       1.7726
     619       1.7938
     620       1.8003
     621       1.8149
     622       1.8905
     623       1.8500
     624       1.9480
     625       1.9103
     626       1.8810
     627       1.7332
     628       1.9718
     629       1.8333
     630       1.9144
     631       1.8675
     632       1.8396
     633       1.8284
     634       1.8783
     635       1.8973
     636       1.8658
     637       1.8816
     638       1.9115
     639       1.8892
     640       1.7478
     641       1.8576
     642       1.9107
     643       1.7514
     644       1.8269
     645       1.9936
     646       1.8151
     647       1.8659
     648       1.9467
     649       1.8964
     650       1.8378
     651       1.8901
     652       1.8434
     653       1.8091
     654       1.8414
     655       1.7119
     656       1.7748
     657       1.9157
     658       1.9008
     659       1.8265
     660       1.9050
     661       2.0218
     662       1.9398
     663       1.8434
     664       1.9670
     665       1.9663
     666       2.0159
     667       1.9153
     668       1.9820
     669       2.0658
     670       2.0025
     671       1.9157
     672       1.9157
     673       1.9614
     674       2.0371
     675       1.8343
     676       2.0616
     677       1.8706
     678       1.8640
     679       2.1919
     680       2.0650
     681       1.9300
     682       2.0030
     683       2.0106
     684       1.8992
     685       1.9278
     686       1.8930
     687       1.9158
     688       1.8664
     689       1.8082
     690       1.7671
     691       1.8277
     692       1.7722
     693       1.6818
     694       1.7804
     695       1.8343
     696       1.8309
     697       1.8073
     698       1.7973
     699       1.7488
     700       1.9335
     701       1.6952
     702       1.8354
     703       1.9251
     704       1.5882
     705       1.8335
     706       1.7984
     707       1.7865
     708       1.7811
     709       1.8009
     710       1.7976
     711       1.7220
     712       1.7588
     713       1.7816
     714       1.7935
     715       1.8182
     716       1.8232
     717       1.7883
     718       1.8131
     719       1.7715
     720       1.8008
     721       1.7676
     722       1.8789
     723       1.8669
     724       1.8009
     725       1.7810
     726       1.7143
     727       1.7121
     728       1.6614
     729       1.7247
     730       1.7437
     731       1.7708
     732       1.7760
     733       1.6917
     734       1.6645
     735       1.8043
     736       1.6945
     737       1.8177
     738       1.8372
     739       1.7583
     740       1.7339
     741       1.6927
     742       1.8624
     743       1.7522
     744       1.9285
     745       1.8542
     746       1.7234
     747       1.9191
     748       1.7449
     749       1.8618
     750       1.7645
     751       1.7700
     752       1.9261
     753       1.7862
     754       1.7456
     755       1.8076
     756       1.6947
     757       1.7826
     758       1.7815
     759       1.8037
     760       1.8299
     761       1.8188
     762       1.8587
     763       1.9281
     764       1.8568
     765       1.8023
     766       1.8337
     767       1.8161
     768       1.8565
     769       1.9189
     770       1.8027
     771       1.6891
     772       1.7683
     773       1.8446
     774       1.8026
     775       1.8286
     776       1.8397
     777       1.8567
     778       1.9677
     779       1.8559
     780       1.8492
     781       1.9041
     782       1.8677
     783       1.8733
     784       1.7910
     785       1.7757
     786       1.8043
     787       1.7614
     788       1.7940
     789       1.7299
     790       1.9284
     791       1.9196
     792       1.8763
     793       1.7820
     794       1.7465
     795       1.7199
     796       1.7892
     797       1.7041
     798       1.6938
     799       1.8957
     800       1.8484
     801       1.6633
     802       1.6712
     803       1.7377
     804       1.8500
     805       1.8497
     806       1.7703
     807       1.8267
     808       1.8278
     809       1.9176
     810       2.0657
     811       1.8350
     812       1.7631
     813       1.7683
     814       1.7533
     815       1.7730
     816       1.8118
     817       1.7087
     818       1.8703
     819       1.7890
     820       1.8647
     821       1.8968
     822       1.9166
     823       1.8025
     824       1.9054
     825       1.9175
     826       1.8513
     827       1.8386
     828       1.8767
     829       2.0042
     830       1.8481
     831       1.9190
     832       1.8227
     833       1.7983
     834       1.9725
     835       1.8629
     836       1.7754
     837       1.8928
     838       1.8551
     839       1.7947
     840       1.7892
     841       1.8154
     842       1.8310
     843       1.9222
     844       1.7875
     845       1.7528
     846       1.8254
     847       1.8919
     848       1.8744
     849       1.9341
     850       1.9636
     851       1.9398
     852       2.0211
     853       1.9542
     854       1.9939
     855       2.0523
     856       2.1522
     857       2.1042
     858       1.9457
     859       1.9252
     860       1.9866
     861       1.9073
     862       2.0478
     863       2.0277
     864       1.9679
     865       2.0488
     866       1.9003
     867       1.9165
     868       1.8512
     869       1.8230
     870       1.7953
     871       1.9036
     872       1.8965
     873       2.0361
     874       1.8303
     875       1.8776
     876       1.8919
     877       1.6881
     878       1.8273
     879       1.8352
     880       1.9276
     881       1.8633
     882       1.8533
     883       1.9311
     884       1.9143
     885       1.8907
     886       1.7898
     887       1.8624
     888       1.8701
     889       1.8317
     890       1.8704
     891       1.9607
     892       1.9537
     893       1.8547
     894       1.9574
     895       1.8704
     896       1.9137
     897       1.9030
     898       1.9358
     899       1.8351
     900       1.9983
     901       1.7979
     902       1.8384
     903       1.8803
     904       1.9105
     905       1.8582
     906       1.8447
     907       1.7823
     908       1.8438
     909       1.8261
     910       1.9580
     911       1.8272
     912       1.8659
     913       2.0884
     914       2.0341
     915       2.0169
     916       1.8695
     917       1.9800
     918       1.9633
     919       1.9688
     920       1.8924
     921       1.9234
     922       1.9260
     923       1.9259
     924       1.9748
     925       1.9094
     926       1.9481
     927       1.8901
     928       1.9517
     929       1.9510
     930       1.9487
     931       1.8460
     932       1.8894
     933       1.9144
     934       1.9355
     935       1.9349
     936       1.9029
     937       2.0525
     938       1.9353
     939       2.0122
     940       1.9706
     941       2.0140
     942       2.0805
     943       1.8910
     944       2.0190
     945       1.9623
     946       1.8725
     947       1.8251
     948       2.1021
     949       1.9475
     950       1.9647
     951       1.8084
     952       1.9304
     953       1.9141
     954       1.9055
     955       1.9963
     956       1.9798
     957       1.8743
     958       1.9419
     959       1.9270
     960       1.9607
     961       1.9621
     962       1.9739
     963       2.0278
     964       1.9761
     965       1.8999
     966       1.8924
     967       1.9514
     968       2.0658
     969       1.9630
     970       1.9735
     971       2.0592
     972       1.9427
     973       1.9235
     974       2.0132
     975       2.0451
     976       2.0505
     977       2.0253
     978       2.0310
     979       1.8791
     980       1.9258
     981       1.8821
     982       1.9842
     983       1.9383
     984       1.8858
     985       1.9117
     986       1.9119
     987       2.0421
     988       1.9964
     989       1.9177
     990       1.9078
     991       2.0102
     992       1.9590
     993       2.0133
     994       1.9179
     995       1.9524
     996       1.9352
     997       1.9931
     998       1.9853
     999       1.9312
    1000       1.9231
    1001       1.7950
    1002       1.9132
    1003       1.7826
    1004       1.8687
    1005       1.8059
    1006       1.7986
    1007       1.8075
    1008       1.8618
    1009       1.8338
    1010       1.8270
    1011       1.8325
    1012       1.8148
    1013       1.9471
    1014       1.8241
    1015       1.9060
    1016       1.8648
    1017       1.7949
    1018       1.8859
    1019       1.8094
    1020       1.9095
    1021       1.7352
    1022       2.0553
    1023       2.0192
    1024       1.8906
    1025       1.7874
    1026       1.9256
    1027       1.9076
    1028       1.9189
    1029       1.9798
    1030       1.9333
    1031       1.8403
    1032       1.8339
    1033       1.8546
    1034       1.7839
    1035       1.7497
    1036       1.7824
    1037       1.9044
    1038       1.8387
    1039       1.9762
    1040       1.8989
    1041       1.9922
    1042       1.7604
    1043       1.9012
    1044       1.9506
    1045       1.8039
    1046       1.8452
    1047       1.8591
    1048       1.9748
    1049       1.9210
    1050       1.8558
    1051       1.8984
    1052       1.9534
    1053       1.9180
    1054       1.9583
    1055       1.9454
    1056       1.8599
    1057       1.9823
    1058       1.9305
    1059       1.9511
    1060       2.0319
    1061       1.8192
    1062       2.0566
    1063       2.0278
    1064       1.9462
    1065       1.9542
    1066       1.7537
    1067       1.7848
    1068       1.9051
    1069       1.8662
    1070       1.8903
    1071       1.9782
    1072       1.8129
    1073       1.9371
    1074       1.9653
    1075       1.9133
    1076       1.7591
    1077       1.9176
    1078       1.8460
    1079       1.8681
    1080       1.7369
    1081       1.7873
    1082       1.9476
    1083       1.8948
    1084       1.9040
    1085       1.8533
    1086       1.7843
    1087       1.8944
    1088       1.8483
    1089       1.8403
    1090       1.8227
    1091       1.7891
    1092       1.9051
    1093       1.8300
    1094       1.8523
    1095       1.9611
    1096       1.8506
    1097       1.8520
    1098       1.7766
    1099       1.9763
    1100       1.9289
    1101       1.9005
    1102       1.7820
    1103       1.8132
    1104       1.7102
    1105       1.7834
    1106       1.8793
    1107       1.7739
    1108       1.8468
    1109       1.7327
    1110       1.8147
    1111       1.9308
    1112       1.9464
    1113       1.8737
    1114       1.9503
    1115       1.9502
    1116       1.9355
    1117       1.8562
    1118       1.9485
    1119       1.9224
    1120       2.0569
    1121       1.8447
    1122       1.8935
    1123       1.8797
    1124       1.9024
    1125       1.8356
    1126       1.8644
    1127       1.9311
    1128       1.8848
    1129       1.8109
    1130       1.8593
    1131       1.8404
    1132       1.7758
    1133       2.1638
    1134       1.7760
    1135       1.8594
    1136       1.9867
    1137       1.8724
    1138       1.9193
    1139       1.7842
    1140       1.8943
    1141       1.7693
    1142       1.7390
    1143       1.9178
    1144       1.9594
    1145       1.7966
    1146       1.8756
    1147       1.8342
    1148       1.7273
    1149       1.7750
    1150       1.7197
    1151       1.7728
    1152       1.8854
    1153       1.8173
    1154       1.8153
    1155       1.8771
    1156       1.9039
    1157       1.7730
    1158       1.6557
    1159       1.9294
    1160       1.9040
    1161       1.8764
    1162       1.7204
    1163       1.8650
    1164       1.8923
    1165       1.9409
    1166       1.8187
    1167       1.9284
    1168       1.7465
    1169       1.7486
    1170       1.8344
    1171       1.8810
    1172       1.8702
    1173       1.9817
    1174       1.8150
    1175       1.7896
    1176       1.8370
    1177       1.8360
    1178       1.8587
    1179       1.7883
    1180       1.7729
    1181       1.9157
    1182       1.7767
    1183       2.0374
    1184       1.9073
    1185       1.7447
    1186       1.8001
    1187       1.9552
    1188       1.7538
    1189       1.7711
    1190       1.9822
    1191       1.8584
    1192       1.9469
    1193       1.8999
    1194       1.7762
    1195       1.7905
    1196       1.8052
    1197       1.8714
    1198       1.8663
    1199       1.8874
    1200       1.7999
    1201       1.7995
    1202       1.9031
    1203       1.7889
    1204       1.8526
    1205       1.8650
    1206       1.8906
    1207       1.9218
    1208       1.9250
    1209       1.9358
    1210       1.8173
    1211       1.8588
    1212       1.7707
    1213       2.0186
    1214       1.9430
    1215       1.8196
    1216       1.6727
    1217       1.9408
    1218       1.7851
    1219       1.9375
    1220       1.8413
    1221       1.8889
    1222       1.9221
    1223       1.8634
    1224       1.8106
    1225       1.7404
    1226       1.8322
    1227       1.6580
    1228       1.6706
    1229       1.7886
    1230       1.7094
    1231       1.7500
    1232       1.7008
    1233       1.6454
    1234       1.7393
    1235       1.7076
    1236       1.7196
    1237       1.7588
    1238       1.7567
    1239       1.7005
    1240       1.6805
    1241       1.7517
    1242       1.7628
    1243       1.8207
    1244       1.8034
    1245       1.6805
    1246       1.7386
    1247       1.8490
    1248       1.7288
    1249       1.7321
    1250       1.8138
    1251       1.7536
    1252       1.8390
    1253       1.8031
    1254       1.8139
    1255       1.7860
    1256       1.6607
    1257       1.7038
    1258       1.7076
    1259       1.8399
    1260       1.7601
    1261       1.7447
    1262       1.8643
    1263       1.8861
    1264       1.7967
    1265       1.8644
    1266       1.8219
    1267       1.7543
    1268       1.8418
    1269       1.7225
    1270       1.8569
    1271       2.0082
    1272       1.8651
    1273       1.8214
    1274       1.9180
    1275       1.8687
    1276       1.7266
    1277       1.7962
    1278       1.7580
    1279       1.8187
    1280       1.6912
    1281       1.6922
    1282       1.7798
    1283       1.6801
    1284       1.8173
    1285       1.7259
    1286       1.8962
    1287       1.7765
    1288       1.6457
    1289       1.7867
    1290       1.7723
    1291       1.7438
    1292       1.7722
    1293       1.8137
    1294       1.8378
    1295       1.7927
    1296       1.7913
    1297       1.7590
    1298       1.8914
    1299       1.8208
    1300       1.7785
    1301       1.7840
    1302       1.7759
    1303       1.7148
    1304       1.6582
    1305       1.7946
    1306       1.7876
    1307       1.7027
    1308       1.6682
    1309       1.6691
    1310       1.7812
    1311       1.8227
    1312       1.7160
    1313       1.8440
    1314       1.7400
    1315       1.7960
    1316       1.7410
    1317       1.7289
    1318       1.7913
    1319       1.9287
    1320       1.7577
    1321       1.7473
    1322       1.9407
    1323       1.7612
    1324       1.8105
    1325       1.8470
    1326       1.8724
    1327       1.8003
    1328       1.7407
    1329       1.8921
    1330       1.7115
    1331       1.8263
    1332       1.8394
    1333       1.8919
    1334       1.9009
    1335       1.8087
    1336       1.7619
    1337       1.9519
    1338       1.8576
    1339       1.8436
    1340       1.8369
    1341       1.8167
    1342       1.7108
    1343       1.7135
    1344       1.8233
    1345       1.7637
    1346       1.8927
    1347       1.9061
    1348       1.7806
    1349       1.7634
    1350       1.8394
    1351       1.7259
    1352       1.7197
    1353       1.7636
    1354       1.7503
    1355       1.6744
    1356       1.7575
    1357       1.8493
    1358       1.7530
    1359       1.8860
    1360       1.8397
    1361       1.8128
    1362       1.7345
    1363       1.7663
    1364       1.8212
    1365       1.7757
    1366       1.7081
    1367       1.7617
    1368       1.6467
    1369       1.6995
    1370       1.7936
    1371       1.8174
    1372       1.8058
    1373       1.7590
    1374       1.7464
    1375       1.8824
    1376       1.9487
    1377       1.8114
    1378       1.8685
    1379       1.8527
    1380       1.8654
    1381       1.8302
    1382       1.7708
    1383       1.7871
    1384       1.7323
    1385       1.9301
    1386       1.9761
    1387       1.8735
    1388       1.8839
    1389       1.9265
    1390       1.9334
    1391       1.7627
    1392       1.8579
    1393       1.9031
    1394       1.7308
    1395       1.8002
    1396       1.7036
    1397       1.8995
    1398       1.9358
    1399       1.7596
    1400       1.8799
    1401       1.8596
    1402       1.8338
    1403       1.8967
    1404       1.8947
    1405       1.7936
    1406       1.9101
    1407       1.7140
    1408       1.8422
    1409       1.7761
    1410       1.7655
    1411       1.7300
    1412       1.7494
    1413       1.8252
    1414       1.7034
    1415       1.7037
    1416       1.6809
    1417       1.7186
    1418       1.6721
    1419       1.6607
    1420       1.6557
    1421       1.8021
    1422       1.7723
    1423       1.7108
    1424       1.7854
    1425       1.7357
    1426       1.7663
    1427       1.8060
    1428       1.7593
    1429       1.7450
    1430       1.7062
    1431       1.7974
    1432       1.6173
    1433       1.7329
    1434       1.6178
    1435       1.7398
    1436       1.7512
    1437       1.7546
    1438       1.8109
    1439       1.6833
    1440       1.9344
    1441       1.7231
    1442       1.8558
    1443       1.9601
    1444       1.9518
    1445       1.7263
    1446       1.8366
    1447       1.8269
    1448       1.7622
    1449       1.7934
    1450       1.7463
    1451       1.8411
    1452       1.6992
    1453       1.7210
    1454       1.7592
    1455       1.7508
    1456       1.7610
    1457       1.8424
    1458       1.9021
    1459       1.9346
    1460       1.7746
    1461       1.7573
    1462       1.8406
    1463       1.8772
    1464       1.8227
    1465       1.8156
    1466       1.8038
    1467       1.8611
    1468       1.8197
    1469       1.8449
    1470       1.7584
    1471       1.7573
    1472       1.8995
    1473       1.7343
    1474       1.7958
    1475       1.8680
    1476       1.8873
    1477       1.8844
    1478       1.8486
    1479       1.9489
    1480       1.8471
    1481       1.7636
    1482       1.7756
    1483       1.8272
    1484       1.8115
    1485       1.9391
    1486       1.8151
    1487       1.9028
    1488       1.9287
    1489       1.8249
    1490       1.7502
    1491       1.7837
    1492       1.8255
    1493       1.7786
    1494       1.9254
    1495       1.8893
    1496       1.9072
    1497       1.7294
    1498       1.8141
    1499       1.7864
    1500       1.9055
    1501       1.9383
    1502       1.9633
    1503       1.7840
    1504       1.8262
    1505       1.8160
    1506       1.7426
    1507       1.9194
    1508       1.6516
    1509       1.7955
    1510       1.8920
    1511       1.7292
    1512       1.7762
    1513       1.6977
    1514       1.7888
    1515       1.7392
    1516       1.7688
    1517       1.7727
    1518       1.7956
    1519       1.7855
    1520       1.6840
    1521       1.7110
    1522       1.7970
    1523       1.7188
    1524       1.7212
    1525       1.8314
    1526       1.7156
    1527       1.7652
    1528       1.7191
    1529       1.7960
    1530       1.7560
    1531       1.8774
    1532       1.7026
    1533       1.7250
    1534       1.6775
    1535       1.7241
    1536       1.6478
    1537       1.6393
    1538       1.6864
    1539       1.6144
    1540       1.5534
    1541       1.6716
    1542       1.7716
    1543       1.7126
    1544       1.6512
    1545       1.6125
    1546       1.6672
    1547       1.5583
    1548       1.4716
    1549       1.6227
    1550       1.6798
    1551       1.6532
    1552       1.7954
    1553       1.6590
    1554       1.6081
    1555       1.7200
    1556       1.7525
    1557       1.6696
    1558       1.7753
    1559       1.6086
    1560       1.5709
    1561       1.7273
    1562       1.8746
    1563       1.7153
    1564       1.7082
    1565       1.8535
    1566       1.7011
    1567       1.8000
    1568       1.7484
    1569       1.6636
    1570       1.7568
    1571       1.7598
    1572       1.6058
    1573       1.7083
    1574       1.6952
    1575       1.8557
    1576       1.6915
    1577       1.6924
    1578       1.6159
    1579       1.6989
    1580       1.6683
    1581       1.5598
    1582       1.5457
    1583       1.6023
    1584       1.5980
    1585       1.5932
    1586       1.6287
    1587       1.6527
    1588       1.6933
    1589       1.6607
    1590       1.6755
    1591       1.6920
    1592       1.5797
    1593       1.6516
    1594       1.6101
    1595       1.7968
    1596       1.7143
    1597       1.7089
    1598       1.7033
    1599       1.7900
    1600       1.7042
    1601       1.7307
    1602       1.7082
    1603       1.6585
    1604       1.6425
    1605       1.7281
    1606       1.6416
    1607       1.7097
    1608       1.7066
    1609       1.5596
    1610       1.6482
    1611       1.6453
    1612       1.5385
    1613       1.6150
    1614       1.7240
    1615       1.5843
    1616       1.7516
    1617       1.6910
    1618       1.7061
    1619       1.7380
    1620       1.6817
    1621       1.7304
    1622       1.7582
    1623       1.6780
    1624       1.7026
    1625       1.7643
    1626       1.6570
    1627       1.6564
    1628       1.6836
    1629       1.6800
    1630       1.7677
    1631       1.6878
    1632       1.7237
    1633       1.7073
    1634       1.7298
    1635       1.7584
    1636       1.7957
    1637       1.7808
    1638       1.7512
    1639       1.7564
    1640       1.7588
    1641       1.6936
    1642       1.7768
    1643       1.7135
    1644       1.7976
    1645       1.7558
    1646       1.7489
    1647       1.8577
    1648       1.8720
    1649       1.7434
    1650       1.7826
    1651       1.7503
    1652       1.6790
    1653       1.7041
    1654       1.8026
    1655       1.7728
    1656       1.7216
    1657       1.8402
    1658       1.7603
    1659       1.7420
    1660       1.6834
    1661       1.7065
    1662       1.7958
    1663       1.7245
    1664       1.7219
    1665       1.8651
    1666       1.7408
    1667       1.7422
    1668       1.7185
    1669       1.7132
    1670       1.8036
    1671       1.8050
    1672       1.7442
    1673       1.7957
    1674       1.8372
    1675       1.8313
    1676       1.8331
    1677       1.7607
    1678       1.7577
    1679       1.7636
    1680       1.8709
    1681       1.8674
    1682       1.8497
    1683       1.7728
    1684       1.7161
    1685       1.7305
    1686       1.8525
    1687       1.7969
    1688       1.8024
    1689       1.6656
    1690       1.7052
    1691       1.6952
    1692       1.7861
    1693       1.7001
    1694       1.8684
    1695       1.8715
    1696       1.8364
    1697       1.9348
    1698       1.9302
    1699       1.8985
    1700       1.8223
    1701       1.9657
    1702       1.9038
    1703       1.8686
    1704       1.9248
    1705       1.7880
    1706       1.8072
    1707       1.9181
    1708       1.9041
    1709       1.9863
    1710       1.8972
    1711       1.7530
    1712       1.9119
    1713       1.8603
    1714       1.9017
    1715       1.8619
    1716       1.7161
    1717       1.8065
    1718       1.6832
    1719       1.6964
    1720       1.8799
    1721       1.6461
    1722       1.8260
    1723       1.7250
    1724       1.6875
    1725       1.7973
    1726       1.6943
    1727       1.7506
    1728       1.8013
    1729       1.8189
    1730       1.7863
    1731       1.8408
    1732       2.0016
    1733       1.7539
    1734       1.7829
    1735       1.9158
    1736       1.8012
    1737       1.8181
    1738       1.6479
    1739       1.7569
    1740       1.8770
    1741       1.6707
    1742       1.6882
    1743       1.6325
    1744       1.6890
    1745       1.6645
    1746       1.6987
    1747       1.7640
    1748       1.7613
    1749       1.8599
    1750       1.7993
    1751       1.8549
    1752       1.7459
    1753       1.7974
    1754       1.7844
    1755       1.8638
    1756       1.8083
    1757       1.7918
    1758       1.7695
    1759       1.7861
    1760       1.7284
    1761       1.7080
    1762       1.7373
    1763       1.8644
    1764       1.7198
    1765       1.8254
    1766       1.7945
    1767       1.8280
    1768       1.7397
    1769       1.9134
    1770       1.8036
    1771       1.8953
    1772       1.7237
    1773       1.7248
    1774       1.8899
    1775       1.8062
    1776       1.7945
    1777       1.6986
    1778       1.7362
    1779       1.8349
    1780       1.7336
    1781       1.7212
    1782       1.7569
    1783       1.7501
    1784       1.7736
    1785       1.7105
    1786       1.6810
    1787       1.7602
    1788       1.8101
    1789       1.7771
    1790       1.8345
    1791       1.7815
    1792       1.8622
    1793       1.7146
    1794       1.6420
    1795       1.7334
    1796       1.6990
    1797       1.6350
    1798       1.8024
    1799       1.8054
    1800       1.6768
    1801       1.7860
    1802       1.8719
    1803       1.7237
    1804       1.7194
    1805       1.7630
    1806       1.7104
    1807       1.8901
    1808       1.7570
    1809       1.7792
    1810       1.8006
    1811       1.8256
    1812       1.9752
    1813       1.8241
    1814       1.7784
    1815       1.8480
    1816       1.7760
    1817       1.9032
    1818       1.8668
    1819       1.8138
    1820       1.8356
    1821       1.8389
    1822       1.7222
    1823       1.9148
    1824       1.6989
    1825       1.8802
    1826       1.9773
    1827       1.8785
    1828       1.8184
    1829       1.8161
    1830       1.7700
    1831       1.7882
    1832       1.7291
    1833       1.7343
    1834       1.7150
    1835       1.8402
    1836       1.7740
    1837       1.8483
    1838       1.7444
    1839       1.8132
    1840       1.7681
    1841       1.7864
    1842       1.8805
    1843       1.8193
    1844       1.8640
    1845       1.9694
    1846       1.8771
    1847       1.7661
    1848       1.9073
    1849       1.9241
    1850       1.8931
    1851       1.7791
    1852       1.7653
    1853       1.6790
    1854       1.7774
    1855       1.7705
    1856       1.9065
    1857       1.8305
    1858       1.9218
    1859       1.8076
    1860       1.9356
    1861       1.8583
    1862       1.8625
    1863       1.8321
    1864       1.9109
    1865       1.8926
    1866       1.8470
    1867       1.9740
    1868       1.9905
    1869       1.8900
    1870       1.9723
    1871       1.8406
    1872       1.7615
    1873       1.8349
    1874       1.7886
    1875       1.7578
    1876       1.7766
    1877       1.7903
    1878       1.8799
    1879       1.7102
    1880       1.8058
    1881       1.8104
    1882       1.6104
    1883       1.9076
    1884       1.7977
    1885       1.7292
    1886       1.8187
    1887       1.8024
    1888       1.8110
    1889       1.8238
    1890       1.7665
    1891       1.9039
    1892       1.7669
    1893       1.8866
    1894       1.8552
    1895       1.7965
    1896       1.8269
    1897       1.7870
    1898       1.7275
    1899       1.8338
    1900       1.7532
    1901       1.8184
    1902       1.8437
    1903       1.8546
    1904       1.8238
    1905       1.8758
    1906       1.8594
    1907       1.8654
    1908       1.7746
    1909       1.7725
    1910       1.8288
    1911       1.7908
    1912       1.6169
    1913       1.7526
    1914       1.6586
    1915       1.7917
    1916       1.8267
    1917       1.7228
    1918       1.7429
    1919       1.7752
    1920       1.9541
    1921       1.7562
    1922       1.9169
    1923       1.9264
    1924       1.8249
    1925       1.9226
    1926       1.8465
    1927       1.7922
    1928       1.8071
    1929       1.7237
    1930       1.7916
    1931       1.7420
    1932       1.7261
    1933       1.8934
    1934       1.7825
    1935       1.7974
    1936       1.7547
    1937       1.8239
    1938       1.8544
    1939       1.7046
    1940       1.7711
    1941       1.8887
    1942       1.8105
    1943       1.7847
    1944       1.8281
    1945       1.8974
    1946       1.8329
    1947       1.8054
    1948       1.8066
    1949       1.7106
    1950       1.7201
    1951       1.7566
    1952       1.8996
    1953       1.9215
    1954       2.0082
    1955       1.7874
    1956       1.9449
    1957       1.9552
    1958       1.8516
    1959       1.9715
    1960       1.9669
    1961       2.0159
    1962       1.8886
    1963       2.0593
    1964       2.0008
    1965       2.0115
    1966       1.8551
    1967       1.9655
    1968       1.9911
    1969       1.9801
    1970       1.9281
    1971       1.9237
    1972       1.8355
    1973       1.9089
    1974       1.9019
    1975       1.7718
    1976       2.0268
    1977       1.8317
    1978       1.9653
    1979       1.7861
    1980       2.0000
    1981       1.8568
    1982       1.7449
    1983       1.8721
    1984       1.7992
    1985       1.9123
    1986       1.9077
    1987       1.8431
    1988       1.7811
    1989       1.8021
    1990       1.8442
    1991       1.8300
    1992       1.9514
    1993       1.8850
    1994       1.9144
    1995       1.8963
    1996       1.9032
    1997       1.9840
    1998       1.8065
    1999       1.8737
    2000       1.7841
    2001       1.9428
    2002       2.0753
    2003       1.9502
    2004       2.0076
    2005       2.0206
    2006       2.0976
    2007       1.9808
    2008       1.8369
    2009       2.0924
    2010       2.1338
    2011       1.9606
    2012       1.9820
    2013       2.0855
    2014       2.1146
    2015       1.9926
    2016       1.9900
    2017       2.0557
    2018       1.9872
    2019       1.8829
    2020       2.1761
    2021       1.9522
    2022       1.9762
    2023       1.9062
    2024       1.9017
    2025       1.9937
    2026       1.8287
    2027       2.0723
    2028       1.9775
    2029       1.9355
    2030       1.8309
    2031       1.8528
    2032       2.0143
    2033       1.9881
    2034       2.0022
    2035       1.7816
    2036       1.8156
    2037       1.9315
    2038       1.8451
    2039       1.8993
    2040       1.9324
    2041       1.8173
    2042       1.9454
    2043       1.8956
    2044       1.8538
    2045       2.0019
    2046       1.9573
    2047       1.8566
    2048       1.8396
    2049       1.8166
    2050       1.7582
    2051       1.9496
    2052       1.9216
    2053       1.9363
    2054       2.0727
    2055       1.9706
    2056       1.9424
    2057       1.9365
    2058       2.0044
    2059       1.9019
    2060       2.1326
    2061       1.8277
    2062       1.9189
    2063       1.9903
    2064       1.9243
    2065       1.7639
    2066       1.9529
    2067       1.8798
    2068       1.9668
    2069       2.0667
    2070       1.8266
    2071       1.8335
    2072       1.9600
    2073       1.8200
    2074       1.9333
    2075       2.0520
    2076       1.9351
    2077       1.9021
    2078       2.0220
    2079       1.9464
    2080       1.8058
    2081       1.9202
    2082       1.9584
    2083       1.9016
    2084       1.8585
    2085       1.9179
    2086       1.8336
    2087       1.8944
    2088       1.7577
    2089       1.8358
    2090       1.8713
    2091       1.8997
    2092       1.9412
    2093       1.7833
    2094       1.8527
    2095       1.8515
    2096       1.8408
    2097       1.7752
    2098       1.8431
    2099       1.7645
    2100       1.8288
    2101       1.8139
    2102       1.8123
    2103       1.9941
    2104       1.8967
    2105       1.8370
    2106       1.7954
    2107       1.9097
    2108       1.8759
    2109       1.9070
    2110       1.7789
    2111       1.8858
    2112       1.8924
    2113       1.7547
    2114       1.7430
    2115       1.9095
    2116       1.8960
    2117       1.8405
    2118       1.7953
    2119       1.8731
    2120       1.7300
    2121       1.7695
    2122       1.9180
    2123       1.8198
    2124       1.9014
    2125       1.8634
    2126       1.7837
    2127       1.9187
    2128       1.7930
    2129       1.7916
    2130       1.7709
    2131       1.9000
    2132       1.7870
    2133       1.8236
    2134       1.7188
    2135       1.8005
    2136       1.8062
    2137       1.7555
    2138       1.8355
    2139       1.7712
    2140       1.8832
    2141       1.8128
    2142       1.9604
    2143       1.8820
    2144       1.8667
    2145       1.9581
    2146       1.9142
    2147       1.8794
    2148       1.8277
    2149       1.8654
    2150       1.8745
    2151       1.8165
    2152       1.7646
    2153       1.7922
    2154       1.7042
    2155       1.8693
    2156       1.8847
    2157       1.8546
    2158       1.9774
    2159       1.8494
    2160       1.9449
    2161       1.8838
    2162       1.9006
    2163       1.8329
    2164       2.0089
    2165       1.8783
    2166       1.8258
    2167       1.9532
    2168       1.9369
    2169       1.9045
    2170       1.8351
    2171       1.8055
    2172       1.9079
    2173       1.8290
    2174       1.8785
    2175       1.8708
    2176       1.8566
    2177       1.7998
    2178       1.7876
    2179       1.9157
    2180       1.7898
    2181       1.9215
    2182       2.0021
    2183       1.8632
    2184       1.7593
    2185       1.9445
    2186       1.9461
    2187       1.7925
    2188       1.7098
    2189       1.8151
    2190       1.8671
    2191       1.8381
    2192       1.8248
    2193       1.8555
    2194       1.9101
    2195       1.7659
    2196       1.8006
    2197       1.9102
    2198       1.8101
    2199       1.7779
    2200       1.7978
    2201       2.0556
    2202       1.8451
    2203       1.8202
    2204       1.8066
    2205       1.8556
    2206       1.7877
    2207       1.8196
    2208       1.7832
    2209       1.8119
    2210       1.7642
    2211       1.7665
    2212       1.8328
    2213       1.7678
    2214       1.8485
    2215       1.8849
    2216       1.8252
    2217       1.8132
    2218       1.7885
    2219       1.8226
    2220       1.7194
    2221       1.7154
    2222       1.7391
    2223       1.9440
    2224       1.8784
    2225       1.8293
    2226       1.8091
    2227       1.7921
    2228       1.8014
    2229       1.7815
    2230       1.7730
    2231       1.7406
    2232       1.8346
    2233       1.8367
    2234       1.8388
    2235       1.9248
    2236       1.9038
    2237       1.8527
    2238       1.8698
    2239       1.7550
    2240       1.9318
    2241       1.8286
    2242       1.7563
    2243       1.8467
    2244       1.7262
    2245       1.8213
    2246       1.6755
    2247       1.7589
    2248       1.7574
    2249       1.7192
    2250       1.7644
    2251       1.7363
    2252       1.8036
    2253       1.8466
    2254       1.7408
    2255       1.8377
    2256       1.7792
    2257       1.7512
    2258       1.7833
    2259       1.8798
    2260       1.7102
    2261       1.8549
    2262       1.6461
    2263       1.7530
    2264       1.7104
    2265       1.8311
    2266       1.7187
    2267       1.8017
    2268       1.8293
    2269       1.8054
    2270       1.7267
    2271       1.7441
    2272       1.7362
    2273       1.8177
    2274       1.8219
    2275       1.8997
    2276       1.8131
    2277       1.8472
    2278       1.8184
    2279       1.9376
    2280       1.8132
    2281       1.8234
    2282       1.7632
    2283       1.7979
    2284       1.7931
    2285       1.7842
    2286       1.8194
    2287       1.7364
    2288       1.8202
    2289       1.7788
    2290       1.8244
    2291       1.8189
    2292       1.8719
    2293       1.8752
    2294       1.7385
    2295       1.8832
    2296       1.8470
    2297       1.7408
    2298       1.7560
    2299       1.7646
    2300       1.8084
    2301       1.7095
    2302       1.7619
    2303       1.7865
    2304       1.7914
    2305       1.7626
    2306       1.9045
    2307       1.7961
    2308       1.8182
    2309       1.9070
    2310       1.7583
    2311       1.7576
    2312       1.8407
    2313       1.8606
    2314       1.8837
    2315       1.8798
    2316       1.9637
    2317       1.7422
    2318       1.7755
    2319       1.8090
    2320       1.8369
    2321       1.8087
    2322       1.7687
    2323       1.7797
    2324       1.8242
    2325       1.8944
    2326       1.9221
    2327       1.8107
    2328       1.8187
    2329       1.8725
    2330       1.8255
    2331       1.8250
    2332       1.7979
    2333       1.7456
    2334       1.8252
    2335       1.8354
    2336       1.7441
    2337       1.8093
    2338       1.8243
    2339       1.7803
    2340       1.8022
    2341       1.8005
    2342       1.7553
    2343       1.8664
    2344       1.7078
    2345       1.8452
    2346       1.8022
    2347       1.7685
    2348       1.8786
    2349       1.8805
    2350       1.9680
    2351       1.8814
    2352       1.7959
    2353       1.7475
    2354       1.7188
    2355       1.7671
    2356       1.6967
    2357       1.7964
    2358       1.6835
    2359       1.7350
    2360       1.8326
    2361       1.7848
    2362       1.8273
    2363       1.9227
    2364       1.9844
    2365       1.9155
    2366       2.0960
    2367       1.9026
    2368       1.8292
    2369       1.8254
    2370       1.8293
    2371       1.8516
    2372       1.8453
    2373       1.8291
    2374       1.8205
    2375       1.8002
    2376       1.8374
    2377       1.9461
    2378       1.8825
    2379       1.7529
    2380       1.9039
    2381       1.7570
    2382       1.7872
    2383       1.6993
    2384       1.8600
    2385       1.7373
    2386       1.8045
    2387       1.8515
    2388       1.8931
    2389       1.7499
    2390       1.8199
    2391       1.9619
    2392       1.8246
    2393       1.9183
    2394       1.8724
    2395       1.8042
    2396       1.7600
    2397       1.8114
    2398       1.8786
    2399       1.6979
    2400       1.7618
    2401       1.9451
    2402       1.9121
    2403       1.8329
    2404       1.8799
    2405       1.7835
    2406       1.8329
    2407       1.8811
    2408       1.8894
    2409       1.8726
    2410       1.8946
    2411       1.8844
    2412       1.8802
    2413       1.8018
    2414       1.8823
    2415       1.9395
    2416       1.9073
    2417       1.8494
    2418       1.8969
    2419       1.8869
    2420       1.8254
    2421       2.0056
    2422       1.9258
    2423       1.9441
    2424       1.8416
    2425       1.9134
    2426       1.8830
    2427       1.8975
    2428       1.8159
    2429       1.8076
    2430       1.8977
    2431       1.8298
    2432       1.7533
    2433       1.8326
    2434       1.8877
    2435       1.9466
    2436       1.9057
    2437       1.9085
    2438       1.8767
    2439       1.8770
    2440       1.8040
    2441       1.8634
    2442       1.9526
    2443       1.8876
    2444       1.7847
    2445       1.7357
    2446       1.7873
    2447       1.8552
    2448       1.7855
    2449       1.8258
    2450       1.8693
    2451       1.7998
    2452       1.9057
    2453       1.7579
    2454       1.7752
    2455       1.7057
    2456       1.8070
    2457       1.7628
    2458       1.8233
    2459       1.8197
    2460       1.7148
    2461       2.0303
    2462       1.8235
    2463       1.7390
    2464       1.8969
    2465       1.7340
    2466       1.8828
    2467       1.8936
    2468       1.8569
    2469       1.8113
    2470       1.9354
    2471       1.8508
    2472       1.8864
    2473       1.9079
    2474       1.8647
    2475       1.9542
    2476       1.8441
    2477       1.7445
    2478       1.8715
    2479       1.7104
    2480       1.8245
    2481       1.8362
    2482       1.7138
    2483       1.7250
    2484       1.7619
    2485       1.7164
    2486       1.8094
    2487       1.8347
    2488       1.6833
    2489       1.7763
    2490       1.9045
    2491       1.7295
    2492       1.7464
    2493       1.8221
    2494       1.7432
    2495       1.7879
    2496       1.7934
    2497       1.7057
    2498       1.7968
    2499       1.6719
    2500       1.7312
    2501       1.6627
    2502       1.7552
    2503       1.8497
    2504       1.8788
    2505       1.8101
    2506       1.7357
    2507       1.7610
    2508       1.7041
    2509       1.7449
    2510       1.6648
    2511       1.7287
    2512       1.6581
    2513       1.6802
    2514       1.6262
    2515       1.7504
    2516       1.6686
    2517       1.7129
    2518       1.7503
    2519       1.6814
    2520       1.6844
    2521       1.7172
    2522       1.7276
    2523       1.6443
    2524       1.7666
    2525       1.8249
    2526       1.8637
    2527       1.7925
    2528       1.7536
    2529       1.7106
    2530       1.7131
    2531       1.7543
    2532       1.7129
    2533       1.7151
    2534       1.8072
    2535       1.8503
    2536       1.7641
    2537       1.8172
    2538       1.7494
    2539       1.7618
    2540       1.7877
    2541       1.8031
    2542       1.7230
    2543       1.8282
    2544       1.6241
    2545       1.7249
    2546       1.8260
    2547       1.8539
    2548       1.7873
    2549       1.9222
    2550       1.8933
    2551       1.7487
    2552       1.8264
    2553       1.8444
    2554       1.8806
    2555       1.7448
    2556       1.8237
    2557       1.8215
    2558       1.8112
    2559       1.7140
    2560       1.7528
    2561       1.7478
    2562       1.7609
    2563       1.7556
    2564       1.7697
    2565       1.7745
    2566       1.7678
    2567       1.7863
    2568       1.6889
    2569       1.7675
    2570       1.6788
    2571       1.7425
    2572       1.7168
    2573       1.6761
    2574       1.6917
    2575       1.7973
    2576       1.6992
    2577       1.6910
    2578       1.7192
    2579       1.7785
    2580       1.6524
    2581       1.6174
    2582       1.6825
    2583       1.6844
    2584       1.7816
    2585       1.7416
    2586       1.7869
    2587       1.6605
    2588       1.7692
    2589       1.8743
    2590       1.8195
    2591       1.7626
    2592       1.6914
    2593       1.7978
    2594       1.8552
    2595       1.7189
    2596       1.7875
    2597       1.8423
    2598       1.7459
    2599       1.8382
    2600       1.8410
    2601       1.9019
    2602       1.7357
    2603       1.8727
    2604       1.9094
    2605       1.9649
    2606       1.8573
    2607       1.9423
    2608       1.9201
    2609       1.9521
    2610       1.8241
    2611       1.8503
    2612       1.9032
    2613       1.7817
    2614       1.8846
    2615       1.8827
    2616       1.8437
    2617       1.8356
    2618       1.8006
    2619       1.6881
    2620       1.7926
    2621       1.7777
    2622       1.7914
    2623       1.7860
    2624       1.7989
    2625       1.8827
    2626       1.7805
    2627       1.8149
    2628       1.8660
    2629       1.8118
    2630       1.7911
    2631       1.8349
    2632       1.9733
    2633       1.8498
    2634       1.9600
    2635       1.9105
    2636       1.8852
    2637       1.8307
    2638       1.9273
    2639       1.8666
    2640       1.8048
    2641       1.8434
    2642       1.8576
    2643       1.8238
    2644       1.9937
    2645       1.8260
    2646       1.8692
    2647       1.9968
    2648       1.7716
    2649       1.8082
    2650       1.9061
    2651       1.8423
    2652       1.8543
    2653       1.8735
    2654       1.8240
    2655       1.8325
    2656       1.8912
    2657       1.8716
    2658       1.9841
    2659       1.8624
    2660       1.8172
    2661       1.8034
    2662       1.7717
    2663       1.8119
    2664       1.8790
    2665       1.8582
    2666       1.8508
    2667       1.8518
    2668       1.8263
    2669       1.8713
    2670       1.9477
    2671       1.8786
    2672       1.9947
    2673       1.9833
    2674       2.0529
    2675       2.0349
    2676       1.9015
    2677       1.9318
    2678       2.0772
    2679       1.7589
    2680       1.8691
    2681       1.8118
    2682       1.7900
    2683       1.9019
    2684       1.7630
    2685       1.8475
    2686       1.9084
    2687       1.8711
    2688       1.8188
    2689       1.8944
    2690       1.8806
    2691       1.8131
    2692       1.8734
    2693       1.8608
    2694       1.8242
    2695       1.7941
    2696       1.8247
    2697       1.8034
    2698       1.6867
    2699       2.0314
    2700       1.8894
    2701       1.8540
    2702       1.8134
    2703       1.8040
    2704       1.7662
    2705       1.8002
    2706       1.7427
    2707       1.7158
    2708       1.8291
    2709       2.0005
    2710       1.8081
    2711       1.9258
    2712       1.7935
    2713       1.7524
    2714       1.7281
    2715       1.8423
    2716       1.7574
    2717       1.8296
    2718       1.8898
    2719       1.8659
    2720       1.8632
    2721       1.9010
    2722       1.7971
    2723       1.9030
    2724       1.8750
    2725       1.8936
    2726       1.9944
    2727       1.9893
    2728       1.9424
    2729       1.8592
    2730       1.9020
    2731       1.8979
    2732       1.9232
    2733       1.8831
    2734       1.8357
    2735       1.8051
    2736       1.9693
    2737       1.7616
    2738       1.7964
    2739       1.9146
    2740       1.8743
    2741       1.9021
    2742       1.8745
    2743       1.8724
    2744       1.8723
    2745       1.9898
    2746       2.0037
    2747       1.8760
    2748       1.8831
    2749       1.7861
    2750       1.9581
    2751       2.1021
    2752       1.9002
    2753       1.8102
    2754       1.8475
    2755       1.8713
    2756       1.7172
    2757       1.6938
    2758       1.8084
    2759       1.7076
    2760       1.7797
    2761       1.8485
    2762       1.8360
    2763       1.8579
    2764       1.8726
    2765       1.7445
    2766       1.7434
    2767       1.9066
    2768       1.8471
    2769       1.7731
    2770       1.7971
    2771       1.7675
    2772       1.7152
    2773       1.6886
    2774       1.6832
    2775       1.7771
    2776       1.6838
    2777       1.5969
    2778       1.7277
    2779       1.7133
    2780       1.6847
    2781       1.6044
    2782       1.6895
    2783       1.5825
    2784       1.7304
    2785       1.7446
    2786       1.7379
    2787       1.6519
    2788       1.8517
    2789       1.8055
    2790       1.6809
    2791       1.6577
    2792       1.6841
    2793       1.6451
    2794       1.6221
    2795       1.7507
    2796       1.8444
    2797       1.8161
    2798       1.7576
    2799       1.8141
    2800       1.7401
    2801       1.6373
    2802       1.7806
    2803       1.7603
    2804       1.8289
    2805       1.7766
    2806       1.6750
    2807       1.8325
    2808       1.8847
    2809       1.8348
    2810       1.7489
    2811       1.6736
    2812       1.6470
    2813       1.7751
    2814       1.7221
    2815       1.7328
    2816       1.7455
    2817       1.7071
    2818       1.5658
    2819       1.5515
    2820       1.6633
    2821       1.6562
    2822       1.6846
    2823       1.6863
    2824       1.7778
    2825       1.7467
    2826       1.7277
    2827       1.6447
    2828       1.7342
    2829       1.7279
    2830       1.6649
    2831       1.6979
    2832       1.5938
    2833       1.7276
    2834       1.6980
    2835       1.8445
    2836       1.6856
    2837       1.6420
    2838       1.6927
    2839       1.7573
    2840       1.6156
    2841       1.7296
    2842       1.7448
    2843       1.7317
    2844       1.7189
    2845       1.7096
    2846       1.8585
    2847       1.6946
    2848       1.6627
    2849       1.7206
    2850       1.7471
    2851       1.7336
    2852       1.7595
    2853       1.7782
    2854       1.6967
    2855       1.6149
    2856       1.7162
    2857       1.6164
    2858       1.7333
    2859       1.6788
    2860       1.7498
    2861       1.9583
    2862       1.8836
    2863       1.8405
    2864       1.7947
    2865       1.7007
    2866       1.7880
    2867       1.8478
    2868       1.8789
    2869       1.7487
    2870       1.8895
    2871       1.9691
    2872       1.7373
    2873       1.9643
    2874       1.8923
    2875       1.9090
    2876       1.7952
    2877       1.8005
    2878       1.7649
    2879       1.9170
    2880       1.8742
    2881       1.8586
    2882       1.8525
    2883       1.8220
    2884       1.9094
    2885       1.7114
    2886       1.9084
    2887       1.9905
    2888       1.9950
    2889       1.8812
    2890       2.0279
    2891       1.8171
    2892       1.7808
    2893       1.8318
    2894       1.8733
    2895       1.7948
    2896       1.9263
    2897       1.8759
    2898       1.8375
    2899       1.8221
    2900       2.0095
    2901       1.8439
    2902       1.9343
    2903       1.8085
    2904       1.9176
    2905       1.7807
    2906       1.8338
    2907       1.9069
    2908       1.9430
    2909       1.8542
    2910       1.8494
    2911       1.7784
    2912       1.9338
    2913       1.9199
    2914       1.9930
    2915       1.7981
    2916       1.8287
    2917       1.9121
    2918       1.7811
    2919       1.9285
    2920       1.8712
    2921       1.7956
    2922       1.9950
    2923       1.9252
    2924       1.7422
    2925       1.9313
    2926       1.7965
    2927       1.9481
    2928       2.0791
    2929       2.0365
    2930       1.9964
    2931       1.9650
    2932       1.9221
    2933       2.0265
    2934       2.1706
    2935       1.9846
    2936       1.8543
    2937       2.0313
    2938       1.9224
    2939       1.9701
    2940       1.9690
    2941       1.9400
    2942       1.8973
    2943       2.0382
    2944       2.1206
    2945       2.1109
    2946       2.0692
    2947       1.9689
    2948       1.9554
    2949       1.9883
    2950       1.9186
    2951       1.8976
    2952       1.7401
    2953       1.8595
    2954       1.8897
    2955       1.9479
    2956       1.8697
    2957       1.9864
    2958       1.8312
    2959       1.9534
    2960       1.8831
    2961       1.8170
    2962       1.9392
    2963       1.9453
    2964       2.0951
    2965       2.0014
    2966       2.0208
    2967       1.9623
    2968       1.9175
    2969       1.7581
    2970       1.6812
    2971       1.7611
    2972       1.8299
    2973       1.7493
    2974       1.8005
    2975       1.7988
    2976       1.7105
    2977       1.8970
    2978       1.8282
    2979       1.8239
    2980       1.8508
    2981       1.8175
    2982       1.7709
    2983       1.7325
    2984       1.7342
    2985       1.7401
    2986       1.7561
    2987       1.5956
    2988       1.7362
    2989       1.6780
    2990       1.7075
    2991       1.6069
    2992       1.7991
    2993       1.7281
    2994       1.8296
    2995       1.6428
    2996       1.7540
    2997       1.7781
    2998       1.7088
    2999       1.7890
    3000       1.7889
    3001       1.7413
