0.309862
0.638428
0.960847
1.294547
1.635105
1.960558
2.351783
2.684243
3.066426
3.401937
3.790123
4.162671
4.494464
4.867797
5.227995
5.588201
5.933638
6.340975
6.755993
7.147748
7.514213
7.866895
8.263660
8.632682
8.980696
9.370448
9.723478
10.093405
10.473302
10.834592
11.250726
11.711141
12.145699
12.536084
12.980083
13.412424
13.838699
14.254965
14.645156
15.098621
15.518053
15.951659
16.357358
16.751376
17.181325
17.609493
17.958585
18.296800
18.668169
19.105371
19.447199
19.801457
20.119451
20.412810
20.731065
21.080854
21.453227
21.885004
22.237034
22.600952
22.982019
23.348824
23.721874
24.076306
24.368935
24.741866
25.105705
25.450364
25.841744
26.233041
26.579181
26.902803
27.218687
27.587836
27.926616
28.272998
28.669379
29.024816
29.382155
29.715248
30.055135
30.408112
30.760053
31.131723
31.478383
31.785272
32.155840
32.477234
32.849447
33.252482
33.632156
33.986981
34.377980
34.705089
35.055164
35.445284
35.881309
36.297219
36.697530
37.103589
37.437781
37.788141
38.127803
38.456684
38.829477
39.172677
39.560606
39.937219
40.253979
40.584425
40.965815
41.350742
41.711265
42.108137
42.471960
42.841579
43.228302
43.637370
44.035671
44.478612
44.917368
45.347830
45.765213
46.156267
46.580291
46.995638
47.472336
47.924777
48.331962
48.711719
49.180006
49.567654
49.965602
50.385969
50.787246
51.175340
51.586440
51.997835
52.386638
52.795254
53.206387
53.610342
54.010688
54.439001
54.796341
55.157860
55.547282
56.000870
56.459941
56.936139
57.404517
57.838333
58.318070
58.759701
59.282756
59.735552
60.190673
60.668244
61.152853
61.643806
62.087864
62.547940
62.989492
63.428784
63.900898
64.362118
64.906881
65.359270
65.797309
66.252369
66.782515
67.252604
67.767295
68.250822
68.732465
69.235619
69.770183
70.277384
70.724307
71.229053
71.652059
72.143955
72.586542
73.040402
73.475570
73.973879
74.425512
74.860209
75.320457
75.790651
76.241501
76.713598
77.169691
77.616445
78.066858
78.495956
78.918510
79.347798
79.776766
80.247092
80.726047
81.171856
81.654593
82.128139
82.576521
83.008929
83.406387
83.845352
84.248792
84.706559
85.114704
85.567124
86.056120
86.544788
87.074507
87.660454
88.174013
88.650851
89.182094
89.650914
90.187790
90.678955
91.202978
91.651126
92.172978
92.690133
93.204344
93.664958
94.112784
94.562287
95.025882
95.445380
95.918643
96.388677
96.856827
97.279060
97.762521
98.190148
98.646118
99.086844
99.530693
99.975987
100.415189
100.825234
101.233271
101.691871
102.115583
102.544380
102.964804
103.412657
103.864463
104.296863
104.755171
105.214507
105.656453
106.106685
106.533681
106.978739
107.402785
107.877921
108.331291
108.820145
109.281945
109.722470
110.120152
110.550280
110.968197
111.390482
111.807496
112.270425
112.742650
113.200239
113.631761
114.109869
114.567177
115.084626
115.570473
116.027164
116.546758
117.040504
117.561168
117.998769
118.438651
118.903787
119.394753
119.874813
120.291674
120.717432
121.194393
121.702219
122.206438
122.726275
123.186453
123.587274
124.008804
124.466321
124.876678
125.312531
125.742978
126.185976
126.645391
127.123809
127.549861
127.972328
128.417398
128.853176
129.337747
129.747435
130.174062
130.578406
131.020595
131.441092
131.886582
132.333887
132.816840
133.226288
133.738512
134.260073
134.730385
135.235879
135.686529
136.158587
136.581942
137.032455
137.487383
137.970392
138.471557
138.968620
139.447544
139.873961
140.338784
140.751876
141.196822
141.642613
142.078078
142.547913
143.055684
143.522252
143.990981
144.434511
144.978018
145.456051
145.930361
146.375369
146.839779
147.326279
147.780819
148.268586
148.707577
149.153681
149.584863
150.010689
150.476985
150.907579
151.327659
151.793187
152.295926
152.762431
153.186182
153.606868
154.051946
154.491972
154.950785
155.499852
155.906482
156.386769
156.890226
157.323287
157.811086
158.227086
158.608312
159.033572
159.401815
159.809804
160.241089
160.672828
161.035064
161.425268
161.848369
162.270297
162.702072
163.124628
163.565671
163.996959
164.426550
164.866041
165.304414
165.702110
166.107612
166.512713
166.935181
167.317771
167.722380
168.141898
168.549659
169.046374
169.512052
169.952003
170.378987
170.826307
171.222929
171.668670
172.057871
172.434447
172.856061
173.280556
173.691313
174.138068
174.557872
174.977125
175.386905
175.867342
176.312798
176.717387
177.164425
177.550162
177.968975
178.364037
178.801554
179.219437
179.643626
180.091922
180.516330
180.934685
181.496237
181.946258
182.360561
182.812906
183.262125
183.742065
184.216663
184.686972
185.156847
185.571257
185.981993
186.446377
186.875555
187.307928
187.703079
188.149772
188.601418
189.050173
189.554375
190.038588
190.504796
190.970184
191.436816
191.898733
192.356169
192.913494
193.406150
193.883158
194.363311
194.805445
195.255183
195.731569
196.196195
196.628555
197.083341
197.534481
198.018604
198.442911
198.900721
199.398713
199.881283
200.325090
200.828790
201.285295
201.777364
202.250370
202.760141
203.189490
203.609613
204.068881
204.520925
205.013760
205.438732
205.890899
206.309084
206.771499
207.200182
207.679012
208.142999
208.547632
209.018435
209.464736
209.966086
210.425821
210.872620
211.390766
211.886094
212.344042
212.864326
213.345336
213.834983
214.361341
214.853682
215.272673
215.736096
216.239272
216.725453
217.241981
217.695546
218.152231
218.632515
219.154924
219.624522
220.088850
220.546429
221.011454
221.482767
221.951304
222.443694
222.913416
223.387215
223.840210
224.307324
224.809414
225.267259
225.755316
226.214470
226.684117
227.128483
227.561519
228.020786
228.472764
228.985950
229.503465
230.016535
230.520652
231.013117
231.485336
231.992658
232.512297
233.002056
233.459433
233.945337
234.405682
234.818175
235.271264
235.752428
236.228575
236.671976
237.137284
237.691094
238.256482
238.777449
239.306688
239.781707
240.257992
240.662066
241.131249
241.602669
242.076163
242.527267
243.033095
243.520232
243.990445
244.476594
244.957447
245.501913
246.048556
246.499603
246.925361
247.290110
247.678802
248.064502
248.455934
248.844927
249.271172
249.720620
250.156896
250.601805
251.067844
251.536824
251.938498
252.397424
252.834503
253.309667
253.737779
254.247537
254.686451
255.099508
255.565801
255.959776
256.389329
256.777230
257.137948
257.548504
257.967940
258.366860
258.797308
259.187424
259.629271
260.033382
260.441011
260.886924
261.294300
261.718585
262.151109
262.549328
