#Frame         myrmsd
       1       0.0000
       2       1.1811
       3       1.3593
       4       1.2584
       5       1.2303
       6       1.3131
       7       1.3519
       8       1.5445
       9       1.5582
      10       1.5741
      11       1.4932
      12       1.6871
      13       1.5811
      14       1.6058
      15       1.4812
      16       1.5384
      17       1.4256
      18       1.4353
      19       1.3635
      20       1.3828
      21       1.3481
      22       1.4264
      23       1.5417
      24       1.3837
      25       1.4601
      26       1.4574
      27       1.4280
      28       1.5568
      29       1.2988
      30       1.4887
      31       1.4087
      32       1.4856
      33       1.5058
      34       1.3535
      35       1.4717
      36       1.5657
      37       1.5611
      38       1.5200
      39       1.5858
      40       1.5905
      41       1.4583
      42       1.4126
      43       1.4342
      44       1.4794
      45       1.3132
      46       1.4666
      47       1.4551
      48       1.4986
      49       1.3468
      50       1.3842
      51       1.4502
      52       1.4818
      53       1.5302
      54       1.3642
      55       1.4313
      56       1.5310
      57       1.3894
      58       1.3729
      59       1.3850
      60       1.4799
      61       1.4604
      62       1.4557
      63       1.4961
      64       1.4027
      65       1.4667
      66       1.3595
      67       1.4138
      68       1.3991
      69       1.3931
      70       1.4258
      71       1.3718
      72       1.3152
      73       1.3823
      74       1.4385
      75       1.3451
      76       1.4559
      77       1.4782
      78       1.3103
      79       1.5569
      80       1.4675
      81       1.5867
      82       1.3831
      83       1.4824
      84       1.4863
      85       1.4845
      86       1.4648
      87       1.3671
      88       1.5253
      89       1.5353
      90       1.5246
      91       1.4777
      92       1.5432
      93       1.4520
      94       1.4990
      95       1.5180
      96       1.4048
      97       1.4653
      98       1.4097
      99       1.4355
     100       1.3688
     101       1.4472
     102       1.3721
     103       1.4484
     104       1.4580
     105       1.6000
     106       1.4089
     107       1.4330
     108       1.5559
     109       1.4464
     110       1.4518
     111       1.4780
     112       1.4716
     113       1.5397
     114       1.5298
     115       1.4763
     116       1.5356
     117       1.4754
     118       1.5222
     119       1.4278
     120       1.4454
     121       1.4797
     122       1.4578
     123       1.5422
     124       1.4754
     125       1.4156
     126       1.5527
     127       1.5249
     128       1.5485
     129       1.4415
     130       1.4791
     131       1.4921
     132       1.3482
     133       1.4519
     134       1.4829
     135       1.4782
     136       1.6133
     137       1.5031
     138       1.4466
     139       1.3661
     140       1.4828
     141       1.4733
     142       1.4726
     143       1.5538
     144       1.4950
     145       1.4181
     146       1.5039
     147       1.4649
     148       1.4560
     149       1.4851
     150       1.5603
     151       1.4306
     152       1.4827
     153       1.4812
     154       1.5087
     155       1.5428
     156       1.5085
     157       1.5587
     158       1.6257
     159       1.5859
     160       1.5158
     161       1.5153
     162       1.6715
     163       1.6667
     164       1.6616
     165       1.6636
     166       1.6432
     167       1.5175
     168       1.4444
     169       1.5849
     170       1.4710
     171       1.5112
     172       1.4911
     173       1.5246
     174       1.5086
     175       1.4268
     176       1.4650
     177       1.5750
     178       1.5753
     179       1.6012
     180       1.6559
     181       1.5182
     182       1.5248
     183       1.5672
     184       1.5698
     185       1.4551
     186       1.4673
     187       1.5128
     188       1.5634
     189       1.4376
     190       1.5163
     191       1.4636
     192       1.4996
     193       1.6441
     194       1.4530
     195       1.4514
     196       1.4992
     197       1.4929
     198       1.3817
     199       1.4247
     200       1.5166
     201       1.3768
     202       1.4773
     203       1.5810
     204       1.4023
     205       1.4523
     206       1.3805
     207       1.4480
     208       1.4816
     209       1.5044
     210       1.3608
     211       1.4242
     212       1.3729
     213       1.5506
     214       1.4829
     215       1.6040
     216       1.4891
     217       1.5736
     218       1.4275
     219       1.5300
     220       1.4562
     221       1.5979
     222       1.4390
     223       1.4491
     224       1.4242
     225       1.4595
     226       1.4560
     227       1.3849
     228       1.3276
     229       1.3942
     230       1.4609
     231       1.4401
     232       1.3993
     233       1.3268
     234       1.3059
     235       1.3456
     236       1.3879
     237       1.4507
     238       1.5221
     239       1.4751
     240       1.5852
     241       1.5717
     242       1.4844
     243       1.5034
     244       1.5134
     245       1.4655
     246       1.6268
     247       1.6829
     248       1.5685
     249       1.4361
     250       1.4519
     251       1.4662
     252       1.3503
     253       1.3840
     254       1.5034
     255       1.3928
     256       1.4362
     257       1.3443
     258       1.3704
     259       1.4117
     260       1.3943
     261       1.4380
     262       1.4416
     263       1.4149
     264       1.3868
     265       1.5646
     266       1.3870
     267       1.3717
     268       1.3406
     269       1.3526
     270       1.4932
     271       1.2958
     272       1.3591
     273       1.3316
     274       1.3818
     275       1.4047
     276       1.3667
     277       1.3373
     278       1.5166
     279       1.5020
     280       1.3681
     281       1.3877
     282       1.4398
     283       1.4036
     284       1.3377
     285       1.4198
     286       1.4808
     287       1.5134
     288       1.4508
     289       1.4175
     290       1.3589
     291       1.3679
     292       1.4785
     293       1.3126
     294       1.3809
     295       1.4679
     296       1.5247
     297       1.5587
     298       1.6355
     299       1.5337
     300       1.5157
     301       1.5962
     302       1.4950
     303       1.5072
     304       1.6364
     305       1.7238
     306       1.7324
     307       1.6952
     308       1.6904
     309       1.6951
     310       1.6089
     311       1.6908
     312       1.6312
     313       1.5376
     314       1.5704
     315       1.6442
     316       1.6574
     317       1.5751
     318       1.5993
     319       1.6330
     320       1.5014
     321       1.6884
     322       1.6420
     323       1.5668
     324       1.6563
     325       1.5078
     326       1.6788
     327       1.6448
     328       1.6587
     329       1.4842
     330       1.6872
     331       1.5868
     332       1.5634
     333       1.6031
     334       1.6435
     335       1.6553
     336       1.5720
     337       1.5232
     338       1.4741
     339       1.6007
     340       1.6591
     341       1.6158
     342       1.7303
     343       1.6492
     344       1.5907
     345       1.5842
     346       1.7171
     347       1.6077
     348       1.7934
     349       1.6563
     350       1.6996
     351       1.6803
     352       1.5906
     353       1.7205
     354       1.7193
     355       1.7279
     356       1.6573
     357       1.6269
     358       1.6493
     359       1.6496
     360       1.6711
     361       1.6475
     362       1.5632
     363       1.6340
     364       1.5643
     365       1.5052
     366       1.5700
     367       1.6935
     368       1.6329
     369       1.6722
     370       1.6344
     371       1.5650
     372       1.5538
     373       1.5817
     374       1.5418
     375       1.6000
     376       1.5762
     377       1.5529
     378       1.5178
     379       1.5404
     380       1.5464
     381       1.5608
     382       1.5448
     383       1.5129
     384       1.4717
     385       1.6096
     386       1.5371
     387       1.6643
     388       1.6705
     389       1.5273
     390       1.4912
     391       1.4289
     392       1.4663
     393       1.5311
     394       1.4746
     395       1.4345
     396       1.4846
     397       1.4295
     398       1.5077
     399       1.4791
     400       1.6214
     401       1.4889
     402       1.5363
     403       1.4915
     404       1.5292
     405       1.6478
     406       1.6054
     407       1.5539
     408       1.4889
     409       1.4932
     410       1.5711
     411       1.5486
     412       1.4689
     413       1.5408
     414       1.5580
     415       1.4915
     416       1.4900
     417       1.5436
     418       1.5097
     419       1.5426
     420       1.4682
     421       1.6433
     422       1.6726
     423       1.5835
     424       1.6777
     425       1.6259
     426       1.5998
     427       1.6418
     428       1.5709
     429       1.5342
     430       1.6343
     431       1.5963
     432       1.6213
     433       1.4951
     434       1.5954
     435       1.5577
     436       1.4995
     437       1.5324
     438       1.5024
     439       1.6882
     440       1.6212
     441       1.4880
     442       1.5059
     443       1.5884
     444       1.6263
     445       1.5917
     446       1.5046
     447       1.5543
     448       1.5978
     449       1.4872
     450       1.5627
     451       1.5453
     452       1.5095
     453       1.5284
     454       1.4218
     455       1.5813
     456       1.5639
     457       1.6346
     458       1.5870
     459       1.4944
     460       1.5189
     461       1.5898
     462       1.7635
     463       1.7097
     464       1.5887
     465       1.6484
     466       1.5398
     467       1.6471
     468       1.5429
     469       1.5664
     470       1.5449
     471       1.6450
     472       1.6371
     473       1.5968
     474       1.5422
     475       1.6519
     476       1.5773
     477       1.5926
     478       1.7006
     479       1.5719
     480       1.5706
     481       1.5732
     482       1.5983
     483       1.6464
     484       1.5957
     485       1.6351
     486       1.6829
     487       1.6567
     488       1.5399
     489       1.5457
     490       1.4750
     491       1.4739
     492       1.4857
     493       1.4978
     494       1.5038
     495       1.5202
     496       1.5782
     497       1.4863
     498       1.5188
     499       1.6300
     500       1.5078
     501       1.5600
     502       1.5559
     503       1.5952
     504       1.5396
     505       1.6555
     506       1.5030
     507       1.5038
     508       1.5931
     509       1.6298
     510       1.5680
     511       1.6348
     512       1.5647
     513       1.5507
     514       1.4717
     515       1.5665
     516       1.5346
     517       1.5631
     518       1.6455
     519       1.5788
     520       1.7231
     521       1.6985
     522       1.6174
     523       1.5523
     524       1.5837
     525       1.5031
     526       1.5319
     527       1.6551
     528       1.5738
     529       1.6630
     530       1.7355
     531       1.6936
     532       1.5903
     533       1.6728
     534       1.6674
     535       1.6977
     536       1.6880
     537       1.9369
     538       1.8662
     539       1.7165
     540       1.7636
     541       1.7539
     542       1.6691
     543       1.8123
     544       1.8739
     545       1.7763
     546       1.8011
     547       1.8532
     548       1.9489
     549       1.9201
     550       1.7041
     551       1.7735
     552       1.8588
     553       1.7904
     554       1.7975
     555       2.0122
     556       1.8937
     557       1.8451
     558       1.7025
     559       1.8605
     560       1.6685
     561       1.6588
     562       1.8353
     563       1.8348
     564       1.7777
     565       1.6952
     566       1.8552
     567       1.7885
     568       1.8072
     569       1.7474
     570       1.7993
     571       1.7559
     572       1.9514
     573       1.8895
     574       1.8597
     575       1.7946
     576       1.8237
     577       1.9487
     578       1.8708
     579       1.8472
     580       1.7273
     581       1.9419
     582       1.7742
     583       2.0115
     584       2.0208
     585       1.7286
     586       1.8661
     587       1.8894
     588       1.8553
     589       1.9905
     590       1.9287
     591       1.8752
     592       1.7819
     593       1.6252
     594       1.8824
     595       1.8213
     596       1.6994
     597       1.7745
     598       1.8619
     599       1.7062
     600       1.8105
     601       1.8627
     602       1.8196
     603       1.8449
     604       1.9508
     605       2.1370
     606       2.0217
     607       1.7696
     608       1.7907
     609       1.7730
     610       1.7529
     611       1.8077
     612       1.8250
     613       1.7268
     614       1.8542
     615       1.8112
     616       1.7214
     617       1.8323
     618       2.0683
     619       1.8730
     620       1.8692
     621       1.9678
     622       2.0494
     623       2.0278
     624       1.9951
     625       1.9967
     626       2.1353
     627       1.9050
     628       1.8215
     629       2.0072
     630       2.0272
     631       1.7226
     632       1.6530
     633       1.8764
     634       1.9228
     635       1.8996
     636       1.7169
     637       1.7229
     638       1.9732
     639       1.7620
     640       1.7206
     641       1.7313
     642       1.8530
     643       1.7208
     644       1.7836
     645       1.8566
     646       1.6905
     647       1.5832
     648       1.7324
     649       1.8560
     650       1.7174
     651       1.7673
     652       1.7860
     653       1.8248
     654       1.7786
     655       1.7924
     656       1.7272
     657       1.8775
     658       1.9430
     659       1.7373
     660       1.9789
     661       1.9297
     662       1.8469
     663       1.7180
     664       2.0361
     665       1.7197
     666       1.7469
     667       1.8365
     668       1.7999
     669       1.8595
     670       1.7414
     671       1.7047
     672       1.7226
     673       1.7345
     674       1.8024
     675       2.1098
     676       1.7185
     677       1.7500
     678       1.6745
     679       1.6853
     680       1.7548
     681       1.7233
     682       1.8788
     683       2.0054
     684       2.0577
     685       1.8211
     686       1.9326
     687       1.8268
     688       1.9236
     689       1.9254
     690       1.9841
     691       1.8093
     692       1.6268
     693       1.9521
     694       1.8968
     695       1.9263
     696       1.9072
     697       1.8993
     698       1.7884
     699       1.8128
     700       1.9181
     701       1.8667
     702       1.8845
     703       1.9386
     704       1.9952
     705       1.9594
     706       2.3072
     707       1.8819
     708       1.8835
     709       1.9428
     710       1.8119
     711       1.6117
     712       1.6533
     713       1.9869
     714       1.7463
     715       1.6347
     716       1.7761
     717       1.7171
     718       1.8059
     719       1.7501
     720       1.6956
     721       1.7561
     722       1.7771
     723       1.7252
     724       1.7694
     725       1.8345
     726       1.8988
     727       1.8059
     728       1.7362
     729       1.7783
     730       1.9145
     731       1.9328
     732       1.7042
     733       1.7234
     734       2.0514
     735       1.7656
     736       1.7542
     737       1.7351
     738       1.8598
     739       1.9567
     740       1.8342
     741       1.6867
     742       1.8205
     743       1.9882
     744       1.8871
     745       1.7868
     746       1.8321
     747       1.9950
     748       1.9238
     749       1.8050
     750       1.9577
     751       1.8930
     752       1.9380
     753       2.0122
     754       1.9332
     755       1.8042
     756       1.9348
     757       1.9367
     758       1.7033
     759       1.8640
     760       1.8833
     761       1.7170
     762       2.0423
     763       2.0401
     764       2.1451
     765       1.7923
     766       2.1553
     767       1.8830
     768       1.8829
     769       1.7063
     770       1.8523
     771       2.0294
     772       1.8921
     773       1.8618
     774       2.0483
     775       1.7924
     776       1.8928
     777       1.8907
     778       1.8356
     779       1.8795
     780       1.7440
     781       1.9297
     782       1.7804
     783       1.8999
     784       1.8888
     785       1.7596
     786       1.7649
     787       1.9155
     788       2.0171
     789       1.8109
     790       2.0846
     791       2.0090
     792       1.9484
     793       1.8092
     794       1.9045
     795       1.9244
     796       1.8587
     797       1.8346
     798       1.9061
     799       1.8725
     800       1.7510
     801       1.8454
     802       2.0740
     803       1.9306
     804       1.8599
     805       1.9210
     806       1.9771
     807       2.0208
     808       2.0283
     809       1.7614
     810       1.8692
     811       1.9828
     812       2.0623
     813       2.0665
     814       1.8782
     815       1.9061
     816       1.9229
     817       1.8999
     818       1.9318
     819       1.9944
     820       2.0632
     821       1.7911
     822       1.8896
     823       2.1450
     824       2.0459
     825       2.0632
     826       2.2689
     827       2.0930
     828       2.0313
     829       2.2403
     830       2.2512
     831       2.2149
     832       2.2095
     833       2.2701
     834       2.3038
     835       2.2339
     836       2.3115
     837       1.9956
     838       2.1079
     839       2.1968
     840       2.3106
     841       2.0993
     842       2.3679
     843       2.1514
     844       2.4253
     845       2.1603
     846       2.1171
     847       2.2497
     848       2.2099
     849       2.1195
     850       2.1919
     851       2.0648
     852       2.1758
     853       2.2558
     854       2.0968
     855       2.0850
     856       2.0716
     857       1.9965
     858       2.2560
     859       1.9314
     860       2.0665
     861       2.0661
     862       2.2021
     863       2.0072
     864       1.9884
     865       2.1756
     866       2.1900
     867       1.9556
     868       2.0922
     869       2.1631
     870       1.9002
     871       2.1497
     872       2.0003
     873       1.8955
     874       1.9570
     875       1.9922
     876       1.9611
     877       2.0058
     878       2.0502
     879       2.0045
     880       2.0343
     881       1.9568
     882       2.1463
     883       2.1059
     884       2.1159
     885       2.4912
     886       2.1120
     887       2.0584
     888       2.1681
     889       2.0430
     890       2.0491
     891       2.0748
     892       2.0476
     893       1.8510
     894       1.9318
     895       2.0870
     896       1.8626
     897       1.8794
     898       1.9558
     899       2.0385
     900       2.0005
     901       2.0301
     902       2.1734
     903       2.1483
     904       2.1066
     905       2.0059
     906       2.0244
     907       2.0067
     908       2.0101
     909       1.9369
     910       1.8637
     911       1.8858
     912       1.8651
     913       1.7842
     914       1.9616
     915       1.9901
     916       2.1470
     917       2.0511
     918       2.1519
     919       2.1126
     920       2.0664
     921       1.9656
     922       2.0930
     923       1.9057
     924       1.9418
     925       2.0455
     926       2.1148
     927       2.1315
     928       2.2184
     929       2.2163
     930       1.9920
     931       2.2031
     932       2.2272
     933       2.3417
     934       2.1060
     935       2.2006
     936       2.1840
     937       2.0418
     938       2.1424
     939       2.2172
     940       1.9753
     941       2.3307
     942       2.0865
     943       2.1248
     944       2.1921
     945       2.0628
     946       2.3061
     947       2.1568
     948       2.1845
     949       2.1262
     950       2.0738
     951       2.1254
     952       1.8779
     953       2.0006
     954       1.8787
     955       1.8549
     956       1.8500
     957       1.7413
     958       1.6118
     959       1.7788
     960       1.7672
     961       1.8458
     962       1.8865
     963       1.9447
     964       1.9007
     965       1.8297
     966       1.7631
     967       1.7278
     968       1.6540
     969       1.8843
     970       1.8288
     971       1.6634
     972       1.7548
     973       1.8307
     974       1.7251
     975       1.6354
     976       1.7394
     977       1.8653
     978       1.8512
     979       1.8117
     980       1.6634
     981       1.7811
     982       1.8360
     983       1.7775
     984       1.8743
     985       1.8764
     986       1.9799
     987       1.7952
     988       1.7259
     989       1.9827
     990       1.7553
     991       1.7919
     992       1.8398
     993       1.7333
     994       1.7488
     995       1.7741
     996       1.7527
     997       1.6794
     998       1.8850
     999       1.7197
    1000       1.8763
    1001       1.6817
    1002       1.8788
    1003       1.7917
    1004       1.9159
    1005       1.8204
    1006       1.8269
    1007       1.8381
    1008       1.9457
    1009       1.7191
    1010       1.7624
    1011       1.8713
    1012       1.8830
    1013       2.0650
    1014       1.9690
    1015       1.9072
    1016       1.8625
    1017       1.9261
    1018       1.7283
    1019       1.9072
    1020       1.9268
    1021       1.9432
    1022       2.0222
    1023       1.9400
    1024       1.8607
    1025       1.8325
    1026       1.8953
    1027       1.8850
    1028       1.9136
    1029       1.8861
    1030       1.8227
    1031       1.8686
    1032       1.6147
    1033       1.8185
    1034       1.6996
    1035       1.7774
    1036       1.8661
    1037       1.7514
    1038       1.8366
    1039       1.7359
    1040       1.8316
    1041       1.7135
    1042       1.9057
    1043       1.7667
    1044       2.0539
    1045       1.9014
    1046       1.8174
    1047       1.8401
    1048       1.7450
    1049       1.7739
    1050       1.7751
    1051       1.5615
    1052       1.6788
    1053       1.7020
    1054       1.5513
    1055       1.6233
    1056       1.7489
    1057       1.6680
    1058       1.7036
    1059       1.7517
    1060       1.7075
    1061       1.6462
    1062       1.6857
    1063       1.6754
    1064       1.5633
    1065       1.6756
    1066       1.6084
    1067       1.7095
    1068       1.6242
    1069       1.8365
    1070       1.7673
    1071       1.6718
    1072       1.6934
    1073       1.6357
    1074       1.7353
    1075       1.6869
    1076       1.6982
    1077       1.7028
    1078       1.5728
    1079       1.4966
    1080       1.5600
    1081       1.8720
    1082       1.6297
    1083       1.6985
    1084       1.6820
    1085       1.4490
    1086       1.6479
    1087       1.7398
    1088       1.8060
    1089       1.7104
    1090       1.7312
    1091       1.7189
    1092       1.8016
    1093       1.7579
    1094       1.7606
    1095       1.6494
    1096       1.8065
    1097       1.7720
    1098       1.7128
    1099       1.8338
    1100       1.7684
    1101       1.6748
    1102       1.7244
    1103       1.6777
    1104       1.6245
    1105       1.6361
    1106       1.6589
    1107       1.6637
    1108       1.7100
    1109       1.7893
    1110       1.6983
    1111       1.7123
    1112       1.6870
    1113       1.6997
    1114       1.8392
    1115       1.7467
    1116       1.7809
    1117       1.8441
    1118       1.8167
    1119       1.8735
    1120       1.7931
    1121       1.6472
    1122       1.8586
    1123       1.5991
    1124       1.6876
    1125       1.9395
    1126       1.8936
    1127       1.8699
    1128       1.6718
    1129       1.7430
    1130       1.8528
    1131       1.6474
    1132       1.5965
    1133       1.6823
    1134       1.8282
    1135       1.9857
    1136       2.1295
    1137       1.8941
    1138       1.9839
    1139       2.1079
    1140       1.9097
    1141       1.7761
    1142       1.7565
    1143       1.7545
    1144       1.8501
    1145       1.8486
    1146       2.0522
    1147       1.8989
    1148       1.8224
    1149       1.7498
    1150       1.8099
    1151       1.8311
    1152       1.8233
    1153       1.7810
    1154       1.8426
    1155       1.8377
    1156       1.8694
    1157       1.7544
    1158       1.9205
    1159       1.9627
    1160       1.7942
    1161       1.8848
    1162       1.8009
    1163       1.8654
    1164       1.7164
    1165       1.7981
    1166       1.8254
    1167       2.1791
    1168       1.9761
    1169       2.1102
    1170       1.7746
    1171       1.9000
    1172       1.9175
    1173       1.9795
    1174       1.7979
    1175       1.7824
    1176       1.6980
    1177       1.7056
    1178       1.8317
    1179       1.8445
    1180       1.8526
    1181       1.8277
    1182       1.7998
    1183       1.7961
    1184       1.6366
    1185       1.7123
    1186       1.6104
    1187       1.8476
    1188       1.7045
    1189       1.7984
    1190       1.9077
    1191       1.8455
    1192       1.9466
    1193       1.6717
    1194       1.7679
    1195       1.7779
    1196       1.8501
    1197       1.7804
    1198       1.9087
    1199       1.7904
    1200       1.7506
    1201       1.7669
    1202       1.7493
    1203       1.7473
    1204       1.8788
    1205       1.7342
    1206       2.0278
    1207       1.8949
    1208       1.8532
    1209       1.8057
    1210       2.0043
    1211       1.9851
    1212       1.9629
    1213       1.6676
    1214       1.7028
    1215       1.8375
    1216       1.8823
    1217       1.8052
    1218       1.6542
    1219       1.7547
    1220       1.7792
    1221       1.8242
    1222       1.7183
    1223       1.5891
    1224       1.8316
    1225       1.7819
    1226       1.7582
    1227       1.9162
    1228       2.0894
    1229       1.8278
    1230       1.7455
    1231       1.7663
    1232       1.8920
    1233       1.8969
    1234       1.8327
    1235       1.7744
    1236       1.8853
    1237       1.7744
    1238       1.7024
    1239       1.9112
    1240       1.7525
    1241       1.7213
    1242       1.7759
    1243       1.8307
    1244       1.7397
    1245       1.9389
    1246       1.7544
    1247       1.7013
    1248       1.8923
    1249       1.8010
    1250       1.9000
    1251       1.8572
    1252       1.8769
    1253       1.7844
    1254       1.8389
    1255       1.8168
    1256       2.0087
    1257       2.3103
    1258       1.8111
    1259       1.8155
    1260       1.7918
    1261       1.9616
    1262       1.9785
    1263       1.8360
    1264       1.8315
    1265       1.7713
    1266       1.6818
    1267       1.7430
    1268       1.7820
    1269       1.7473
    1270       1.8429
    1271       1.7290
    1272       1.6136
    1273       1.7095
    1274       1.7620
    1275       1.7674
    1276       1.6890
    1277       1.7669
    1278       1.9032
    1279       1.7420
    1280       1.6325
    1281       1.6372
    1282       1.6715
    1283       1.7295
    1284       1.7279
    1285       1.8921
    1286       1.6654
    1287       1.7857
    1288       1.9565
    1289       1.8848
    1290       1.8754
    1291       1.8038
    1292       1.9531
    1293       1.8212
    1294       1.7514
    1295       1.9003
    1296       1.8759
    1297       1.8653
    1298       1.9746
    1299       1.8014
    1300       1.8105
    1301       1.9085
    1302       1.8722
    1303       1.6140
    1304       1.6459
    1305       1.6152
    1306       1.7072
    1307       1.9107
    1308       1.8217
    1309       1.7948
    1310       1.7005
    1311       1.7060
    1312       1.8622
    1313       1.8743
    1314       1.6602
    1315       1.6906
    1316       1.9800
    1317       1.7098
    1318       1.7856
    1319       1.4866
    1320       1.7958
    1321       1.6813
    1322       1.6848
    1323       1.7265
    1324       1.6127
    1325       1.8149
    1326       1.8426
    1327       1.7013
    1328       1.6956
    1329       1.6851
    1330       1.6271
    1331       1.5486
    1332       1.6739
    1333       1.6504
    1334       1.5981
    1335       1.6031
    1336       1.6894
    1337       1.6208
    1338       1.6124
    1339       1.7410
    1340       1.6539
    1341       1.7125
    1342       1.6534
    1343       1.6748
    1344       1.7520
    1345       1.6930
    1346       1.6526
    1347       1.5406
    1348       1.8779
    1349       1.7216
    1350       1.8158
    1351       1.7812
    1352       1.7534
    1353       1.7252
    1354       1.7930
    1355       1.7573
    1356       1.7977
    1357       1.7121
    1358       1.7759
    1359       1.7541
    1360       1.7198
    1361       1.8382
    1362       1.8708
    1363       1.7600
    1364       1.5542
    1365       1.5485
    1366       1.7711
    1367       1.6654
    1368       1.7444
    1369       1.7172
    1370       1.6335
    1371       1.6955
    1372       1.7393
    1373       1.7119
    1374       1.7568
    1375       1.6410
    1376       1.7262
    1377       1.5668
    1378       1.7210
    1379       1.5592
    1380       1.5077
    1381       1.6528
    1382       1.7497
    1383       1.7035
    1384       1.5782
    1385       1.5709
    1386       1.5790
    1387       1.6185
    1388       1.5289
    1389       1.7048
    1390       1.6432
    1391       1.6493
    1392       1.6835
    1393       1.6882
    1394       1.6492
    1395       1.5207
    1396       1.8334
    1397       1.8273
    1398       1.7072
    1399       1.5212
    1400       1.6313
    1401       1.6782
    1402       1.6841
    1403       1.6177
    1404       1.5243
    1405       1.5848
    1406       1.6426
    1407       1.8373
    1408       1.8486
    1409       1.9281
    1410       1.9694
    1411       1.7890
    1412       1.8507
    1413       1.8515
    1414       1.8516
    1415       1.6241
    1416       1.6485
    1417       1.6314
    1418       1.6516
    1419       1.6980
    1420       1.5616
    1421       1.6725
    1422       1.7280
    1423       1.7136
    1424       1.6290
    1425       1.7207
    1426       1.5089
    1427       1.5641
    1428       1.6380
    1429       1.5323
    1430       1.5857
    1431       1.5116
    1432       1.5889
    1433       1.5939
    1434       1.7842
    1435       1.6703
    1436       1.6832
    1437       1.6532
    1438       1.7446
    1439       1.6786
    1440       1.7710
    1441       1.7356
    1442       1.7647
    1443       1.6180
    1444       1.8421
    1445       1.6042
    1446       1.7013
    1447       1.6922
    1448       1.6703
    1449       1.6823
    1450       1.6840
    1451       1.6839
    1452       1.8458
    1453       1.7422
    1454       1.6636
    1455       1.6482
    1456       1.5970
    1457       1.7019
    1458       2.0394
    1459       1.7748
    1460       1.8190
    1461       1.8191
    1462       1.7550
    1463       1.6985
    1464       1.6208
    1465       1.7188
    1466       1.6668
    1467       1.7864
    1468       1.8142
    1469       1.7059
    1470       1.8248
    1471       1.8712
    1472       1.7342
    1473       1.6215
    1474       1.8189
    1475       1.7509
    1476       1.5113
    1477       1.6795
    1478       1.7358
    1479       1.7736
    1480       1.8302
    1481       1.8465
    1482       1.7801
    1483       1.8467
    1484       1.7301
    1485       1.6874
    1486       1.6334
    1487       1.4994
    1488       1.5419
    1489       1.6284
    1490       1.7568
    1491       1.6089
    1492       1.5920
    1493       1.7449
    1494       1.7455
    1495       1.8021
    1496       1.5580
    1497       1.7769
    1498       1.8968
    1499       1.8856
    1500       1.6745
    1501       1.7300
    1502       1.7470
    1503       1.7494
    1504       1.8616
    1505       1.7797
    1506       1.7337
    1507       1.8086
    1508       1.6999
    1509       1.7526
    1510       1.7369
    1511       1.6826
    1512       1.6460
    1513       1.5895
    1514       1.6020
    1515       1.7301
    1516       1.6339
    1517       1.6650
    1518       1.7536
    1519       1.7237
    1520       1.7304
    1521       1.6065
    1522       1.6719
    1523       1.6221
    1524       1.8303
    1525       1.8268
    1526       1.8402
    1527       1.6422
    1528       1.6647
    1529       1.6839
    1530       1.7118
    1531       1.8269
    1532       1.8379
    1533       1.8345
    1534       1.7913
    1535       1.6331
    1536       1.7487
    1537       1.7278
    1538       1.7972
    1539       1.8359
    1540       1.5318
    1541       1.6930
    1542       1.7565
    1543       1.6765
    1544       1.6895
    1545       1.6519
    1546       1.7716
    1547       1.6277
    1548       1.6433
    1549       1.7231
    1550       1.5989
    1551       1.5900
    1552       1.5779
    1553       1.5880
    1554       1.5877
    1555       1.7763
    1556       1.5946
    1557       1.5419
    1558       1.7082
    1559       1.5172
    1560       1.7256
    1561       1.5747
    1562       1.7551
    1563       1.6941
    1564       1.5789
    1565       1.6351
    1566       1.5663
    1567       1.7980
    1568       1.6652
    1569       1.8050
    1570       1.6493
    1571       1.6629
    1572       1.9667
    1573       1.9200
    1574       1.7776
    1575       1.9406
    1576       1.7092
    1577       1.7861
    1578       1.7086
    1579       1.6727
    1580       1.8345
    1581       1.7988
    1582       1.7800
    1583       1.6213
    1584       1.6757
    1585       1.8399
    1586       1.7294
    1587       1.6690
    1588       1.8255
    1589       1.7564
    1590       1.8332
    1591       1.8963
    1592       1.7861
    1593       1.6832
    1594       1.6513
    1595       1.7284
    1596       1.6183
    1597       1.7581
    1598       1.7860
    1599       1.6993
    1600       1.8365
    1601       1.9876
    1602       1.8538
    1603       1.7520
    1604       1.7765
    1605       1.6283
    1606       1.7582
    1607       1.6934
    1608       1.8301
    1609       1.8198
    1610       1.7287
    1611       1.7667
    1612       1.8992
    1613       1.8741
    1614       1.7587
    1615       1.7645
    1616       1.6612
    1617       1.7158
    1618       1.8145
    1619       1.7041
    1620       1.7084
    1621       1.7921
    1622       1.5517
    1623       1.5858
    1624       1.7758
    1625       1.6352
    1626       1.6695
    1627       1.6547
    1628       1.6102
    1629       1.6025
    1630       1.5268
    1631       1.7037
    1632       1.7072
    1633       1.7153
    1634       1.7176
    1635       1.7607
    1636       1.7337
    1637       1.5793
    1638       1.5863
    1639       1.7171
    1640       1.8425
    1641       1.7462
    1642       1.6636
    1643       1.7330
    1644       1.7648
    1645       1.8635
    1646       1.7458
    1647       1.6997
    1648       1.5930
    1649       1.5452
    1650       1.6149
    1651       1.8150
    1652       1.7384
    1653       1.6884
    1654       1.7327
    1655       1.8221
    1656       1.5869
    1657       1.6723
    1658       1.5940
    1659       1.6811
    1660       1.6856
    1661       1.6530
    1662       1.6494
    1663       1.7689
    1664       1.7524
    1665       1.6348
    1666       1.7890
    1667       1.5929
    1668       1.7355
    1669       1.8032
    1670       1.7012
    1671       1.6009
    1672       1.5719
    1673       1.7866
    1674       1.6356
    1675       1.6157
    1676       1.7344
    1677       1.6899
    1678       1.7856
    1679       1.7471
    1680       1.7886
    1681       1.6894
    1682       1.6175
    1683       1.5335
    1684       1.7073
    1685       1.7373
    1686       1.7198
    1687       1.7149
    1688       1.8966
    1689       1.7122
    1690       1.7256
    1691       1.8160
    1692       1.7282
    1693       1.7619
    1694       1.8088
    1695       1.6636
    1696       1.7609
    1697       1.8256
    1698       1.7296
    1699       1.7112
    1700       1.5926
    1701       1.6554
    1702       1.7871
    1703       1.6710
    1704       1.6506
    1705       1.8404
    1706       1.7488
    1707       1.7197
    1708       1.7789
    1709       1.7850
    1710       1.8253
    1711       1.6679
    1712       1.6438
    1713       1.5944
    1714       1.6537
    1715       1.7113
    1716       1.7043
    1717       1.7097
    1718       1.6462
    1719       1.7261
    1720       1.5887
    1721       1.6791
    1722       1.5915
    1723       1.5499
    1724       1.6925
    1725       1.6130
    1726       1.6510
    1727       1.6313
    1728       1.7424
    1729       1.7647
    1730       1.6663
    1731       1.7711
    1732       1.7638
    1733       1.7312
    1734       1.7484
    1735       1.7464
    1736       1.7517
    1737       1.7024
    1738       1.6194
    1739       1.6294
    1740       1.7195
    1741       1.7537
    1742       1.8995
    1743       1.5825
    1744       1.7012
    1745       1.8230
    1746       1.5475
    1747       1.6019
    1748       1.7433
    1749       1.6469
    1750       1.6154
    1751       1.5934
    1752       1.6747
    1753       1.5565
    1754       1.6047
    1755       1.4608
    1756       1.5339
    1757       1.6191
    1758       1.6503
    1759       1.6215
    1760       1.4120
    1761       1.4249
    1762       1.5873
    1763       1.6026
    1764       1.4900
    1765       1.5909
    1766       1.6656
    1767       1.6131
    1768       1.5527
    1769       1.5825
    1770       1.5660
    1771       1.4359
    1772       1.5273
    1773       1.5657
    1774       1.4855
    1775       1.4738
    1776       1.6873
    1777       1.6311
    1778       1.5713
    1779       1.6101
    1780       1.6864
    1781       1.6728
    1782       1.7283
    1783       1.6727
    1784       1.5785
    1785       1.6466
    1786       1.5592
    1787       1.6067
    1788       1.6426
    1789       1.7230
    1790       1.5798
    1791       1.6718
    1792       1.6600
    1793       1.5838
    1794       1.5284
    1795       1.6063
    1796       1.7630
    1797       1.5042
    1798       1.5639
    1799       1.4605
    1800       1.6481
    1801       1.5486
    1802       1.6240
    1803       1.6321
    1804       1.7207
    1805       1.6578
    1806       1.6974
    1807       1.7246
    1808       1.6132
    1809       1.6380
    1810       1.6807
    1811       1.7893
    1812       1.5859
    1813       1.7493
    1814       1.7168
    1815       1.7761
    1816       1.6452
    1817       1.6937
    1818       1.6608
    1819       1.7023
    1820       1.7157
    1821       1.6803
    1822       1.5857
    1823       1.6069
    1824       1.6324
    1825       1.6287
    1826       1.5985
    1827       1.7331
    1828       1.6725
    1829       1.7368
    1830       1.6524
    1831       1.6395
    1832       1.7934
    1833       1.7108
    1834       1.6366
    1835       1.7825
    1836       1.7376
    1837       1.6789
    1838       1.5216
    1839       1.7022
    1840       1.6663
    1841       1.6651
    1842       1.6551
    1843       1.7431
    1844       1.6415
    1845       1.7185
    1846       1.5887
    1847       1.6032
    1848       1.5649
    1849       1.6191
    1850       1.5961
    1851       1.5998
    1852       1.6422
    1853       1.5324
    1854       1.6306
    1855       1.6162
    1856       1.5492
    1857       1.5974
    1858       1.5466
    1859       1.5279
    1860       1.5436
    1861       1.6227
    1862       1.5192
    1863       1.6067
    1864       1.5125
    1865       1.6487
    1866       1.6353
    1867       1.6142
    1868       1.5903
    1869       1.4967
    1870       1.6175
    1871       1.6809
    1872       1.6016
    1873       1.5399
    1874       1.7261
    1875       1.5919
    1876       1.5602
    1877       1.6061
    1878       1.6766
    1879       1.6684
    1880       1.7210
    1881       1.5950
    1882       1.6522
    1883       1.5957
    1884       1.6790
    1885       1.6122
    1886       1.5631
    1887       1.5325
    1888       1.7292
    1889       1.7296
    1890       1.6220
    1891       1.6916
    1892       1.7172
    1893       1.5507
    1894       1.5720
    1895       1.7611
    1896       1.6896
    1897       1.5825
    1898       1.6692
    1899       1.5454
    1900       1.5430
    1901       1.5688
    1902       1.6092
    1903       1.6388
    1904       1.5521
    1905       1.7487
    1906       1.7782
    1907       1.6611
    1908       1.5475
    1909       1.6074
    1910       1.6867
    1911       1.6182
    1912       1.6530
    1913       1.6212
    1914       1.7358
    1915       1.5882
    1916       1.6264
    1917       1.6750
    1918       1.6225
    1919       1.8424
    1920       1.6609
    1921       1.8831
    1922       1.7452
    1923       1.6933
    1924       1.8585
    1925       1.8610
    1926       1.8883
    1927       1.8367
    1928       1.7970
    1929       1.8099
    1930       1.7443
    1931       1.7902
    1932       1.8562
    1933       1.8572
    1934       1.7842
    1935       1.6478
    1936       1.9391
    1937       1.8428
    1938       1.8702
    1939       1.9089
    1940       1.8456
    1941       1.7830
    1942       1.8192
    1943       1.8321
    1944       1.8699
    1945       2.0048
    1946       1.7838
    1947       1.9451
    1948       1.8969
    1949       1.8096
    1950       1.9351
    1951       1.9818
    1952       1.6627
    1953       1.7487
    1954       1.6951
    1955       1.9030
    1956       1.9089
    1957       1.9714
    1958       1.9132
    1959       1.7110
    1960       1.9275
    1961       1.8528
    1962       2.0989
    1963       1.7818
    1964       1.8541
    1965       1.8774
    1966       2.0034
    1967       1.8574
    1968       2.0813
    1969       1.8794
    1970       1.8712
    1971       1.7826
    1972       1.7943
    1973       1.8765
    1974       1.9845
    1975       1.8772
    1976       1.8897
    1977       1.8395
    1978       1.9109
    1979       1.7800
    1980       1.7516
    1981       1.8919
    1982       1.8280
    1983       1.9180
    1984       1.7820
    1985       1.9369
    1986       1.8769
    1987       1.6698
    1988       1.8543
    1989       1.6487
    1990       1.6578
    1991       1.7970
    1992       1.7987
    1993       1.7036
    1994       1.7978
    1995       1.9580
    1996       1.8601
    1997       1.7760
    1998       1.8799
    1999       1.7553
    2000       1.7593
    2001       1.9700
    2002       1.8808
    2003       1.7248
    2004       2.0121
    2005       1.8587
    2006       1.9781
    2007       2.0311
    2008       1.9796
    2009       1.8419
    2010       1.8268
    2011       2.0542
    2012       1.9441
    2013       1.8565
    2014       1.9344
    2015       1.9503
    2016       1.9221
    2017       2.0517
    2018       1.8218
    2019       1.8510
    2020       1.8308
    2021       1.7987
    2022       1.8436
    2023       1.7706
    2024       1.9102
    2025       1.9719
    2026       1.8353
    2027       1.8021
    2028       1.8352
    2029       1.9455
    2030       1.8355
    2031       1.8116
    2032       1.8269
    2033       1.9930
    2034       1.7687
    2035       1.7865
    2036       1.6889
    2037       1.7584
    2038       1.8073
    2039       1.8238
    2040       1.9248
    2041       1.7808
    2042       1.8392
    2043       1.6994
    2044       1.7311
    2045       1.7233
    2046       1.9361
    2047       1.9070
    2048       1.7810
    2049       1.9454
    2050       1.7153
    2051       1.9747
    2052       1.9212
    2053       1.8255
    2054       1.7865
    2055       1.8432
    2056       1.8353
    2057       1.7693
    2058       1.7384
    2059       1.7011
    2060       1.9246
    2061       1.9483
    2062       1.7076
    2063       1.7916
    2064       1.8507
    2065       1.8937
    2066       1.8268
    2067       1.8814
    2068       1.9917
    2069       1.7540
    2070       1.8613
    2071       1.9832
    2072       1.7065
    2073       1.6596
    2074       1.7741
    2075       1.7114
    2076       1.7738
    2077       1.8784
    2078       1.7794
    2079       1.6650
    2080       1.7368
    2081       1.9043
    2082       1.7526
    2083       1.6117
    2084       1.8190
    2085       1.8511
    2086       1.7572
    2087       1.7282
    2088       1.7534
    2089       1.6544
    2090       1.8923
    2091       1.8485
    2092       1.7579
    2093       1.7367
    2094       1.8749
    2095       1.9494
    2096       1.7905
    2097       1.7190
    2098       1.7264
    2099       1.6487
    2100       1.8717
    2101       1.7096
    2102       1.8303
    2103       1.8940
    2104       1.8633
    2105       1.8974
    2106       1.8081
    2107       1.6595
    2108       1.8946
    2109       1.7509
    2110       1.8091
    2111       1.9697
    2112       1.8705
    2113       1.7268
    2114       1.7867
    2115       1.9446
    2116       1.8789
    2117       1.9328
    2118       1.9522
    2119       1.9518
    2120       1.7939
    2121       1.9310
    2122       1.8762
    2123       1.9096
    2124       1.8455
    2125       1.9324
    2126       1.8035
    2127       1.9203
    2128       1.9014
    2129       1.7962
    2130       1.9363
    2131       1.8905
    2132       1.9916
    2133       1.6259
    2134       1.7938
    2135       1.9345
    2136       1.9955
    2137       1.8725
    2138       1.9611
    2139       1.9259
    2140       2.0157
    2141       1.9114
    2142       2.0391
    2143       1.8521
    2144       1.8076
    2145       1.8632
    2146       1.8653
    2147       1.8101
    2148       1.9460
    2149       1.8269
    2150       1.8445
    2151       1.9110
    2152       1.8772
    2153       1.7743
    2154       1.8117
    2155       1.8563
    2156       1.8255
    2157       1.8531
    2158       1.8422
    2159       1.7772
    2160       1.8567
    2161       1.8486
    2162       1.8137
    2163       1.8872
    2164       1.8447
    2165       1.7463
    2166       1.6475
    2167       1.9332
    2168       1.7584
    2169       1.7694
    2170       1.7881
    2171       1.6866
    2172       1.8270
    2173       1.9242
    2174       1.8306
    2175       1.8928
    2176       1.9449
    2177       1.9514
    2178       2.0316
    2179       2.0021
    2180       1.8649
    2181       1.8120
    2182       1.8025
    2183       1.9698
    2184       1.8281
    2185       1.7389
    2186       1.8667
    2187       1.8525
    2188       1.9024
    2189       1.8104
    2190       1.7591
    2191       1.8327
    2192       1.8613
    2193       1.7712
    2194       1.8579
    2195       1.7092
    2196       1.7987
    2197       1.8315
    2198       1.6474
    2199       1.6316
    2200       1.6619
    2201       1.5937
    2202       1.7780
    2203       1.8616
    2204       1.8019
    2205       1.8921
    2206       1.8050
    2207       1.6817
    2208       1.8128
    2209       1.7828
    2210       1.6729
    2211       1.8043
    2212       1.7385
    2213       1.7087
    2214       1.7025
    2215       1.9021
    2216       1.8953
    2217       1.8729
    2218       1.7351
    2219       1.7572
    2220       1.9105
    2221       1.8692
    2222       1.7743
    2223       1.8256
    2224       1.7819
    2225       1.6882
    2226       1.7319
    2227       1.8250
    2228       1.7321
    2229       1.6764
    2230       1.7090
    2231       1.6005
    2232       1.7605
    2233       1.6643
    2234       1.7636
    2235       1.6762
    2236       1.8116
    2237       1.7913
    2238       1.7893
    2239       1.5802
    2240       1.7353
    2241       1.9518
    2242       1.8135
    2243       1.7267
    2244       1.6964
    2245       1.8353
    2246       1.7379
    2247       1.7741
    2248       1.7059
    2249       1.6175
    2250       1.6399
    2251       1.8177
    2252       1.7307
    2253       1.7121
    2254       1.8092
    2255       1.6273
    2256       1.7171
    2257       1.6542
    2258       1.6241
    2259       1.5600
    2260       1.6656
    2261       1.6603
    2262       1.4750
    2263       1.7323
    2264       1.6740
    2265       1.6994
    2266       1.5885
    2267       1.5284
    2268       1.6221
    2269       1.5571
    2270       1.6881
    2271       1.6676
    2272       1.6716
    2273       1.6697
    2274       1.6888
    2275       1.7892
    2276       1.8693
    2277       1.8824
    2278       1.8595
    2279       1.6961
    2280       1.5816
    2281       1.6767
    2282       1.7205
    2283       1.6214
    2284       1.6933
    2285       1.7324
    2286       1.6254
    2287       1.6460
    2288       1.7674
    2289       1.6821
    2290       1.7051
    2291       1.7032
    2292       1.7211
    2293       1.6608
    2294       1.7561
    2295       1.7487
    2296       1.6399
    2297       1.6739
    2298       1.8323
    2299       1.5870
    2300       1.6607
    2301       1.8310
    2302       1.8026
    2303       1.7816
    2304       1.5895
    2305       1.7444
    2306       1.6472
    2307       1.6666
    2308       1.6488
    2309       1.7562
    2310       1.6684
    2311       1.7567
    2312       1.7496
    2313       1.7888
    2314       1.6609
    2315       1.6635
    2316       1.8088
    2317       1.7139
    2318       1.7687
    2319       1.6908
    2320       1.7426
    2321       1.7236
    2322       1.7428
    2323       1.7257
    2324       1.7093
    2325       1.5739
    2326       1.8162
    2327       1.6673
    2328       1.5961
    2329       1.6532
    2330       1.7559
    2331       1.6553
    2332       1.6903
    2333       1.6354
    2334       1.7867
    2335       1.7204
    2336       1.5863
    2337       1.7576
    2338       1.6037
    2339       1.6358
    2340       1.7227
    2341       1.6483
    2342       1.5425
    2343       1.5766
    2344       1.7019
    2345       1.5638
    2346       1.5705
    2347       1.5766
    2348       1.5809
    2349       1.5417
    2350       1.5556
    2351       1.5651
    2352       1.5642
    2353       1.6150
    2354       1.6460
    2355       1.7326
    2356       1.5759
    2357       1.6120
    2358       1.6359
    2359       1.6646
    2360       1.6616
    2361       1.6237
    2362       1.6719
    2363       1.6176
    2364       1.5426
    2365       1.6160
    2366       1.6533
    2367       1.6611
    2368       1.6589
    2369       1.7325
    2370       1.6213
    2371       1.5909
    2372       1.6510
    2373       1.5566
    2374       1.6920
    2375       1.5815
    2376       1.6962
    2377       1.6495
    2378       1.5483
    2379       1.5215
    2380       1.7195
    2381       1.6523
    2382       1.6456
    2383       1.7907
    2384       1.6016
    2385       1.7027
    2386       1.6582
    2387       1.6378
    2388       1.7069
    2389       1.6199
    2390       1.6463
    2391       1.5782
    2392       1.5044
    2393       1.6772
    2394       1.6064
    2395       1.6288
    2396       1.6267
    2397       1.4555
    2398       1.5433
    2399       1.5539
    2400       1.5601
    2401       1.6297
    2402       1.6971
    2403       1.6120
    2404       1.6458
    2405       1.5658
    2406       1.6597
    2407       1.6364
    2408       1.5807
    2409       1.5869
    2410       1.5593
    2411       1.6087
    2412       1.6522
    2413       1.5746
    2414       1.4997
    2415       1.6509
    2416       1.6912
    2417       1.6376
    2418       1.6135
    2419       1.6201
    2420       1.6135
    2421       1.5613
    2422       1.8008
    2423       1.5919
    2424       1.6877
    2425       1.6172
    2426       1.7759
    2427       1.6682
    2428       1.6531
    2429       1.6429
    2430       1.5925
    2431       1.6242
    2432       1.6576
    2433       1.5688
    2434       1.5830
    2435       1.6001
    2436       1.6086
    2437       1.5555
    2438       1.5811
    2439       1.5489
    2440       1.5870
    2441       1.6474
    2442       1.6050
    2443       1.5631
    2444       1.5890
    2445       1.6206
    2446       1.6736
    2447       1.6317
    2448       1.6799
    2449       1.4943
    2450       1.7336
    2451       1.7846
    2452       1.7272
    2453       1.8530
    2454       1.9088
    2455       1.6645
    2456       1.6968
    2457       1.7897
    2458       1.7009
    2459       1.7147
    2460       1.5974
    2461       1.7929
    2462       1.7287
    2463       1.7003
    2464       1.6401
    2465       1.7637
    2466       1.6356
    2467       1.7317
    2468       1.7623
    2469       1.8567
    2470       1.8227
    2471       1.7367
    2472       1.7794
    2473       1.7065
    2474       1.6390
    2475       1.7650
    2476       1.8044
    2477       1.7166
    2478       1.6846
    2479       1.7360
    2480       1.7869
    2481       1.7490
    2482       1.8479
    2483       1.7839
    2484       1.8720
    2485       1.7056
    2486       1.8063
    2487       1.9785
    2488       1.9811
    2489       1.7884
    2490       1.7504
    2491       1.8031
    2492       1.9346
    2493       1.7957
    2494       1.7814
    2495       1.6472
    2496       1.6543
    2497       1.6235
    2498       1.6794
    2499       1.7776
    2500       1.7778
    2501       1.6899
    2502       1.5763
    2503       1.6649
    2504       1.7461
    2505       1.7187
    2506       1.6034
    2507       1.7299
    2508       1.5257
    2509       1.5948
    2510       1.6317
    2511       1.6935
    2512       1.5796
    2513       1.5868
    2514       1.6779
    2515       1.6862
    2516       1.6180
    2517       1.7492
    2518       1.5643
    2519       1.6334
    2520       1.5773
    2521       1.8428
    2522       1.7040
    2523       1.5842
    2524       1.6059
    2525       1.6471
    2526       1.4881
    2527       1.6328
    2528       1.6119
    2529       1.5622
    2530       1.5293
    2531       1.7663
    2532       1.6510
    2533       1.6541
    2534       1.5854
    2535       1.8008
    2536       1.6459
    2537       1.7502
    2538       1.9141
    2539       1.7566
    2540       1.7470
    2541       1.7118
    2542       1.7826
    2543       1.6957
    2544       1.6727
    2545       1.8041
    2546       1.6573
    2547       1.6699
    2548       1.8945
    2549       1.8634
    2550       1.7564
    2551       1.7625
    2552       1.7366
    2553       1.7510
    2554       1.7239
    2555       1.8577
    2556       1.6977
    2557       1.7141
    2558       1.6848
    2559       1.6104
    2560       1.5998
    2561       1.6511
    2562       1.7457
    2563       1.5894
    2564       1.6406
    2565       1.6867
    2566       1.6691
    2567       1.7645
    2568       1.8061
    2569       1.7822
    2570       1.6906
    2571       1.6694
    2572       1.7098
    2573       1.7714
    2574       1.7336
    2575       1.6247
    2576       1.6694
    2577       1.6819
    2578       1.7468
    2579       1.6730
    2580       1.6771
    2581       1.7540
    2582       1.6829
    2583       1.7627
    2584       1.8649
    2585       1.8651
    2586       1.7767
    2587       1.7383
    2588       1.7074
    2589       1.6041
    2590       1.6808
    2591       1.5532
    2592       1.4900
    2593       1.7031
    2594       1.7038
    2595       1.5974
    2596       1.7605
    2597       1.7620
    2598       1.6968
    2599       1.7562
    2600       1.6158
    2601       1.6643
    2602       1.7680
    2603       1.5696
    2604       1.7061
    2605       1.6426
    2606       1.6873
    2607       1.9654
    2608       1.9075
    2609       1.5547
    2610       1.5475
    2611       1.7014
    2612       1.6506
    2613       1.5507
    2614       1.5380
    2615       1.7235
    2616       1.6784
    2617       1.6197
    2618       1.6242
    2619       1.6211
    2620       1.6000
    2621       1.6129
    2622       1.7384
    2623       1.6967
    2624       1.5360
    2625       1.6570
    2626       1.8709
    2627       1.7026
    2628       1.6476
    2629       1.7117
    2630       1.5937
    2631       1.7792
    2632       1.6556
    2633       1.6433
    2634       1.7815
    2635       1.7504
    2636       1.7928
    2637       1.7545
    2638       1.6905
    2639       1.6079
    2640       1.6194
    2641       1.6421
    2642       1.6970
    2643       1.6628
    2644       1.7284
    2645       1.6274
    2646       1.6567
    2647       1.6661
    2648       1.6819
    2649       1.7034
    2650       1.6214
    2651       1.7065
    2652       1.6928
    2653       1.7382
    2654       1.8122
    2655       1.6490
    2656       1.6396
    2657       1.6934
    2658       1.6338
    2659       1.6133
    2660       1.8630
    2661       1.8528
    2662       1.7550
    2663       1.6812
    2664       1.7571
    2665       1.7479
    2666       1.7380
    2667       1.7244
    2668       1.6488
    2669       1.7045
    2670       1.7022
    2671       1.7902
    2672       1.5840
    2673       1.7254
    2674       1.7245
    2675       1.6866
    2676       1.7562
    2677       1.6501
    2678       1.5926
    2679       1.6658
    2680       1.6821
    2681       1.7477
    2682       1.7004
    2683       1.6930
    2684       1.5787
    2685       1.6979
    2686       1.5817
    2687       1.6868
    2688       1.7940
    2689       1.6336
    2690       1.6800
    2691       1.7429
    2692       1.7220
    2693       1.6676
    2694       1.5940
    2695       1.6806
    2696       1.6127
    2697       1.6463
    2698       1.6888
    2699       1.5713
    2700       1.7505
    2701       1.6210
    2702       1.6592
    2703       1.6680
    2704       1.7188
    2705       1.6149
    2706       1.5959
    2707       1.6356
    2708       1.6690
    2709       1.6722
    2710       1.7195
    2711       1.7194
    2712       1.7586
    2713       1.7092
    2714       1.6840
    2715       1.6512
    2716       1.6684
    2717       1.7318
    2718       1.7234
    2719       1.7197
    2720       1.6142
    2721       1.5737
    2722       1.7004
    2723       1.6144
    2724       1.6636
    2725       1.7208
    2726       1.5529
    2727       1.5297
    2728       1.6143
    2729       1.6023
    2730       1.7035
    2731       1.5585
    2732       1.5038
    2733       1.5956
    2734       1.5518
    2735       1.6528
    2736       1.6011
    2737       1.7370
    2738       1.7023
    2739       1.6601
    2740       1.6139
    2741       1.6361
    2742       1.7665
    2743       1.6594
    2744       1.6284
    2745       1.6766
    2746       1.6276
    2747       1.8657
    2748       1.6482
    2749       1.6629
    2750       1.6966
    2751       1.6663
    2752       1.7568
    2753       1.8074
    2754       1.7649
    2755       1.8095
    2756       1.8223
    2757       1.6047
    2758       1.6399
    2759       1.7066
    2760       1.6702
    2761       1.6825
    2762       1.6099
    2763       1.5746
    2764       1.5308
    2765       1.7352
    2766       1.6418
    2767       1.6769
    2768       1.6265
    2769       1.5280
    2770       1.5993
    2771       1.6028
    2772       1.6565
    2773       1.6688
    2774       1.7037
    2775       1.5770
    2776       1.7222
    2777       1.5926
    2778       1.7354
    2779       1.6826
    2780       1.6415
    2781       1.6568
    2782       1.7391
    2783       1.6988
    2784       1.5312
    2785       1.7063
    2786       1.6364
    2787       1.4936
    2788       1.6452
    2789       1.7463
    2790       1.7266
    2791       1.6399
    2792       1.7583
    2793       1.6692
    2794       1.7455
    2795       1.6876
    2796       1.5830
    2797       1.5475
    2798       1.6868
    2799       1.6508
    2800       1.7939
    2801       1.7358
    2802       1.6712
    2803       1.6077
    2804       1.5494
    2805       1.6870
    2806       1.5237
    2807       1.7166
    2808       1.7295
    2809       1.6481
    2810       1.6344
    2811       1.6348
    2812       1.6879
    2813       1.6700
    2814       1.6318
    2815       1.6682
    2816       1.8111
    2817       1.8544
    2818       1.6788
    2819       1.6618
    2820       1.7305
    2821       1.6921
    2822       1.6350
    2823       1.5945
    2824       1.6221
    2825       1.7020
    2826       1.6707
    2827       1.6264
    2828       1.6088
    2829       1.6306
    2830       1.6550
    2831       1.7970
    2832       1.6871
    2833       1.6961
    2834       1.7531
    2835       1.6292
    2836       1.7283
    2837       1.6732
    2838       1.7690
    2839       1.5495
    2840       1.6321
    2841       1.6098
    2842       1.7571
    2843       1.6290
    2844       1.6902
    2845       1.5827
    2846       1.6995
    2847       1.6952
    2848       1.8141
    2849       1.7404
    2850       1.6106
    2851       1.5741
    2852       1.7715
    2853       1.7882
    2854       1.9373
    2855       1.8163
    2856       1.7365
    2857       1.8397
    2858       1.8466
    2859       1.8727
    2860       1.7238
    2861       1.8659
    2862       1.8814
    2863       1.7784
    2864       1.8784
    2865       1.6968
    2866       1.7410
    2867       1.6998
    2868       1.5812
    2869       1.7081
    2870       1.7442
    2871       1.6296
    2872       1.7025
    2873       1.8141
    2874       1.7454
    2875       1.7960
    2876       1.8053
    2877       1.7022
    2878       1.8419
    2879       1.7546
    2880       1.6989
    2881       1.6909
    2882       1.8129
    2883       1.7197
    2884       1.8977
    2885       1.8566
    2886       1.7673
    2887       1.7515
    2888       1.7843
    2889       1.7017
    2890       1.6177
    2891       1.5601
    2892       1.7173
    2893       1.7219
    2894       1.7996
    2895       1.6511
    2896       1.7230
    2897       1.7082
    2898       1.7271
    2899       1.6907
    2900       1.7746
    2901       1.7151
    2902       1.8091
    2903       1.6748
    2904       1.8001
    2905       1.7506
    2906       1.7080
    2907       1.6348
    2908       1.7409
    2909       1.7647
    2910       1.7240
    2911       1.6286
    2912       1.7982
    2913       2.0212
    2914       1.7824
    2915       1.7095
    2916       1.8332
    2917       1.7110
    2918       1.7139
    2919       1.6051
    2920       1.7275
    2921       1.6348
    2922       1.7408
    2923       1.7319
    2924       1.6742
    2925       1.7026
    2926       1.6948
    2927       1.6773
    2928       1.6513
    2929       1.6470
    2930       1.6996
    2931       1.5748
    2932       1.8884
    2933       1.8871
    2934       1.9215
    2935       1.6473
    2936       1.7407
    2937       1.6093
    2938       1.7458
    2939       1.8886
    2940       1.8091
    2941       2.1519
    2942       1.9701
    2943       1.7905
    2944       2.0033
    2945       1.9115
    2946       1.7777
    2947       1.7071
    2948       1.6716
    2949       1.7179
    2950       1.6302
    2951       1.6840
    2952       1.8439
    2953       1.7973
    2954       1.8377
    2955       1.9144
    2956       1.7569
    2957       1.8989
    2958       1.8789
    2959       1.7480
    2960       1.7417
    2961       1.7596
    2962       1.9527
    2963       1.9419
    2964       1.9151
    2965       1.8261
    2966       1.9186
    2967       1.8408
    2968       1.8952
    2969       1.7398
    2970       1.8242
    2971       1.8664
    2972       1.9799
    2973       1.7998
    2974       1.8263
    2975       1.7819
    2976       1.7351
    2977       1.7486
    2978       1.6328
    2979       1.8335
    2980       1.7121
    2981       1.7139
    2982       1.6623
    2983       1.6633
    2984       1.6614
    2985       1.6832
    2986       1.5423
    2987       1.7187
    2988       1.6907
    2989       1.7140
    2990       1.7537
    2991       1.7579
    2992       1.8242
    2993       1.7564
    2994       1.7898
    2995       1.7221
    2996       1.6956
    2997       1.7268
    2998       1.8902
    2999       1.8560
    3000       1.8090
    3001       1.7470
