0.269279
0.626397
0.991194
1.299472
1.598550
1.877733
2.199558
2.505723
2.784291
3.066046
3.342762
3.674255
3.977071
4.253921
4.503042
4.803325
5.115172
5.501626
5.841907
6.211101
6.537064
6.882414
7.165794
7.502548
7.910465
8.315728
8.729969
9.175025
9.558651
9.871882
10.238228
10.628765
10.996676
11.373290
11.777155
12.126318
12.477589
12.844950
13.237049
13.658219
14.047401
14.437241
14.821961
15.187730
15.611915
15.943630
16.297240
16.632451
16.953715
17.327560
17.743612
18.076292
18.446832
18.821746
19.180449
19.569962
19.967042
20.358003
20.746452
21.118542
21.490158
21.890077
22.256128
22.616823
23.001275
23.382249
23.729050
24.091518
24.464082
24.828451
25.211715
25.571973
25.917379
26.262232
26.616842
26.932653
27.302134
27.657380
28.029297
28.414731
28.790810
29.159297
29.508655
29.880017
30.251550
30.598083
30.962785
31.313949
31.660885
32.061846
32.453040
32.863988
33.216995
33.599208
33.944024
34.306089
34.690106
35.020788
35.377044
35.724533
36.096919
36.444667
36.824339
37.214744
37.568645
37.939840
38.281382
38.660863
39.025916
39.383406
39.766533
40.154941
40.549643
40.908419
41.331765
41.736051
42.150941
42.602363
43.080249
43.540848
43.965475
44.382337
44.801283
45.252917
45.660995
46.074833
46.492547
46.900183
47.289314
47.702372
48.075844
48.485762
48.885505
49.315050
49.687132
50.082369
50.512019
50.879930
51.278926
51.657951
52.025127
52.423135
52.799785
53.192672
53.553787
53.917108
54.290715
54.659145
55.048834
55.408666
55.787831
56.186885
56.564582
56.937826
57.329639
57.714699
58.075921
58.456609
58.833232
59.200439
59.560758
59.945543
60.340229
60.735024
61.129110
61.567211
61.976438
62.372945
62.719642
63.072396
63.469653
63.815546
64.207883
64.578814
64.951644
65.393280
65.861911
66.249362
66.661384
67.029813
67.416074
67.823725
68.236115
68.657453
69.075368
69.426710
69.801394
70.195384
70.597012
70.975940
71.374239
71.779242
72.159595
72.536376
72.895502
73.254687
73.646014
74.015492
74.384799
74.810704
75.200338
75.577622
76.012219
76.398879
76.779758
77.162562
77.545921
77.918362
78.297299
78.681831
79.033420
79.386034
79.743095
80.103666
80.467974
80.893393
81.353532
81.746878
82.174552
82.683778
83.061646
83.484020
83.894980
84.319170
84.729648
85.119448
85.521199
85.954617
86.344352
86.759759
87.146299
87.590870
87.968349
88.362076
88.794186
89.195047
89.596355
90.038702
90.508312
90.941535
91.358360
91.797162
92.196107
92.546833
92.930084
93.281848
93.679873
94.047693
94.460849
94.858204
95.278335
95.702837
96.096919
96.539467
96.969466
97.450154
97.877438
98.304119
98.732504
99.152056
99.620769
100.037446
100.386715
100.742955
101.100426
101.457370
101.854221
102.246380
102.650326
103.024006
103.397513
103.782959
104.198271
104.651410
105.028574
105.398878
105.801913
106.161554
106.562986
106.928667
107.292480
107.655296
108.030528
108.423637
108.842602
109.243246
109.621997
110.012739
110.422168
110.817702
111.228192
111.602480
112.055443
112.476158
112.936504
113.344345
113.757225
114.213814
114.737435
115.167847
115.558413
115.950124
116.321318
116.795596
117.202709
117.582378
117.990092
118.408559
118.787968
119.189867
119.567984
119.970965
120.379392
120.791184
121.181302
121.614834
122.009072
122.441249
122.873191
123.276943
123.696352
124.128228
124.522490
124.924303
125.374852
125.815291
126.261150
126.721142
127.144162
127.601355
128.065261
128.505162
128.919479
129.327585
129.717717
130.177263
130.612788
131.034035
131.461835
131.838550
132.297239
132.775185
133.205426
133.645551
134.101990
134.499286
134.873695
135.264687
135.649408
136.038589
136.426082
136.864529
137.277796
137.703921
138.166092
138.688861
139.175757
139.646485
140.150607
140.598880
141.031372
141.461125
141.897325
142.320320
142.715546
143.156282
143.626230
144.083951
144.590036
145.052791
145.513985
145.952805
146.351429
146.809230
147.240141
147.660174
148.093112
148.560128
148.943808
149.341736
149.752427
150.160942
150.592605
150.984113
151.342266
151.750951
152.188638
152.639581
153.054434
153.477861
153.922865
154.327144
154.764354
155.184679
155.643318
156.035261
156.461432
156.843589
157.202569
157.597185
158.003856
158.361174
158.759201
159.255471
159.726064
160.108570
160.595715
161.038155
161.492051
161.976017
162.434122
162.848316
163.264345
163.737126
164.136581
164.547773
165.011252
165.482299
165.963191
166.429073
166.932268
167.463419
167.982404
168.468613
168.958750
169.393700
169.873159
170.344679
170.809020
171.304733
171.778055
172.221889
172.678005
173.173368
173.621432
174.078512
174.531228
174.950153
175.394011
175.858574
176.326378
176.793404
177.238921
177.675767
178.142464
178.600779
179.043148
179.510307
179.965728
180.450110
180.941887
181.400399
181.964370
182.405965
182.924812
183.416554
183.890620
184.385953
184.853861
185.319629
185.814971
186.302452
186.780992
187.207733
187.657104
188.090931
188.540135
188.954849
189.313913
189.757325
190.205466
190.644793
191.053576
191.425914
191.870740
192.279908
192.752442
193.155799
193.633090
194.068154
194.493328
194.921239
195.333925
195.768189
196.206687
196.672205
197.090539
197.533071
197.939772
198.368709
198.819381
199.247464
199.666981
200.090876
200.527909
200.967591
201.392610
201.853209
202.272545
202.678184
203.099783
203.543381
203.934925
204.339977
204.771516
205.255416
205.741110
206.222350
206.658444
207.131480
207.568210
208.000083
208.455760
208.906916
209.377859
209.807150
210.225060
210.687916
211.137231
211.599514
212.099431
212.556281
213.013693
213.436233
213.878876
214.288431
214.706359
215.128029
215.608052
216.065966
216.544641
217.003411
217.456130
217.885369
218.270503
218.724445
219.220374
219.726120
220.128900
220.595642
221.040306
221.449786
221.925114
222.346984
222.762289
223.205165
223.644195
224.126679
224.571338
224.973673
225.397296
225.801937
226.235828
226.654531
227.082021
227.505037
227.930732
228.319829
228.754280
229.187530
229.627618
230.054232
230.510847
230.965279
231.384402
231.815309
232.221722
232.702297
233.170200
233.598060
234.062728
234.488221
234.946055
235.395779
235.847647
236.280222
236.740477
237.155655
237.569103
238.021728
238.444707
238.882860
239.312912
239.736707
240.162291
240.618656
241.030455
241.476569
241.939238
242.377198
242.856384
243.337963
243.771298
244.187001
244.591295
245.010798
245.445431
245.825022
246.222130
246.625483
247.063031
