#Frame         myrmsd
       1       0.0000
       2       1.2096
       3       1.3000
       4       1.2752
       5       1.3571
       6       1.3353
       7       1.3556
       8       1.3022
       9       1.2148
      10       1.4811
      11       1.5484
      12       1.7343
      13       1.7163
      14       1.6531
      15       1.6659
      16       1.7012
      17       1.6795
      18       1.6115
      19       1.7858
      20       1.7045
      21       1.7112
      22       1.5859
      23       1.6757
      24       1.7376
      25       1.6311
      26       1.7209
      27       1.8057
      28       1.7887
      29       1.6735
      30       1.5606
      31       1.5590
      32       1.6216
      33       1.7460
      34       1.7439
      35       1.7153
      36       1.7066
      37       1.6115
      38       1.6795
      39       1.7020
      40       1.7266
      41       1.7097
      42       1.7979
      43       1.7373
      44       1.7858
      45       1.7647
      46       1.6856
      47       1.9104
      48       1.7394
      49       1.7532
      50       1.7042
      51       1.7655
      52       1.8068
      53       1.7211
      54       1.6661
      55       1.6073
      56       1.5454
      57       1.6042
      58       1.7602
      59       1.8032
      60       1.7699
      61       1.7009
      62       1.6404
      63       1.6215
      64       1.7273
      65       1.7518
      66       1.6815
      67       1.7338
      68       1.7799
      69       1.7595
      70       1.9813
      71       1.7690
      72       1.7852
      73       1.9593
      74       1.8631
      75       1.8337
      76       1.8042
      77       1.8371
      78       1.8056
      79       1.8405
      80       1.8949
      81       1.7692
      82       1.9605
      83       1.9455
      84       2.0163
      85       1.9007
      86       1.8848
      87       2.0976
      88       1.8184
      89       1.7203
      90       1.8699
      91       1.8522
      92       1.9064
      93       1.7305
      94       1.8824
      95       2.0168
      96       2.0317
      97       2.0505
      98       2.1465
      99       1.9015
     100       1.7722
     101       1.9936
     102       1.9383
     103       2.0424
     104       2.0187
     105       1.8994
     106       1.9676
     107       1.9260
     108       1.9155
     109       1.9606
     110       1.9498
     111       2.1663
     112       2.1032
     113       1.9801
     114       1.8952
     115       1.8718
     116       1.8923
     117       2.0595
     118       2.0367
     119       1.9468
     120       2.0395
     121       2.1769
     122       1.8544
     123       1.8917
     124       2.0289
     125       1.9031
     126       1.8661
     127       1.7564
     128       1.8909
     129       1.9335
     130       1.7739
     131       1.7844
     132       1.8352
     133       1.8981
     134       1.8614
     135       1.8659
     136       1.8056
     137       1.9524
     138       1.9256
     139       1.9936
     140       1.9720
     141       2.0328
     142       1.8817
     143       2.1033
     144       1.9336
     145       2.1086
     146       1.9696
     147       2.0837
     148       1.9684
     149       2.0156
     150       2.0129
     151       1.9958
     152       2.0572
     153       2.2340
     154       2.0759
     155       2.2946
     156       2.0906
     157       2.2299
     158       2.0409
     159       2.2105
     160       1.9765
     161       2.0488
     162       1.9132
     163       2.0380
     164       2.0069
     165       2.0065
     166       2.0890
     167       1.8714
     168       1.9700
     169       2.0524
     170       2.1242
     171       2.0139
     172       2.2214
     173       2.2089
     174       2.0919
     175       2.0800
     176       1.9780
     177       1.9484
     178       2.0480
     179       2.0532
     180       1.9523
     181       2.0186
     182       2.0066
     183       1.9428
     184       1.9239
     185       1.8227
     186       1.8798
     187       2.1036
     188       2.0374
     189       2.0553
     190       2.1721
     191       2.1731
     192       2.1658
     193       2.0597
     194       1.9814
     195       2.1166
     196       2.0313
     197       2.1606
     198       2.1688
     199       2.2021
     200       2.1719
     201       2.0852
     202       2.0358
     203       1.9791
     204       2.1033
     205       2.1840
     206       2.2300
     207       2.1804
     208       2.0371
     209       2.1380
     210       1.8878
     211       2.0376
     212       2.1934
     213       2.0756
     214       2.0990
     215       2.1603
     216       2.2105
     217       2.2413
     218       2.2575
     219       2.3477
     220       2.3715
     221       2.1770
     222       2.2109
     223       2.1543
     224       2.2306
     225       2.1799
     226       2.1937
     227       2.1861
     228       2.0869
     229       2.0812
     230       2.1865
     231       2.0496
     232       2.0542
     233       2.0909
     234       2.0885
     235       2.0467
     236       2.0370
     237       2.0149
     238       2.0759
     239       1.9551
     240       1.9950
     241       1.9782
     242       2.1017
     243       2.0956
     244       2.0387
     245       1.9548
     246       1.9543
     247       1.9441
     248       1.9611
     249       1.9112
     250       1.8344
     251       1.9531
     252       1.8632
     253       1.8826
     254       1.8813
     255       1.8477
     256       1.9757
     257       1.8974
     258       1.9351
     259       1.8806
     260       1.9917
     261       2.0495
     262       1.8787
     263       2.0159
     264       2.0296
     265       1.9362
     266       1.9114
     267       1.9612
     268       1.8559
     269       1.8284
     270       1.9021
     271       1.9896
     272       1.9907
     273       1.8672
     274       1.8199
     275       1.9592
     276       2.0333
     277       2.1266
     278       2.0191
     279       1.9072
     280       1.9626
     281       1.9349
     282       1.8298
     283       1.9866
     284       1.9164
     285       1.8799
     286       1.8614
     287       1.8958
     288       2.0631
     289       1.9297
     290       2.0589
     291       2.1076
     292       1.8948
     293       2.0446
     294       1.9965
     295       1.9255
     296       2.1253
     297       1.9360
     298       1.9180
     299       1.8963
     300       1.8328
     301       1.8542
     302       1.7667
     303       1.7971
     304       1.8409
     305       1.9172
     306       1.7802
     307       1.8268
     308       1.7969
     309       1.8648
     310       1.8379
     311       1.7812
     312       1.6995
     313       1.8764
     314       2.0013
     315       1.9285
     316       1.8796
     317       1.9747
     318       1.8609
     319       1.9243
     320       1.8204
     321       2.0150
     322       1.9816
     323       1.8290
     324       1.6875
     325       1.9343
     326       1.8603
     327       1.7858
     328       1.8315
     329       2.0480
     330       1.8043
     331       1.8904
     332       2.0634
     333       2.0192
     334       1.9495
     335       2.0930
     336       2.0238
     337       1.9874
     338       1.8379
     339       2.0210
     340       2.1899
     341       2.1355
     342       2.0404
     343       1.9980
     344       1.9684
     345       1.9278
     346       1.9704
     347       2.0429
     348       2.1338
     349       2.0577
     350       1.9466
     351       2.0380
     352       2.1808
     353       2.0545
     354       2.1108
     355       1.9878
     356       1.9484
     357       1.9101
     358       2.0636
     359       2.1007
     360       2.0936
     361       1.9882
     362       2.0376
     363       2.1214
     364       2.0851
     365       2.1462
     366       2.0815
     367       2.0282
     368       2.0151
     369       2.0392
     370       2.0676
     371       2.0779
     372       2.0522
     373       2.0444
     374       2.0406
     375       2.1429
     376       2.1134
     377       2.0506
     378       2.0834
     379       2.2183
     380       2.0932
     381       1.9697
     382       2.1153
     383       2.0476
     384       2.1306
     385       2.1025
     386       2.1668
     387       2.1898
     388       2.0760
     389       2.0763
     390       1.8820
     391       1.9841
     392       2.0897
     393       2.0474
     394       2.1061
     395       2.1618
     396       2.2201
     397       2.0581
     398       2.0684
     399       2.1102
     400       2.0393
     401       2.1804
     402       2.0327
     403       1.9166
     404       2.0342
     405       1.9518
     406       2.1363
     407       2.0532
     408       2.0415
     409       2.2133
     410       1.9828
     411       2.1388
     412       1.9070
     413       2.1710
     414       2.1725
     415       2.2063
     416       2.1341
     417       2.1010
     418       2.0147
     419       2.0020
     420       1.9599
     421       1.9620
     422       1.8790
     423       1.9817
     424       1.8875
     425       1.9443
     426       2.0643
     427       2.0182
     428       1.8505
     429       1.8944
     430       1.9570
     431       1.9018
     432       1.8295
     433       2.0155
     434       1.8996
     435       1.8738
     436       1.9120
     437       1.8613
     438       2.0044
     439       2.0180
     440       2.0127
     441       1.9117
     442       1.9470
     443       1.9312
     444       1.9878
     445       2.0005
     446       1.9866
     447       1.9863
     448       1.9050
     449       2.0166
     450       2.0667
     451       2.1562
     452       1.9691
     453       2.0320
     454       2.0108
     455       2.1195
     456       1.9991
     457       2.1095
     458       2.1055
     459       2.0794
     460       2.0858
     461       2.0826
     462       2.0490
     463       2.0857
     464       2.1322
     465       1.9711
     466       2.0347
     467       2.0236
     468       2.0876
     469       1.9717
     470       2.0717
     471       2.0017
     472       1.9940
     473       2.0273
     474       2.0372
     475       2.0611
     476       2.0567
     477       2.1875
     478       2.0172
     479       2.1664
     480       2.0559
     481       2.1593
     482       2.1860
     483       1.9287
     484       2.1214
     485       2.0430
     486       2.0544
     487       2.0610
     488       2.0303
     489       2.2352
     490       2.1124
     491       2.1252
     492       2.0301
     493       2.1530
     494       2.1035
     495       2.1552
     496       2.1617
     497       2.1089
     498       2.0444
     499       2.0312
     500       1.9999
     501       2.0850
     502       2.1809
     503       2.0588
     504       2.1017
     505       2.0425
     506       2.0778
     507       2.0932
     508       2.2311
     509       2.0212
     510       2.0971
     511       2.0886
     512       2.0271
     513       2.0052
     514       2.0849
     515       2.3003
     516       2.2393
     517       2.1870
     518       2.0418
     519       2.1503
     520       2.0978
     521       2.0124
     522       2.1646
     523       2.1074
     524       2.0510
     525       2.0491
     526       2.0368
     527       2.0830
     528       2.1927
     529       2.1165
     530       2.0569
     531       2.0375
     532       2.1089
     533       2.0571
     534       2.1364
     535       2.0091
     536       2.0259
     537       2.0739
     538       2.0321
     539       2.0966
     540       2.0218
     541       2.0014
     542       2.2130
     543       2.0348
     544       2.0777
     545       1.9537
     546       1.9948
     547       2.1589
     548       2.0565
     549       1.9821
     550       1.9779
     551       2.0570
     552       1.9402
     553       2.0355
     554       2.1125
     555       2.0005
     556       2.0153
     557       1.9677
     558       2.0926
     559       1.9873
     560       2.0181
     561       1.9579
     562       1.9664
     563       2.0577
     564       2.0092
     565       2.1020
     566       2.1360
     567       1.9937
     568       2.2083
     569       2.0373
     570       2.0530
     571       2.0062
     572       2.1278
     573       2.0892
     574       2.1636
     575       2.3247
     576       2.1444
     577       2.0812
     578       2.2273
     579       2.2068
     580       2.2855
     581       2.2183
     582       2.1089
     583       2.0934
     584       2.2018
     585       2.2316
     586       2.0784
     587       2.2177
     588       2.2214
     589       2.0795
     590       2.2162
     591       2.0658
     592       2.1658
     593       2.1676
     594       2.2978
     595       2.2028
     596       2.2106
     597       2.1390
     598       2.1699
     599       2.2027
     600       2.2979
     601       2.3716
     602       2.3112
     603       2.2843
     604       2.3491
     605       2.3210
     606       2.2009
     607       2.2702
     608       2.3598
     609       2.3441
     610       2.3845
     611       2.4653
     612       2.5458
     613       2.3755
     614       2.5143
     615       2.4141
     616       2.4735
     617       2.3137
     618       2.4779
     619       2.3900
     620       2.4042
     621       2.3380
     622       2.3585
     623       2.4731
     624       2.3471
     625       2.4351
     626       2.3979
     627       2.3812
     628       2.4430
     629       2.3968
     630       2.4540
     631       2.3831
     632       2.3470
     633       2.2448
     634       2.2588
     635       2.3182
     636       2.3368
     637       2.3227
     638       2.3948
     639       2.2008
     640       2.3551
     641       2.1632
     642       2.2317
     643       2.4782
     644       2.4045
     645       2.3735
     646       2.3633
     647       2.5059
     648       2.3971
     649       2.3273
     650       2.2638
     651       2.3226
     652       2.3661
     653       2.3746
     654       2.4483
     655       2.4089
     656       2.5612
     657       2.2643
     658       2.3364
     659       2.2828
     660       2.3189
     661       2.2825
     662       2.2303
     663       2.2931
     664       2.2644
     665       2.2595
     666       2.3590
     667       2.3589
     668       2.3316
     669       2.2767
     670       2.2579
     671       2.1856
     672       2.2883
     673       2.2687
     674       2.3829
     675       2.3491
     676       2.2898
     677       2.2609
     678       2.2606
     679       2.3993
     680       2.3411
     681       2.3066
     682       2.2704
     683       2.1990
     684       2.0781
     685       2.2420
     686       2.2680
     687       2.3082
     688       2.2945
     689       2.3190
     690       2.2820
     691       2.4265
     692       2.4856
     693       2.4301
     694       2.4516
     695       2.3599
     696       2.4373
     697       2.3874
     698       2.2939
     699       2.3188
     700       2.2370
     701       2.2972
     702       2.4214
     703       2.2868
     704       2.3134
     705       2.4730
     706       2.3465
     707       2.2374
     708       2.2684
     709       2.2791
     710       2.2653
     711       2.1612
     712       2.1627
     713       2.1868
     714       2.2361
     715       2.2139
     716       2.2179
     717       2.1801
     718       2.3489
     719       2.3503
     720       2.2310
     721       2.3230
     722       2.3296
     723       2.1403
     724       2.3750
     725       2.2498
     726       2.3131
     727       2.1711
     728       2.1874
     729       2.2837
     730       2.3139
     731       2.3436
     732       2.3757
     733       2.3405
     734       2.2554
     735       2.3449
     736       2.3490
     737       2.2454
     738       2.3097
     739       2.2376
     740       2.2152
     741       2.1044
     742       2.3185
     743       2.1769
     744       2.1034
     745       2.2336
     746       2.1512
     747       2.1576
     748       2.1950
     749       2.0906
     750       2.1730
     751       2.0373
     752       2.2771
     753       2.1527
     754       2.1712
     755       2.1622
     756       2.1982
     757       2.1787
     758       2.3263
     759       2.1962
     760       2.2808
     761       2.1727
     762       2.2590
     763       2.1016
     764       2.1138
     765       2.2377
     766       2.2135
     767       2.2509
     768       2.2331
     769       2.2221
     770       2.3322
     771       2.1840
     772       2.2965
     773       2.2284
     774       2.2743
     775       2.3260
     776       2.3914
     777       2.2713
     778       2.3688
     779       2.2490
     780       2.4444
     781       2.4283
     782       2.3249
     783       2.4131
     784       2.5343
     785       2.3999
     786       2.4212
     787       2.4884
     788       2.5753
     789       2.3649
     790       2.3321
     791       2.3945
     792       2.4534
     793       2.5721
     794       2.5414
     795       2.3056
     796       2.5423
     797       2.5515
     798       2.4291
     799       2.4212
     800       2.3529
     801       2.4285
     802       2.3263
     803       2.3312
     804       2.3751
     805       2.3510
     806       2.4035
     807       2.3730
     808       2.4558
     809       2.3199
     810       2.2602
     811       2.3189
     812       2.2259
     813       2.2551
     814       2.3125
     815       2.2938
     816       2.5895
     817       2.2796
     818       2.3870
     819       2.2621
     820       2.3843
     821       2.2873
     822       2.2708
     823       2.4087
     824       2.4329
     825       2.3038
     826       2.4150
     827       2.4165
     828       2.2245
     829       2.4875
     830       2.3240
     831       2.4910
     832       2.2797
     833       2.5514
     834       2.3690
     835       2.4206
     836       2.5425
     837       2.3007
     838       2.3272
     839       2.4167
     840       2.2967
     841       2.3978
     842       2.4121
     843       2.4655
     844       2.3958
     845       2.3959
     846       2.3621
     847       2.4798
     848       2.3779
     849       2.2739
     850       2.4691
     851       2.4357
     852       2.4866
     853       2.4632
     854       2.5075
     855       2.4278
     856       2.4039
     857       2.4036
     858       2.3337
     859       2.3166
     860       2.3827
     861       2.4564
     862       2.2828
     863       2.3991
     864       2.4021
     865       2.3109
     866       2.3718
     867       2.4157
     868       2.1839
     869       2.3394
     870       2.2946
     871       2.3702
     872       2.1786
     873       2.3944
     874       2.1749
     875       2.5888
     876       2.3535
     877       2.3270
     878       2.3276
     879       2.2864
     880       2.2036
     881       2.3540
     882       2.2120
     883       2.2073
     884       2.3819
     885       2.3491
     886       2.3195
     887       2.3404
     888       2.3687
     889       2.3404
     890       2.3081
     891       2.4374
     892       2.3192
     893       2.4818
     894       2.2712
     895       2.3796
     896       2.3139
     897       2.2736
     898       2.3634
     899       2.3953
     900       2.3640
     901       2.2681
     902       2.4244
     903       2.4573
     904       2.2947
     905       2.5098
     906       2.2998
     907       2.3436
     908       2.3844
     909       2.4271
     910       2.3086
     911       2.3934
     912       2.3370
     913       2.2354
     914       2.3355
     915       2.3276
     916       2.4331
     917       2.3480
     918       2.3689
     919       2.3868
     920       2.3798
     921       2.3229
     922       2.3280
     923       2.3078
     924       2.3307
     925       2.4365
     926       2.3874
     927       2.3717
     928       2.4866
     929       2.4332
     930       2.4946
     931       2.4993
     932       2.4542
     933       2.4037
     934       2.3689
     935       2.4980
     936       2.5263
     937       2.3927
     938       2.4972
     939       2.4068
     940       2.2983
     941       2.7702
     942       2.3850
     943       2.5215
     944       2.4690
     945       2.2070
     946       2.4036
     947       2.4548
     948       2.3869
     949       2.5638
     950       2.3606
     951       2.3566
     952       2.3149
     953       2.3170
     954       2.4026
     955       2.4420
     956       2.3011
     957       2.3430
     958       2.3263
     959       2.3356
     960       2.3850
     961       2.1624
     962       2.4238
     963       2.4424
     964       2.3393
     965       2.1436
     966       2.2607
     967       2.2062
     968       2.1487
     969       2.2041
     970       2.1623
     971       2.2161
     972       2.2115
     973       2.1893
     974       2.3333
     975       2.3162
     976       2.1524
     977       2.1911
     978       2.2289
     979       2.2516
     980       2.2026
     981       2.4247
     982       2.2163
     983       2.3465
     984       2.2563
     985       2.2349
     986       2.3147
     987       2.3442
     988       2.2155
     989       2.4947
     990       2.2294
     991       2.4129
     992       2.4779
     993       2.3927
     994       2.2155
     995       2.3467
     996       2.4275
     997       2.3102
     998       2.3722
     999       2.2549
    1000       2.3320
    1001       2.3259
    1002       2.3411
    1003       2.2178
    1004       2.4194
    1005       2.3850
    1006       2.3317
    1007       2.3177
    1008       2.3622
    1009       2.2181
    1010       2.2752
    1011       2.2753
    1012       2.2323
    1013       2.3678
    1014       2.2276
    1015       2.1280
    1016       2.2984
    1017       2.3440
    1018       2.3948
    1019       2.1799
    1020       2.3563
    1021       2.2925
    1022       2.2983
    1023       2.3679
    1024       2.3199
    1025       2.3967
    1026       2.4127
    1027       2.4049
    1028       2.3536
    1029       2.4091
    1030       2.3568
    1031       2.2768
    1032       2.1659
    1033       2.1048
    1034       2.2809
    1035       2.2340
    1036       2.2840
    1037       2.2630
    1038       2.2610
    1039       2.3049
    1040       2.2069
    1041       2.4389
    1042       2.4190
    1043       2.3597
    1044       2.3371
    1045       2.2340
    1046       2.3380
    1047       2.3443
    1048       2.3906
    1049       2.3906
    1050       2.3736
    1051       2.3830
    1052       2.4317
    1053       2.2751
    1054       2.3277
    1055       2.1386
    1056       2.3444
    1057       2.1385
    1058       2.2943
    1059       2.2128
    1060       2.3373
    1061       2.4792
    1062       2.3685
    1063       2.2525
    1064       2.2499
    1065       2.2347
    1066       2.3658
    1067       2.2192
    1068       2.3348
    1069       2.2937
    1070       2.2761
    1071       2.3478
    1072       2.1927
    1073       2.2172
    1074       2.2104
    1075       2.2753
    1076       2.2941
    1077       2.3109
    1078       2.2915
    1079       2.2110
    1080       2.3174
    1081       2.1613
    1082       2.1996
    1083       2.2456
    1084       2.0324
    1085       2.1387
    1086       2.1081
    1087       2.2055
    1088       2.1438
    1089       2.2579
    1090       2.1789
    1091       2.1819
    1092       2.1184
    1093       2.2122
    1094       2.1276
    1095       2.1258
    1096       2.2101
    1097       2.2406
    1098       2.2672
    1099       2.2272
    1100       2.1781
    1101       2.2379
    1102       2.1795
    1103       2.2099
    1104       2.3035
    1105       2.1047
    1106       2.2398
    1107       2.1601
    1108       2.5408
    1109       2.3962
    1110       2.3736
    1111       2.3116
    1112       2.2928
    1113       2.2831
    1114       2.2650
    1115       2.2919
    1116       2.2845
    1117       2.0623
    1118       2.1900
    1119       2.1145
    1120       2.3570
    1121       2.2403
    1122       2.3851
    1123       2.3702
    1124       2.2714
    1125       2.2960
    1126       2.4449
    1127       2.5245
    1128       2.2936
    1129       2.3916
    1130       2.3015
    1131       2.2619
    1132       2.2461
    1133       2.3348
    1134       2.2876
    1135       2.2115
    1136       2.2356
    1137       2.1947
    1138       2.4631
    1139       2.2732
    1140       2.1670
    1141       2.0765
    1142       2.1969
    1143       2.2450
    1144       2.1727
    1145       2.2915
    1146       2.1293
    1147       2.2603
    1148       2.2095
    1149       2.2388
    1150       2.2786
    1151       2.2991
    1152       2.2334
    1153       2.1601
    1154       2.2583
    1155       2.2803
    1156       2.3185
    1157       2.4208
    1158       2.2765
    1159       2.2666
    1160       2.3364
    1161       2.4232
    1162       2.1836
    1163       2.3115
    1164       2.4209
    1165       2.4907
    1166       2.3094
    1167       2.3047
    1168       2.2760
    1169       2.3284
    1170       2.3576
    1171       2.3330
    1172       2.4025
    1173       2.3193
    1174       2.2684
    1175       2.2423
    1176       2.2926
    1177       2.4039
    1178       2.3732
    1179       2.3864
    1180       2.2461
    1181       2.3423
    1182       2.3311
    1183       2.2355
    1184       2.3476
    1185       2.2405
    1186       2.3159
    1187       2.2671
    1188       2.2511
    1189       2.3213
    1190       2.3401
    1191       2.2690
    1192       2.3214
    1193       2.3375
    1194       2.2596
    1195       2.2114
    1196       2.2569
    1197       2.2799
    1198       2.3936
    1199       2.3628
    1200       2.3065
    1201       2.2681
    1202       2.2689
    1203       2.2802
    1204       2.4451
    1205       2.3599
    1206       2.3609
    1207       2.3690
    1208       2.2649
    1209       2.2999
    1210       2.4496
    1211       2.3643
    1212       2.2093
    1213       2.2016
    1214       2.3823
    1215       2.2710
    1216       2.3491
    1217       2.1925
    1218       2.2863
    1219       2.4074
    1220       2.3334
    1221       2.3492
    1222       2.2744
    1223       2.3183
    1224       2.3290
    1225       2.3613
    1226       2.3299
    1227       2.2890
    1228       2.2844
    1229       2.2182
    1230       2.3354
    1231       2.3456
    1232       2.2853
    1233       2.1723
    1234       2.3178
    1235       2.2555
    1236       2.3111
    1237       2.2724
    1238       2.3885
    1239       2.3534
    1240       2.3048
    1241       2.3515
    1242       2.3821
    1243       2.3309
    1244       2.4780
    1245       2.2100
    1246       2.1688
    1247       2.1765
    1248       2.2854
    1249       2.3214
    1250       2.3076
    1251       2.2874
    1252       2.2666
    1253       2.2659
    1254       2.0648
    1255       2.2564
    1256       2.3475
    1257       2.2986
    1258       2.2293
    1259       2.3936
    1260       2.2482
    1261       2.3275
    1262       2.2835
    1263       2.2527
    1264       2.3952
    1265       2.2723
    1266       2.4002
    1267       2.3461
    1268       2.2985
    1269       2.2191
    1270       2.3484
    1271       2.3767
    1272       2.2752
    1273       2.3295
    1274       2.3480
    1275       2.1131
    1276       2.3262
    1277       2.2083
    1278       2.2659
    1279       2.2773
    1280       2.1920
    1281       2.1305
    1282       2.1156
    1283       2.1832
    1284       2.3557
    1285       2.1835
    1286       2.3302
    1287       2.2894
    1288       2.2179
    1289       2.2068
    1290       2.2637
    1291       2.2572
    1292       2.2312
    1293       2.1359
    1294       2.1228
    1295       2.2010
    1296       2.3296
    1297       2.2913
    1298       2.1727
    1299       2.1814
    1300       2.1820
    1301       2.2812
    1302       2.2665
    1303       2.4946
    1304       2.5387
    1305       2.3018
    1306       2.1590
    1307       2.2070
    1308       2.2282
    1309       2.3223
    1310       2.3856
    1311       2.3935
    1312       2.3527
    1313       2.4687
    1314       2.4834
    1315       2.3703
    1316       2.2137
    1317       2.4102
    1318       2.2762
    1319       2.3766
    1320       2.4441
    1321       2.3401
    1322       2.4265
    1323       2.4896
    1324       2.6028
    1325       2.4278
    1326       2.3731
    1327       2.3497
    1328       2.3899
    1329       2.5061
    1330       2.3965
    1331       2.5289
    1332       2.4700
    1333       2.4913
    1334       2.4231
    1335       2.4084
    1336       2.3820
    1337       2.5648
    1338       2.3721
    1339       2.5856
    1340       2.2464
    1341       2.4903
    1342       2.3673
    1343       2.5281
    1344       2.3369
    1345       2.2877
    1346       2.3810
    1347       2.4601
    1348       2.4874
    1349       2.3250
    1350       2.3259
    1351       2.4052
    1352       2.4253
    1353       2.3946
    1354       2.4368
    1355       2.4340
    1356       2.3750
    1357       2.3752
    1358       2.2791
    1359       2.3134
    1360       2.3415
    1361       2.3616
    1362       2.4296
    1363       2.6855
    1364       2.3665
    1365       2.4669
    1366       2.3610
    1367       2.3220
    1368       2.5262
    1369       2.4917
    1370       2.3359
    1371       2.5074
    1372       2.3389
    1373       2.4296
    1374       2.4652
    1375       2.3702
    1376       2.3598
    1377       2.5602
    1378       2.5069
    1379       2.5969
    1380       2.5451
    1381       2.3696
    1382       2.5129
    1383       2.4446
    1384       2.4777
    1385       2.5915
    1386       2.5401
    1387       2.3673
    1388       2.3244
    1389       2.3474
    1390       2.2648
    1391       2.3385
    1392       2.4292
    1393       2.4262
    1394       2.3900
    1395       2.4678
    1396       2.2477
    1397       2.4022
    1398       2.2960
    1399       2.3502
    1400       2.3626
    1401       2.4484
    1402       2.3246
    1403       2.3107
    1404       2.4330
    1405       2.3613
    1406       2.4398
    1407       2.2661
    1408       2.3298
    1409       2.4415
    1410       2.3340
    1411       2.5195
    1412       2.5310
    1413       2.3444
    1414       2.3127
    1415       2.4824
    1416       2.3249
    1417       2.5651
    1418       2.2665
    1419       2.2527
    1420       2.4044
    1421       2.2262
    1422       2.4573
    1423       2.2938
    1424       2.3469
    1425       2.2563
    1426       2.3247
    1427       2.2877
    1428       2.2894
    1429       2.3564
    1430       2.2252
    1431       2.3596
    1432       2.3708
    1433       2.3201
    1434       2.3829
    1435       2.4115
    1436       2.3009
    1437       2.2951
    1438       2.3186
    1439       2.2131
    1440       2.2571
    1441       2.2445
    1442       2.3119
    1443       2.2505
    1444       2.3380
    1445       2.2559
    1446       2.5036
    1447       2.3124
    1448       2.4075
    1449       2.3345
    1450       2.4449
    1451       2.5592
    1452       2.5436
    1453       2.4994
    1454       2.3716
    1455       2.2167
    1456       2.2845
    1457       2.3444
    1458       2.3935
    1459       2.5217
    1460       2.3565
    1461       2.2478
    1462       2.4798
    1463       2.4033
    1464       2.3021
    1465       2.3815
    1466       2.3515
    1467       2.3470
    1468       2.1726
    1469       2.3517
    1470       2.4528
    1471       2.3505
    1472       2.2627
    1473       2.3198
    1474       2.2954
    1475       2.3512
    1476       2.3085
    1477       2.2269
    1478       2.4500
    1479       2.2799
    1480       2.2174
    1481       2.4560
    1482       2.3815
    1483       2.2785
    1484       2.2701
    1485       2.1979
    1486       2.3519
    1487       2.2680
    1488       2.3759
    1489       2.3081
    1490       2.2317
    1491       2.2641
    1492       2.4239
    1493       2.4194
    1494       2.2804
    1495       2.1851
    1496       2.3142
    1497       2.3263
    1498       2.3299
    1499       2.4833
    1500       2.4419
    1501       2.2359
    1502       2.2353
    1503       2.3011
    1504       2.1609
    1505       2.1932
    1506       2.2548
    1507       2.2199
    1508       2.2900
    1509       2.1709
    1510       2.2457
    1511       2.1945
    1512       2.1867
    1513       2.2801
    1514       2.2032
    1515       2.1870
    1516       2.1976
    1517       2.2402
    1518       2.1965
    1519       2.3066
    1520       2.2952
    1521       2.4908
    1522       2.4131
    1523       2.2544
    1524       2.2933
    1525       2.4822
    1526       2.3426
    1527       2.4103
    1528       2.4616
    1529       2.3524
    1530       2.4373
    1531       2.4459
    1532       2.3211
    1533       2.4878
    1534       2.4812
    1535       2.4558
    1536       2.5313
    1537       2.4121
    1538       2.4819
    1539       2.4801
    1540       2.5091
    1541       2.4238
    1542       2.3337
    1543       2.4595
    1544       2.3337
    1545       2.2301
    1546       2.3592
    1547       2.1800
    1548       2.2538
    1549       2.2311
    1550       2.2891
    1551       2.2401
    1552       2.2949
    1553       2.4797
    1554       2.4596
    1555       2.4762
    1556       2.3552
    1557       2.3122
    1558       2.4482
    1559       2.4885
    1560       2.4099
    1561       2.3357
    1562       2.3365
    1563       2.3390
    1564       2.3209
    1565       2.2706
    1566       2.3744
    1567       2.4082
    1568       2.4134
    1569       2.3298
    1570       2.2636
    1571       2.3066
    1572       2.2419
    1573       2.2823
    1574       2.1737
    1575       2.2382
    1576       2.2299
    1577       2.3946
    1578       2.3387
    1579       2.2851
    1580       2.3293
    1581       2.2320
    1582       2.1391
    1583       2.2321
    1584       2.2163
    1585       2.1976
    1586       2.1703
    1587       2.1006
    1588       2.2331
    1589       2.2104
    1590       2.1919
    1591       2.2593
    1592       2.1459
    1593       2.2832
    1594       2.2587
    1595       2.2844
    1596       2.1551
    1597       2.1498
    1598       2.1972
    1599       2.1683
    1600       2.0904
    1601       2.1904
    1602       2.1572
    1603       2.3472
    1604       2.2046
    1605       2.0742
    1606       2.1342
    1607       2.1778
    1608       2.2521
    1609       2.3405
    1610       2.2072
    1611       2.1464
    1612       2.2408
    1613       2.1408
    1614       2.1817
    1615       2.1629
    1616       2.4057
    1617       2.2731
    1618       2.2258
    1619       2.2280
    1620       2.0378
    1621       2.1201
    1622       2.2319
    1623       2.1735
    1624       2.1413
    1625       2.1161
    1626       2.2371
    1627       2.2932
    1628       2.2023
    1629       2.1368
    1630       2.2693
    1631       2.2641
    1632       2.2490
    1633       2.1489
    1634       2.1607
    1635       2.2258
    1636       2.3307
    1637       2.1726
    1638       2.2766
    1639       2.1274
    1640       2.1112
    1641       2.0468
    1642       2.0141
    1643       2.2251
    1644       2.1497
    1645       2.0962
    1646       2.1752
    1647       2.2369
    1648       2.2549
    1649       2.3317
    1650       2.2661
    1651       2.5026
    1652       2.3325
    1653       2.4474
    1654       2.3364
    1655       2.2689
    1656       2.4876
    1657       2.4098
    1658       2.3864
    1659       2.4238
    1660       2.2269
    1661       2.2702
    1662       2.3138
    1663       2.3305
    1664       2.2987
    1665       2.2373
    1666       2.2529
    1667       2.3452
    1668       2.3688
    1669       2.2829
    1670       2.3343
    1671       2.5089
    1672       2.3298
    1673       2.3526
    1674       2.2630
    1675       2.2893
    1676       2.3227
    1677       2.1645
    1678       2.3105
    1679       2.2558
    1680       2.3349
    1681       2.2437
    1682       2.2019
    1683       2.3879
    1684       2.2592
    1685       2.4687
    1686       2.2505
    1687       2.4286
    1688       2.3925
    1689       2.5173
    1690       2.5200
    1691       2.3728
    1692       2.3360
    1693       2.3511
    1694       2.3945
    1695       2.3395
    1696       2.4261
    1697       2.3889
    1698       2.3147
    1699       2.5059
    1700       2.3160
    1701       2.3719
    1702       2.2723
    1703       2.2765
    1704       2.2163
    1705       2.1744
    1706       2.1851
    1707       2.2242
    1708       2.4242
    1709       2.2319
    1710       2.3351
    1711       2.3181
    1712       2.4976
    1713       2.3577
    1714       2.3430
    1715       2.3482
    1716       2.5156
    1717       2.4420
    1718       2.4225
    1719       2.4620
    1720       2.3771
    1721       2.4080
    1722       2.3830
    1723       2.2650
    1724       2.2128
    1725       2.4147
    1726       2.4927
    1727       2.5537
    1728       2.4448
    1729       2.3119
    1730       2.1832
    1731       2.3170
    1732       2.2529
    1733       2.3094
    1734       2.3464
    1735       2.2222
    1736       2.2988
    1737       2.2331
    1738       2.2644
    1739       2.2823
    1740       2.3272
    1741       2.3039
    1742       2.3473
    1743       2.3001
    1744       2.2380
    1745       2.2652
    1746       2.1834
    1747       2.1705
    1748       2.2686
    1749       2.1843
    1750       2.0917
    1751       2.2136
    1752       2.1872
    1753       2.1463
    1754       2.3683
    1755       2.4218
    1756       2.2379
    1757       2.3324
    1758       2.1196
    1759       2.0557
    1760       2.1352
    1761       2.3314
    1762       2.2008
    1763       2.2795
    1764       2.2594
    1765       2.3623
    1766       2.1785
    1767       2.2107
    1768       2.3535
    1769       2.2651
    1770       2.2693
    1771       2.2341
    1772       2.2262
    1773       2.3239
    1774       2.3100
    1775       2.1360
    1776       2.2830
    1777       2.1853
    1778       2.2895
    1779       2.3280
    1780       2.2942
    1781       2.2509
    1782       2.2669
    1783       2.1602
    1784       2.1080
    1785       2.1820
    1786       2.2034
    1787       2.1696
    1788       2.1587
    1789       2.0470
    1790       2.1734
    1791       2.3142
    1792       2.1312
    1793       2.1547
    1794       2.1876
    1795       2.1497
    1796       2.2598
    1797       2.2759
    1798       2.2274
    1799       2.2823
    1800       2.2394
    1801       2.0942
    1802       2.3406
    1803       2.2513
    1804       2.3987
    1805       2.2081
    1806       2.1605
    1807       2.3413
    1808       2.3850
    1809       2.3259
    1810       2.3032
    1811       2.5613
    1812       2.3499
    1813       2.2961
    1814       2.1850
    1815       2.5227
    1816       2.2990
    1817       2.2303
    1818       2.2571
    1819       2.2325
    1820       2.1282
    1821       2.0669
    1822       2.2733
    1823       2.3290
    1824       2.1431
    1825       2.2085
    1826       2.2055
    1827       2.2160
    1828       2.3558
    1829       2.2388
    1830       2.2180
    1831       2.2838
    1832       2.1198
    1833       2.1432
    1834       2.1907
    1835       2.3027
    1836       2.1776
    1837       2.2266
    1838       2.1873
    1839       2.1087
    1840       2.3532
    1841       2.2586
    1842       2.3381
    1843       2.3016
    1844       2.3099
    1845       2.3095
    1846       2.2480
    1847       2.2651
    1848       2.1380
    1849       2.2767
    1850       2.1589
    1851       2.1411
    1852       2.1702
    1853       2.2884
    1854       2.2816
    1855       2.1230
    1856       2.3026
    1857       2.2407
    1858       2.2270
    1859       2.2496
    1860       2.1941
    1861       2.2228
    1862       2.2023
    1863       2.3821
    1864       2.2655
    1865       2.4718
    1866       2.3484
    1867       2.2287
    1868       2.4631
    1869       2.2438
    1870       2.2789
    1871       2.3331
    1872       2.3348
    1873       2.3002
    1874       2.2432
    1875       2.3449
    1876       2.2056
    1877       2.1424
    1878       2.2145
    1879       2.2300
    1880       2.3824
    1881       2.1978
    1882       2.2697
    1883       2.1937
    1884       2.2507
    1885       2.2517
    1886       2.2327
    1887       2.3810
    1888       2.1332
    1889       2.2982
    1890       2.3167
    1891       2.2795
    1892       2.1271
    1893       2.3394
    1894       2.1207
    1895       2.3466
    1896       2.3301
    1897       2.3329
    1898       2.3518
    1899       2.2649
    1900       2.4565
    1901       2.3596
    1902       2.2445
    1903       2.3973
    1904       2.2378
    1905       2.1653
    1906       2.1579
    1907       2.1738
    1908       2.1331
    1909       2.1739
    1910       2.1724
    1911       2.0796
    1912       2.0225
    1913       2.1153
    1914       2.2594
    1915       2.1597
    1916       2.2106
    1917       2.0224
    1918       2.2120
    1919       2.0330
    1920       2.0714
    1921       2.2646
    1922       2.1363
    1923       2.3717
    1924       2.1537
    1925       2.1605
    1926       1.9459
    1927       2.0887
    1928       2.0638
    1929       2.1078
    1930       2.2683
    1931       2.1282
    1932       2.2218
    1933       2.2187
    1934       2.3395
    1935       2.2061
    1936       2.3753
    1937       2.2667
    1938       2.2491
    1939       2.1096
    1940       2.1124
    1941       2.3873
    1942       2.2621
    1943       2.3238
    1944       2.1911
    1945       2.2162
    1946       2.1846
    1947       2.2074
    1948       2.1906
    1949       2.1105
    1950       2.2531
    1951       2.2622
    1952       2.2326
    1953       2.2009
    1954       1.9844
    1955       2.1981
    1956       1.9506
    1957       2.1875
    1958       2.1187
    1959       2.1898
    1960       2.2303
    1961       2.0392
    1962       2.1754
    1963       2.1955
    1964       2.0635
    1965       2.2825
    1966       2.1582
    1967       2.2764
    1968       2.1365
    1969       2.1823
    1970       2.0661
    1971       2.1826
    1972       2.0608
    1973       2.1150
    1974       2.0035
    1975       1.9823
    1976       2.2262
    1977       2.0739
    1978       2.0996
    1979       2.1018
    1980       1.9860
    1981       1.9332
    1982       1.9718
    1983       2.0241
    1984       2.0783
    1985       2.2532
    1986       2.1768
    1987       2.2167
    1988       2.0423
    1989       2.2009
    1990       2.1731
    1991       2.3305
    1992       2.1704
    1993       2.1402
    1994       2.2382
    1995       2.1156
    1996       2.0740
    1997       2.1877
    1998       2.0670
    1999       2.1745
    2000       2.1241
    2001       2.0479
    2002       2.0643
    2003       2.2751
    2004       2.2651
    2005       2.1929
    2006       2.1136
    2007       2.1083
    2008       2.2017
    2009       2.1442
    2010       2.3869
    2011       2.1581
    2012       2.1317
    2013       2.3765
    2014       2.1954
    2015       2.2308
    2016       2.3806
    2017       2.1132
    2018       2.2064
    2019       2.0547
    2020       2.1589
    2021       2.3324
    2022       2.4472
    2023       2.2601
    2024       2.1520
    2025       2.1453
    2026       2.2523
    2027       2.3043
    2028       2.2447
    2029       2.3630
    2030       2.1735
    2031       2.1612
    2032       2.2098
    2033       2.2193
    2034       2.2771
    2035       2.2316
    2036       2.1861
    2037       2.2575
    2038       2.0886
    2039       2.2406
    2040       2.2767
    2041       2.3019
    2042       2.2349
    2043       2.1312
    2044       2.3155
    2045       2.3526
    2046       2.1252
    2047       2.0626
    2048       2.1745
    2049       2.1079
    2050       2.1328
    2051       2.3128
    2052       2.2036
    2053       2.2681
    2054       2.2256
    2055       2.0981
    2056       2.3152
    2057       2.1357
    2058       2.1506
    2059       2.1575
    2060       2.2705
    2061       2.2545
    2062       2.2017
    2063       2.1939
    2064       2.0882
    2065       2.1109
    2066       2.2900
    2067       2.2635
    2068       2.2878
    2069       2.1338
    2070       2.2959
    2071       2.2236
    2072       2.2202
    2073       2.2047
    2074       2.1950
    2075       2.1679
    2076       2.4359
    2077       2.1279
    2078       2.3063
    2079       2.3801
    2080       2.3674
    2081       2.2032
    2082       2.4079
    2083       2.3163
    2084       2.4296
    2085       2.4468
    2086       2.4316
    2087       2.2635
    2088       2.3003
    2089       2.2516
    2090       2.2546
    2091       2.2846
    2092       2.1097
    2093       2.2950
    2094       2.4295
    2095       2.3835
    2096       2.4133
    2097       2.3570
    2098       2.4190
    2099       2.3961
    2100       2.3938
    2101       2.3770
    2102       2.3505
    2103       2.3453
    2104       2.3249
    2105       2.2518
    2106       2.3254
    2107       2.2993
    2108       2.2850
    2109       2.2132
    2110       2.2011
    2111       2.1623
    2112       2.2810
    2113       2.3258
    2114       2.3284
    2115       2.2426
    2116       2.4005
    2117       2.3202
    2118       2.3877
    2119       2.2953
    2120       2.2295
    2121       2.1639
    2122       2.2073
    2123       2.3691
    2124       2.4186
    2125       2.3640
    2126       2.2100
    2127       2.4656
    2128       2.5756
    2129       2.3322
    2130       2.5411
    2131       2.3939
    2132       2.2740
    2133       2.4786
    2134       2.3803
    2135       2.4524
    2136       2.4115
    2137       2.3802
    2138       2.3204
    2139       2.5562
    2140       2.3491
    2141       2.3940
    2142       2.3103
    2143       2.4710
    2144       2.3322
    2145       2.3919
    2146       2.2963
    2147       2.3573
    2148       2.3930
    2149       2.3602
    2150       2.4446
    2151       2.4115
    2152       2.3135
    2153       2.2729
    2154       2.3511
    2155       2.5737
    2156       2.3568
    2157       2.3223
    2158       2.3644
    2159       2.2681
    2160       2.5239
    2161       2.4764
    2162       2.4080
    2163       2.4108
    2164       2.4898
    2165       2.4110
    2166       2.4133
    2167       2.4930
    2168       2.4849
    2169       2.4166
    2170       2.5384
    2171       2.4986
    2172       2.5430
    2173       2.5523
    2174       2.5293
    2175       2.4613
    2176       2.3923
    2177       2.4367
    2178       2.4193
    2179       2.4764
    2180       2.3723
    2181       2.4831
    2182       2.4206
    2183       2.4912
    2184       2.4546
    2185       2.5637
    2186       2.4820
    2187       2.2719
    2188       2.4770
    2189       2.3902
    2190       2.6097
    2191       2.3547
    2192       2.3237
    2193       2.4640
    2194       2.3727
    2195       2.3734
    2196       2.4151
    2197       2.4151
    2198       2.3529
    2199       2.3819
    2200       2.3502
    2201       2.4486
    2202       2.3554
    2203       2.3160
    2204       2.5113
    2205       2.2773
    2206       2.3689
    2207       2.5837
    2208       2.4401
    2209       2.4406
    2210       2.6827
    2211       2.7783
    2212       2.6509
    2213       2.5801
    2214       2.7694
    2215       2.6242
    2216       2.6706
    2217       2.4847
    2218       2.5714
    2219       2.6544
    2220       2.6018
    2221       2.6421
    2222       2.4675
    2223       2.6361
    2224       2.6036
    2225       2.3944
    2226       2.4399
    2227       2.5095
    2228       2.7244
    2229       2.4915
    2230       2.5381
    2231       2.6287
    2232       2.4521
    2233       2.3267
    2234       2.5022
    2235       2.5396
    2236       2.4238
    2237       2.3706
    2238       2.4965
    2239       2.4645
    2240       2.3295
    2241       2.4902
    2242       2.4348
    2243       2.4442
    2244       2.3642
    2245       2.4952
    2246       2.6349
    2247       2.5150
    2248       2.5700
    2249       2.6327
    2250       2.5455
    2251       2.6836
    2252       2.5682
    2253       2.6936
    2254       2.7261
    2255       2.8750
    2256       2.7625
    2257       2.6250
    2258       2.6807
    2259       2.7071
    2260       2.8765
    2261       3.0645
    2262       2.8298
    2263       2.8848
    2264       2.7940
    2265       2.6916
    2266       2.7388
    2267       2.7341
    2268       2.8154
    2269       2.7629
    2270       2.9798
    2271       2.8112
    2272       2.6306
    2273       2.5843
    2274       2.8043
    2275       2.7045
    2276       2.8312
    2277       2.7654
    2278       2.7347
    2279       2.8093
    2280       2.6062
    2281       2.7644
    2282       2.6461
    2283       2.9089
    2284       2.9567
    2285       3.0260
    2286       2.7193
    2287       2.6191
    2288       2.7629
    2289       2.7957
    2290       2.8250
    2291       2.7728
    2292       2.7328
    2293       2.7680
    2294       2.6533
    2295       2.5108
    2296       2.7770
    2297       2.7201
    2298       2.7939
    2299       2.8533
    2300       2.6820
    2301       2.7354
    2302       2.8965
    2303       3.0468
    2304       2.7911
    2305       2.7356
    2306       2.8732
    2307       2.6136
    2308       2.7659
    2309       2.6664
    2310       2.7750
    2311       2.8596
    2312       2.6721
    2313       2.5281
    2314       2.4534
    2315       2.5064
    2316       2.6584
    2317       2.5878
    2318       2.5187
    2319       2.7495
    2320       2.4125
    2321       2.6012
    2322       2.7233
    2323       2.5544
    2324       2.6221
    2325       2.7802
    2326       2.8724
    2327       2.6076
    2328       2.7062
    2329       2.6595
    2330       2.9510
    2331       3.0393
    2332       2.9033
    2333       2.5634
    2334       2.3965
    2335       2.6653
    2336       2.4108
    2337       2.5180
    2338       2.7673
    2339       2.4224
    2340       2.4876
    2341       2.5929
    2342       2.3038
    2343       2.4426
    2344       2.3506
    2345       2.4942
    2346       2.4433
    2347       2.4686
    2348       2.4862
    2349       2.5147
    2350       2.6057
    2351       2.1489
    2352       2.3642
    2353       2.2916
    2354       2.3618
    2355       2.2030
    2356       2.2455
    2357       2.2792
    2358       2.4501
    2359       2.5824
    2360       2.6219
    2361       2.4566
    2362       2.3164
    2363       2.3099
    2364       2.4764
    2365       2.4303
    2366       2.3675
    2367       2.3341
    2368       2.3472
    2369       2.2910
    2370       2.2677
    2371       2.2470
    2372       2.4079
    2373       2.4273
    2374       2.3444
    2375       2.3963
    2376       2.3227
    2377       2.4534
    2378       2.5170
    2379       2.2561
    2380       2.4305
    2381       2.4626
    2382       2.5105
    2383       2.4023
    2384       2.4927
    2385       2.5807
    2386       2.3505
    2387       2.3731
    2388       2.5091
    2389       2.4532
    2390       2.2402
    2391       2.2698
    2392       2.3476
    2393       2.2952
    2394       2.3694
    2395       2.2628
    2396       2.4187
    2397       2.3314
    2398       2.3616
    2399       2.5854
    2400       2.3764
    2401       2.4163
    2402       2.4310
    2403       2.3508
    2404       2.5324
    2405       2.4621
    2406       2.5629
    2407       2.5978
    2408       2.5012
    2409       2.4993
    2410       2.5190
    2411       2.6988
    2412       2.6304
    2413       2.4705
    2414       2.3238
    2415       2.5253
    2416       2.4564
    2417       2.4783
    2418       2.5006
    2419       2.4806
    2420       2.4970
    2421       2.5654
    2422       2.3736
    2423       2.5009
    2424       2.4201
    2425       2.4362
    2426       2.4033
    2427       2.7336
    2428       2.6804
    2429       2.6737
    2430       2.6124
    2431       2.4329
    2432       2.3533
    2433       2.4478
    2434       2.4403
    2435       2.3515
    2436       2.4321
    2437       2.4404
    2438       2.5890
    2439       2.7028
    2440       2.6179
    2441       2.5283
    2442       2.5259
    2443       2.3417
    2444       2.7935
    2445       2.6096
    2446       2.5685
    2447       2.6131
    2448       2.6200
    2449       2.5208
    2450       2.3649
    2451       2.3613
    2452       2.4245
    2453       2.3761
    2454       2.4454
    2455       2.6278
    2456       2.5937
    2457       2.4945
    2458       2.5622
    2459       2.5627
    2460       2.7185
    2461       2.7436
    2462       2.4594
    2463       2.4812
    2464       2.4447
    2465       2.6070
    2466       2.5467
    2467       2.4223
    2468       2.7173
    2469       2.5452
    2470       2.5501
    2471       2.6304
    2472       2.5242
    2473       2.6240
    2474       2.5947
    2475       2.7048
    2476       2.6969
    2477       2.4963
    2478       2.6064
    2479       2.6294
    2480       2.6049
    2481       2.4719
    2482       2.7100
    2483       2.5138
    2484       2.5429
    2485       2.6245
    2486       2.6641
    2487       2.4552
    2488       2.6809
    2489       2.4998
    2490       2.6045
    2491       2.7221
    2492       2.6516
    2493       2.7321
    2494       2.6360
    2495       2.5561
    2496       2.5461
    2497       2.3853
    2498       2.4033
    2499       2.3708
    2500       2.4776
    2501       2.6528
    2502       2.5394
    2503       2.4035
    2504       2.4866
    2505       2.4893
    2506       2.8398
    2507       2.8913
    2508       2.8074
    2509       2.5631
    2510       2.5792
    2511       2.3844
    2512       2.5108
    2513       2.4837
    2514       2.4623
    2515       2.5572
    2516       2.5570
    2517       2.4832
    2518       2.4918
    2519       2.3579
    2520       2.2999
    2521       2.2303
    2522       2.3713
    2523       2.4515
    2524       2.4866
    2525       2.2839
    2526       2.4137
    2527       2.5203
    2528       2.4810
    2529       2.4164
    2530       2.4666
    2531       2.3668
    2532       2.5964
    2533       2.5199
    2534       2.5880
    2535       2.8174
    2536       2.5708
    2537       2.7074
    2538       2.8013
    2539       2.4240
    2540       2.5134
    2541       2.5578
    2542       2.6049
    2543       2.5431
    2544       2.2522
    2545       2.3889
    2546       2.3743
    2547       2.3821
    2548       2.5191
    2549       2.2806
    2550       2.5718
    2551       2.5121
    2552       2.3884
    2553       2.3548
    2554       2.6595
    2555       2.4312
    2556       2.5770
    2557       2.5147
    2558       2.4983
    2559       2.4030
    2560       2.5400
    2561       2.2451
    2562       2.3438
    2563       2.3751
    2564       2.4592
    2565       2.4265
    2566       2.5900
    2567       2.5125
    2568       2.4361
    2569       2.5876
    2570       2.5018
    2571       2.4340
    2572       2.3418
    2573       2.2476
    2574       2.5909
    2575       2.4655
    2576       2.4233
    2577       2.5603
    2578       2.5332
    2579       2.8558
    2580       2.8117
    2581       2.5183
    2582       2.6266
    2583       2.6017
    2584       2.6616
    2585       2.6739
    2586       2.7941
    2587       2.7926
    2588       2.9225
    2589       2.7154
    2590       2.7713
    2591       2.8353
    2592       2.6644
    2593       2.6321
    2594       2.7245
    2595       2.8087
    2596       2.8946
    2597       2.9520
    2598       3.0342
    2599       2.8061
    2600       2.7897
    2601       2.7854
    2602       2.8971
    2603       3.1198
    2604       2.9072
    2605       3.0658
    2606       2.8718
    2607       2.8454
    2608       2.7958
    2609       2.9811
    2610       2.7580
    2611       2.9005
    2612       2.6806
    2613       2.8288
    2614       2.8586
    2615       3.0922
    2616       2.5905
    2617       2.7290
    2618       2.7629
    2619       2.7729
    2620       2.5326
    2621       2.5861
    2622       2.6731
    2623       2.6111
    2624       2.7280
    2625       2.7709
    2626       2.5823
    2627       2.6614
    2628       2.7116
    2629       2.4277
    2630       2.4132
    2631       2.3451
    2632       2.3789
    2633       2.3394
    2634       2.3668
    2635       2.5122
    2636       2.4044
    2637       2.4244
    2638       2.2652
    2639       2.7773
    2640       2.5391
    2641       2.4482
    2642       2.7621
    2643       2.5813
    2644       2.3394
    2645       2.4016
    2646       2.3119
    2647       2.5564
    2648       2.4594
    2649       2.3489
    2650       2.2016
    2651       2.4629
    2652       2.3647
    2653       2.4017
    2654       2.6058
    2655       2.5831
    2656       2.3959
    2657       2.2906
    2658       2.3712
    2659       2.3975
    2660       2.5594
    2661       2.4997
    2662       2.4459
    2663       2.3590
    2664       2.3708
    2665       2.5874
    2666       2.3812
    2667       2.5025
    2668       2.4332
    2669       2.3671
    2670       2.2857
    2671       2.2381
    2672       2.2815
    2673       2.2230
    2674       2.3715
    2675       2.4235
    2676       2.4130
    2677       2.3699
    2678       2.5025
    2679       2.3547
    2680       2.2823
    2681       2.1432
    2682       2.5405
    2683       2.3197
    2684       2.4558
    2685       2.2035
    2686       2.2781
    2687       2.2918
    2688       2.2517
    2689       2.3547
    2690       2.2668
    2691       2.3614
    2692       2.2569
    2693       2.3868
    2694       2.4237
    2695       2.4366
    2696       2.3786
    2697       2.4226
    2698       2.3139
    2699       2.2374
    2700       2.1681
    2701       2.3010
    2702       2.4051
    2703       2.3664
    2704       2.2276
    2705       2.3267
    2706       2.2783
    2707       2.3457
    2708       2.3118
    2709       2.2829
    2710       2.2928
    2711       2.3621
    2712       2.4372
    2713       2.4585
    2714       2.4601
    2715       2.3773
    2716       2.3316
    2717       2.2615
    2718       2.2674
    2719       2.1983
    2720       2.3417
    2721       2.3106
    2722       2.5146
    2723       2.3878
    2724       2.6212
    2725       2.5509
    2726       2.5155
    2727       2.7764
    2728       2.5476
    2729       2.6614
    2730       2.6610
    2731       2.6439
    2732       2.4774
    2733       2.5299
    2734       2.5809
    2735       2.6833
    2736       2.6937
    2737       2.5155
    2738       2.8126
    2739       2.6044
    2740       2.7937
    2741       2.9956
    2742       2.8900
    2743       2.7515
    2744       2.7036
    2745       2.9021
    2746       2.6541
    2747       2.5301
    2748       2.6687
    2749       2.7527
    2750       2.5940
    2751       2.6708
    2752       2.4893
    2753       2.4811
    2754       2.5393
    2755       2.6745
    2756       2.6003
    2757       2.6354
    2758       2.6571
    2759       2.7491
    2760       2.6512
    2761       2.6861
    2762       2.5137
    2763       2.6179
    2764       2.4859
    2765       2.6651
    2766       2.5573
    2767       2.5604
    2768       2.6306
    2769       2.6026
    2770       2.5129
    2771       2.5225
    2772       2.3629
    2773       2.5665
    2774       2.6687
    2775       2.4602
    2776       2.6758
    2777       2.5563
    2778       2.5831
    2779       2.5320
    2780       2.5830
    2781       2.5817
    2782       2.5010
    2783       2.4705
    2784       2.6886
    2785       2.5221
    2786       2.4457
    2787       2.5329
    2788       2.5380
    2789       2.5928
    2790       2.7224
    2791       2.4921
    2792       2.4752
    2793       2.5308
    2794       2.5878
    2795       2.6930
    2796       2.5608
    2797       2.4922
    2798       2.4717
    2799       2.4490
    2800       2.4718
    2801       2.5151
    2802       2.5210
    2803       2.4593
    2804       2.3515
    2805       2.5706
    2806       2.5178
    2807       2.3252
    2808       2.4775
    2809       2.5529
    2810       2.5848
    2811       2.5760
    2812       2.4861
    2813       2.5240
    2814       2.4649
    2815       2.5483
    2816       2.2136
    2817       2.5132
    2818       2.7233
    2819       2.4547
    2820       2.4365
    2821       2.5137
    2822       2.7513
    2823       2.5687
    2824       2.4716
    2825       2.6922
    2826       2.5365
    2827       2.6730
    2828       2.6377
    2829       2.6830
    2830       2.6176
    2831       2.6688
    2832       2.8420
    2833       2.7414
    2834       2.9975
    2835       2.7453
    2836       2.8228
    2837       2.9724
    2838       2.8203
    2839       3.0189
    2840       3.0966
    2841       2.8523
    2842       2.9495
    2843       2.8924
    2844       2.7504
    2845       2.8784
    2846       2.6597
    2847       2.8059
    2848       2.8422
    2849       2.8075
    2850       2.7668
    2851       2.4155
    2852       2.7279
    2853       2.6597
    2854       2.6690
    2855       2.7034
    2856       2.8290
    2857       2.7159
    2858       2.7009
    2859       2.5147
    2860       2.5439
    2861       2.6010
    2862       2.7032
    2863       2.7201
    2864       2.6498
    2865       2.8068
    2866       2.6621
    2867       2.6114
    2868       2.6035
    2869       2.6006
    2870       2.5022
    2871       2.7533
    2872       2.6090
    2873       2.4945
    2874       2.3236
    2875       2.6074
    2876       2.3357
    2877       2.4162
    2878       2.4991
    2879       2.7589
    2880       2.6595
    2881       2.5453
    2882       2.5715
    2883       2.6626
    2884       2.4917
    2885       2.4764
    2886       2.4144
    2887       2.3094
    2888       2.5017
    2889       2.6171
    2890       2.5637
    2891       2.5707
    2892       2.4076
    2893       2.5854
    2894       2.6514
    2895       2.6816
    2896       2.7144
    2897       2.5401
    2898       2.6868
    2899       2.6297
    2900       2.5934
    2901       2.6773
    2902       2.6150
    2903       2.6149
    2904       2.3721
    2905       2.5389
    2906       2.4074
    2907       2.5239
    2908       2.6130
    2909       2.5810
    2910       2.5172
    2911       2.4411
    2912       2.4469
    2913       2.4467
    2914       2.6873
    2915       2.3635
    2916       2.5074
    2917       2.4659
    2918       2.5560
    2919       2.5383
    2920       2.5470
    2921       2.5447
    2922       2.4131
    2923       2.7421
    2924       2.6182
    2925       2.5985
    2926       2.4989
    2927       2.6096
    2928       2.6000
    2929       2.4150
    2930       2.4522
    2931       2.6317
    2932       2.7126
    2933       2.4014
    2934       2.5599
    2935       2.3649
    2936       2.6316
    2937       2.6680
    2938       2.7676
    2939       2.6804
    2940       2.6020
    2941       2.5932
    2942       2.3471
    2943       2.4771
    2944       2.4336
    2945       2.4109
    2946       2.5781
    2947       2.4425
    2948       2.5545
    2949       2.5102
    2950       2.7579
    2951       2.5687
    2952       2.4543
    2953       2.4802
    2954       2.3069
    2955       2.4824
    2956       2.4029
    2957       2.4558
    2958       2.5943
    2959       2.5760
    2960       2.7114
    2961       2.5464
    2962       2.6018
    2963       2.4393
    2964       2.6745
    2965       2.7511
    2966       2.5465
    2967       2.6364
    2968       2.4624
    2969       2.5980
    2970       2.6170
    2971       2.6783
    2972       2.5550
    2973       2.6000
    2974       2.6880
    2975       2.4509
    2976       2.4944
    2977       2.4918
    2978       2.7249
    2979       2.4657
    2980       2.5189
    2981       2.6061
    2982       2.5721
    2983       2.8847
    2984       2.9219
    2985       2.9461
    2986       2.9154
    2987       2.7720
    2988       2.6009
    2989       2.7350
    2990       2.7686
    2991       2.7396
    2992       2.7506
    2993       2.6724
    2994       2.6941
    2995       2.6818
    2996       2.4786
    2997       2.5645
    2998       2.9527
    2999       2.5922
    3000       2.3765
    3001       2.6590
