0.271556
0.576195
0.895314
1.217810
1.509297
1.821575
2.125829
2.435111
2.734246
3.038989
3.361697
3.662773
3.987021
4.353558
4.704603
5.053789
5.423352
5.776780
6.148542
6.530157
6.907960
7.304291
7.701840
8.080489
8.514812
8.883693
9.264273
9.650207
10.048728
10.426067
10.847489
11.281572
11.700912
12.206730
12.648706
13.072692
13.484889
13.904782
14.322462
14.735459
15.164168
15.580339
15.990799
16.392218
16.786075
17.165303
17.553268
17.985207
18.443304
18.819353
19.223282
19.660835
20.073976
20.479350
20.882865
21.355049
21.740348
22.136040
22.522158
22.930148
23.346912
23.755565
24.144047
24.516205
24.940233
25.330265
25.733234
26.130519
26.514726
26.934075
27.407437
27.901285
28.347125
28.874314
29.380060
29.870252
30.301264
30.776785
31.237361
31.642376
32.144600
32.602873
33.041845
33.500826
33.954432
34.400560
34.841381
35.257659
35.711552
36.139829
36.621381
37.140024
37.619421
38.075765
38.498953
38.936827
39.383177
39.830781
40.229863
40.675131
41.109699
41.551244
41.985432
42.455526
42.850235
43.280069
43.743465
44.248661
44.665359
45.113458
45.536157
46.007952
46.443718
46.903466
47.298952
47.769343
48.209932
48.632670
49.072688
49.497994
49.902254
50.329218
50.760260
51.203166
51.647260
52.132905
52.528008
52.967816
53.389355
53.830987
54.262374
54.680686
55.136586
55.601113
56.026267
56.472968
56.908871
57.364801
57.821659
58.245154
58.747347
59.214835
59.738842
60.219233
60.700116
61.339165
61.830731
62.324035
62.772263
63.231795
63.705824
64.148128
64.590893
65.043901
65.479486
65.917142
66.393077
66.885654
67.341175
67.789401
68.282651
68.778197
69.217050
69.672049
70.088590
70.549707
70.982985
71.463258
71.942037
72.378814
72.869401
73.417081
73.905306
74.355703
74.834907
75.351844
75.805538
76.235038
76.650448
77.069914
77.470548
77.918435
78.339275
78.786056
79.255949
79.754635
80.268161
80.759220
81.214694
81.652883
82.052469
82.502509
82.921396
83.433018
83.877465
84.355003
84.821627
85.416289
86.005843
86.540752
87.033172
87.476623
87.958011
88.448202
88.889291
89.330185
89.840097
90.309532
90.834751
91.295845
91.781197
92.217985
92.632460
93.081220
93.534633
93.961586
94.386442
94.805706
95.223581
95.621711
95.994378
96.412452
96.869259
97.299395
97.640128
98.045647
98.537884
99.057051
99.441390
99.872315
100.313736
100.761408
101.169332
101.624653
102.006767
102.447763
102.859936
103.245765
103.643057
104.075864
104.431482
104.857649
105.332976
105.859011
106.313589
106.791257
107.306888
107.783810
108.267439
108.754606
109.227031
109.713526
110.177523
110.636277
111.159834
111.675409
112.173657
112.760347
113.313766
113.811257
114.357801
114.818228
115.310883
115.839478
116.406123
116.906995
117.424098
117.889643
118.416569
118.938556
119.425270
119.897341
120.334201
120.768098
121.195997
121.660902
122.163835
122.647203
123.109812
123.545209
123.954152
124.434496
124.888576
125.313959
125.756781
126.211601
126.650711
127.131061
127.627353
128.110111
128.543462
129.051093
129.533336
130.063894
130.548197
131.043204
131.552818
132.026360
132.526469
133.054888
133.503148
133.932812
134.346397
134.801816
135.269831
135.678215
136.129691
136.569161
136.985547
137.400033
137.842254
138.300673
138.788643
139.252456
139.742674
140.187566
140.589313
141.031375
141.494871
141.945333
142.421808
142.838272
143.231488
143.669910
144.136377
144.581884
144.993153
145.417185
145.821198
146.238026
146.663676
147.085073
147.506460
147.916518
148.347457
148.807045
149.253347
149.701569
150.176590
150.664176
151.200410
151.764676
152.289033
152.785813
153.288171
153.787832
154.344879
154.904991
155.405194
155.950567
156.419663
156.881186
157.497092
158.024001
158.515911
158.977457
159.490628
159.965310
160.462370
160.929249
161.479335
161.990937
162.530290
163.044620
163.576138
164.035630
164.494702
165.018236
165.506654
165.965848
166.509680
166.964830
167.423376
167.896366
168.369174
168.865331
169.350759
169.817362
170.353483
170.831396
171.292321
171.753426
172.167450
172.615953
173.075141
173.531271
174.032119
174.503171
174.994339
175.464531
175.951829
176.436364
176.913656
177.393244
177.892872
178.356171
178.864893
179.366065
179.896973
180.401862
180.902007
181.382175
181.873336
182.381410
182.871590
183.364043
183.854997
184.360971
184.836721
185.312552
185.781378
186.255556
186.721751
187.226187
187.788004
188.248781
188.733822
189.220319
189.750131
190.204571
190.653922
191.118628
191.593735
192.031728
192.458022
192.895131
193.344783
193.829161
194.281025
194.723097
195.202690
195.647980
196.193335
196.643899
197.046251
197.539635
197.980010
198.487199
199.002098
199.420225
199.846629
200.265261
200.684733
201.089383
201.486102
201.902595
202.321063
202.793042
203.240541
203.673831
204.090644
204.554560
205.032285
205.537427
205.971332
206.441979
206.998216
207.433512
207.881829
208.350293
208.834157
209.301169
209.750529
210.218519
210.747621
211.239350
211.814071
212.295614
212.800001
213.322560
213.867435
214.374756
214.847488
215.327144
215.757816
216.209966
216.667459
217.124568
217.566400
218.071714
218.512812
218.991182
219.442647
219.914849
220.336554
220.746088
221.247355
221.675699
222.142360
222.701401
223.217020
223.666281
224.165072
224.640861
225.111365
225.556863
226.125892
226.615342
227.102802
227.550435
228.025115
228.468038
228.873190
229.269581
229.605998
230.028454
230.452160
230.848917
231.220690
231.560089
231.937827
232.324832
232.732204
233.181333
233.612741
234.019112
234.427912
234.825855
235.227596
235.588088
236.032188
236.372372
236.743817
237.199474
237.661195
238.028794
238.368712
238.786866
239.164978
239.561627
239.976771
240.387310
240.766666
241.197018
241.601416
241.977934
242.365588
242.763236
243.105485
243.536352
243.955367
244.454163
244.897803
245.395229
245.811606
246.248610
246.792319
247.298475
247.754983
248.198765
248.577642
248.995819
249.397746
249.853103
250.257166
250.698957
251.173876
251.581266
252.028422
252.487004
252.942905
253.376614
253.791855
254.234247
254.743713
255.241147
255.712241
256.198044
256.664229
257.124033
257.573266
258.042410
258.551182
259.058433
259.542641
259.996756
260.496053
260.948843
261.389285
261.853023
262.295916
262.764213
263.270684
263.777041
264.249733
264.735979
265.214604
265.695663
266.126216
266.573662
267.062057
267.560235
268.107745
268.610557
269.169375
269.697264
270.223330
270.726074
271.242905
271.785309
272.326437
