#Frame         myrmsd
       1       0.0000
       2       1.1177
       3       1.1848
       4       1.3642
       5       1.5887
       6       1.3770
       7       1.4116
       8       1.4132
       9       1.3308
      10       1.4567
      11       1.5792
      12       1.5369
      13       1.6446
      14       1.7084
      15       1.7116
      16       1.5568
      17       1.6405
      18       1.5767
      19       1.6472
      20       1.6977
      21       1.5641
      22       1.5442
      23       1.3673
      24       1.5696
      25       1.6489
      26       1.3811
      27       1.7678
      28       1.7012
      29       1.6419
      30       1.7273
      31       1.6991
      32       1.6850
      33       1.6441
      34       1.4257
      35       1.4246
      36       1.4690
      37       1.4078
      38       1.4052
      39       1.4601
      40       1.4883
      41       1.6594
      42       1.4889
      43       1.5208
      44       1.4591
      45       1.4098
      46       1.5069
      47       1.5794
      48       1.4494
      49       1.6085
      50       1.3762
      51       1.6793
      52       1.6466
      53       1.5239
      54       1.5059
      55       1.6434
      56       1.6229
      57       1.5757
      58       1.5858
      59       1.5361
      60       1.5136
      61       1.4984
      62       1.4903
      63       1.5603
      64       1.5328
      65       1.5361
      66       1.3919
      67       1.4595
      68       1.5374
      69       1.4102
      70       1.4598
      71       1.5441
      72       1.4816
      73       1.4953
      74       1.3580
      75       1.6610
      76       1.5762
      77       1.4767
      78       1.5006
      79       1.5426
      80       1.5838
      81       1.6300
      82       1.6517
      83       1.5929
      84       1.5703
      85       1.6530
      86       1.6963
      87       1.5959
      88       1.6736
      89       1.6778
      90       1.5944
      91       1.4899
      92       1.6648
      93       1.6634
      94       1.6126
      95       1.6496
      96       1.5400
      97       1.5563
      98       1.6110
      99       1.6475
     100       1.6828
     101       1.6634
     102       1.7334
     103       1.6556
     104       1.6228
     105       1.6555
     106       1.6794
     107       1.7357
     108       1.5712
     109       1.6774
     110       1.5749
     111       1.6387
     112       1.7068
     113       1.5666
     114       1.6379
     115       1.5203
     116       1.6695
     117       1.5484
     118       1.5990
     119       1.5947
     120       1.6264
     121       1.6254
     122       1.5152
     123       1.5926
     124       1.6234
     125       1.7065
     126       1.6137
     127       1.5140
     128       1.6031
     129       1.5661
     130       1.7226
     131       1.7227
     132       1.8440
     133       1.7096
     134       1.7030
     135       1.6547
     136       1.4767
     137       1.4907
     138       1.4873
     139       1.6851
     140       1.5458
     141       1.6874
     142       1.6693
     143       1.5858
     144       1.5634
     145       1.5970
     146       1.6921
     147       1.5333
     148       1.5573
     149       1.6402
     150       1.6502
     151       1.6485
     152       1.5573
     153       1.6708
     154       1.6342
     155       1.6306
     156       1.5785
     157       1.7397
     158       1.7614
     159       1.6790
     160       1.5347
     161       1.6701
     162       1.5645
     163       1.6385
     164       1.5463
     165       1.5550
     166       1.5520
     167       1.4702
     168       1.5435
     169       1.6131
     170       1.5137
     171       1.5766
     172       1.5596
     173       1.4914
     174       1.5425
     175       1.6107
     176       1.4666
     177       1.5293
     178       1.5507
     179       1.4261
     180       1.4685
     181       1.5241
     182       1.4218
     183       1.4975
     184       1.5859
     185       1.5048
     186       1.5955
     187       1.5911
     188       1.5344
     189       1.3996
     190       1.5634
     191       1.5598
     192       1.5767
     193       1.5189
     194       1.4052
     195       1.6782
     196       1.4738
     197       1.6369
     198       1.5201
     199       1.5286
     200       1.6027
     201       1.6414
     202       1.6799
     203       1.6393
     204       1.5699
     205       1.7439
     206       1.7093
     207       1.6554
     208       1.5277
     209       1.5697
     210       1.6645
     211       1.5720
     212       1.6846
     213       1.6279
     214       1.6852
     215       1.5495
     216       1.6836
     217       1.5997
     218       1.6388
     219       1.5666
     220       1.6856
     221       1.5815
     222       1.6432
     223       1.7563
     224       1.8322
     225       1.8237
     226       1.7383
     227       1.7538
     228       1.6739
     229       1.6405
     230       1.6220
     231       1.5303
     232       1.5498
     233       1.6536
     234       1.5773
     235       1.5005
     236       1.5446
     237       1.4978
     238       1.4655
     239       1.5417
     240       1.5589
     241       1.6138
     242       1.4959
     243       1.5851
     244       1.5526
     245       1.6441
     246       1.4221
     247       1.5076
     248       1.6029
     249       1.6731
     250       1.5783
     251       1.5649
     252       1.7098
     253       1.6462
     254       1.5281
     255       1.6423
     256       1.7068
     257       1.6480
     258       1.8294
     259       1.8829
     260       1.7857
     261       1.7645
     262       1.7143
     263       1.7549
     264       1.7220
     265       1.6160
     266       1.7957
     267       1.5907
     268       1.5572
     269       1.4979
     270       1.7627
     271       1.6204
     272       1.7877
     273       1.7524
     274       1.9427
     275       1.9746
     276       1.7001
     277       1.9622
     278       1.8300
     279       1.9258
     280       2.0121
     281       1.9273
     282       1.7911
     283       1.8318
     284       1.9026
     285       1.8956
     286       2.0030
     287       1.8012
     288       1.9089
     289       2.0661
     290       1.9502
     291       1.8149
     292       1.9396
     293       1.8842
     294       1.9005
     295       1.9015
     296       1.9304
     297       1.8710
     298       1.8321
     299       1.8386
     300       1.8508
     301       1.8020
     302       1.9163
     303       1.9488
     304       1.9634
     305       1.9007
     306       1.8985
     307       1.8363
     308       1.9029
     309       1.9998
     310       1.9158
     311       1.9440
     312       1.9180
     313       1.9276
     314       2.0694
     315       2.0341
     316       1.9550
     317       1.8515
     318       1.8468
     319       2.0067
     320       1.9146
     321       1.8303
     322       1.9410
     323       1.9684
     324       2.0462
     325       1.9479
     326       1.9188
     327       1.9449
     328       1.8474
     329       1.9754
     330       2.0609
     331       1.7903
     332       1.9364
     333       1.9579
     334       1.8614
     335       1.8989
     336       1.8686
     337       1.8556
     338       2.0200
     339       1.7736
     340       1.7575
     341       1.7619
     342       1.7762
     343       1.7934
     344       1.8601
     345       1.8534
     346       1.8894
     347       1.8387
     348       1.8218
     349       1.9046
     350       1.8363
     351       1.8628
     352       1.8084
     353       1.8670
     354       1.9399
     355       2.0330
     356       2.0060
     357       1.8228
     358       1.7734
     359       1.8519
     360       1.8946
     361       1.8292
     362       1.7735
     363       1.7916
     364       1.7950
     365       1.8133
     366       2.0186
     367       1.8644
     368       1.7904
     369       1.8336
     370       1.8586
     371       1.9065
     372       2.0016
     373       1.9007
     374       1.8255
     375       1.8355
     376       1.8732
     377       1.7740
     378       1.7537
     379       1.9694
     380       1.8611
     381       1.8364
     382       1.8404
     383       1.7386
     384       1.7189
     385       1.7254
     386       1.7851
     387       1.8132
     388       1.8339
     389       1.7936
     390       1.7063
     391       1.7708
     392       1.8359
     393       1.7706
     394       1.7836
     395       1.7957
     396       1.7299
     397       1.8847
     398       1.8191
     399       1.8055
     400       1.7856
     401       1.6790
     402       1.6993
     403       1.8435
     404       1.7460
     405       1.8821
     406       1.8993
     407       1.8999
     408       2.0120
     409       1.7363
     410       1.8446
     411       1.7346
     412       1.7828
     413       1.8101
     414       1.8443
     415       1.8316
     416       1.7301
     417       1.7647
     418       1.8237
     419       1.9439
     420       1.6564
     421       1.8797
     422       1.7477
     423       1.7438
     424       1.7857
     425       1.8453
     426       1.7847
     427       1.8162
     428       1.7920
     429       1.7256
     430       1.7482
     431       1.7161
     432       1.7951
     433       1.7541
     434       1.8515
     435       1.9605
     436       1.8140
     437       1.7980
     438       1.8692
     439       1.7501
     440       1.7083
     441       1.7069
     442       1.7971
     443       1.9189
     444       1.9044
     445       1.7925
     446       1.8347
     447       1.8416
     448       1.7757
     449       1.8155
     450       1.9153
     451       1.6962
     452       1.7908
     453       1.8102
     454       1.7411
     455       1.7117
     456       1.7785
     457       1.6488
     458       1.5945
     459       1.5740
     460       1.4364
     461       1.5565
     462       1.6839
     463       1.6276
     464       1.5465
     465       1.7308
     466       1.5178
     467       1.3688
     468       1.4895
     469       1.6521
     470       1.5610
     471       1.6042
     472       1.6453
     473       1.5232
     474       1.5795
     475       1.5156
     476       1.5879
     477       1.6562
     478       1.5244
     479       1.6358
     480       1.6278
     481       1.6211
     482       1.5903
     483       1.6372
     484       1.6542
     485       1.6881
     486       1.6732
     487       1.6954
     488       1.7028
     489       1.6119
     490       1.6177
     491       1.6289
     492       1.6789
     493       1.6414
     494       1.8113
     495       1.5991
     496       1.6602
     497       1.7114
     498       1.6804
     499       1.7458
     500       1.6958
     501       1.6923
     502       1.6581
     503       1.6277
     504       1.6434
     505       1.6736
     506       1.6606
     507       1.6494
     508       1.6981
     509       1.6907
     510       1.5827
     511       1.5987
     512       1.6764
     513       1.6111
     514       1.5919
     515       1.5658
     516       1.6577
     517       1.5408
     518       1.5542
     519       1.5853
     520       1.5950
     521       1.6785
     522       1.7290
     523       1.7728
     524       1.7608
     525       1.6491
     526       1.6752
     527       1.6156
     528       1.6689
     529       1.7067
     530       1.5841
     531       1.6828
     532       1.7076
     533       1.6969
     534       1.6436
     535       1.6078
     536       1.8055
     537       1.5819
     538       1.5452
     539       1.6635
     540       1.5716
     541       1.5872
     542       1.6159
     543       1.6495
     544       1.5789
     545       1.5499
     546       1.6395
     547       1.6723
     548       1.5942
     549       1.5868
     550       1.7609
     551       1.6845
     552       1.6223
     553       1.5683
     554       1.4886
     555       1.6354
     556       1.5617
     557       1.5742
     558       1.6145
     559       1.5582
     560       1.5446
     561       1.5012
     562       1.5838
     563       1.5345
     564       1.5463
     565       1.6218
     566       1.5743
     567       1.5317
     568       1.5839
     569       1.5450
     570       1.6919
     571       1.4195
     572       1.5395
     573       1.4910
     574       1.6740
     575       1.4513
     576       1.6727
     577       1.5711
     578       1.6593
     579       1.5749
     580       1.7442
     581       1.5431
     582       1.6254
     583       1.6084
     584       1.6656
     585       1.4947
     586       1.5890
     587       1.4760
     588       1.7350
     589       1.5535
     590       1.5751
     591       1.6148
     592       1.5430
     593       1.6266
     594       1.6136
     595       1.4614
     596       1.4669
     597       1.5560
     598       1.5694
     599       1.5049
     600       1.4601
     601       1.5148
     602       1.4618
     603       1.6380
     604       1.6052
     605       1.6380
     606       1.6381
     607       1.5836
     608       1.4897
     609       1.5481
     610       1.6848
     611       1.4866
     612       1.5083
     613       1.5180
     614       1.5803
     615       1.5613
     616       1.6235
     617       1.5777
     618       1.6285
     619       1.6988
     620       1.7484
     621       1.6708
     622       1.5319
     623       1.7151
     624       1.8166
     625       1.6983
     626       1.7145
     627       1.8137
     628       1.6438
     629       1.5713
     630       1.5994
     631       1.6851
     632       1.6663
     633       1.5513
     634       1.6069
     635       1.7276
     636       1.7669
     637       1.7280
     638       1.5841
     639       1.6792
     640       1.5809
     641       1.5479
     642       1.5841
     643       1.6519
     644       1.5583
     645       1.5540
     646       1.6263
     647       1.7058
     648       1.6421
     649       1.6215
     650       1.6290
     651       1.5667
     652       1.4735
     653       1.5115
     654       1.4205
     655       1.5612
     656       1.5217
     657       1.4339
     658       1.5362
     659       1.4840
     660       1.5394
     661       1.5496
     662       1.4283
     663       1.5909
     664       1.6131
     665       1.5589
     666       1.6045
     667       1.4961
     668       1.6115
     669       1.6124
     670       1.6043
     671       1.5861
     672       1.5737
     673       1.6455
     674       1.7058
     675       1.5234
     676       1.7444
     677       1.7087
     678       1.6014
     679       1.5536
     680       1.6904
     681       1.7903
     682       1.7530
     683       1.6813
     684       1.7015
     685       1.5847
     686       1.6084
     687       1.8041
     688       1.6584
     689       1.7769
     690       1.7563
     691       1.7722
     692       1.7537
     693       1.7324
     694       1.7357
     695       1.8846
     696       1.7401
     697       1.6791
     698       1.7285
     699       1.6858
     700       1.5549
     701       1.6088
     702       1.6262
     703       1.6292
     704       1.5750
     705       1.5450
     706       1.6895
     707       1.5654
     708       1.5872
     709       1.6686
     710       1.6393
     711       1.7042
     712       1.8703
     713       1.6743
     714       1.6944
     715       1.7048
     716       1.6422
     717       1.6788
     718       1.5995
     719       1.5058
     720       1.6217
     721       1.6067
     722       1.5768
     723       1.6394
     724       1.6820
     725       1.5318
     726       1.6462
     727       1.8081
     728       1.7390
     729       1.5814
     730       1.7584
     731       1.7751
     732       1.6081
     733       1.7968
     734       1.7888
     735       1.6841
     736       1.6805
     737       1.6264
     738       1.6441
     739       1.7072
     740       1.6611
     741       1.7319
     742       1.6670
     743       1.8243
     744       1.5928
     745       1.7439
     746       1.6368
     747       1.7061
     748       1.6833
     749       1.7306
     750       1.7495
     751       1.7960
     752       1.6882
     753       1.8190
     754       1.6673
     755       1.6395
     756       1.6491
     757       1.7294
     758       1.7412
     759       1.6518
     760       1.7446
     761       1.5783
     762       1.7297
     763       1.7354
     764       1.6155
     765       1.6527
     766       1.7153
     767       1.7114
     768       1.6522
     769       1.7547
     770       1.7225
     771       1.7316
     772       1.7937
     773       1.6977
     774       1.7216
     775       1.7662
     776       1.7908
     777       1.7095
     778       1.6475
     779       1.6145
     780       1.6080
     781       1.5098
     782       1.5661
     783       1.5670
     784       1.6289
     785       1.7176
     786       1.7370
     787       1.6279
     788       1.7299
     789       1.5856
     790       1.5842
     791       1.6424
     792       1.5820
     793       1.6910
     794       1.6550
     795       1.7464
     796       1.7008
     797       1.6723
     798       1.6152
     799       1.5839
     800       1.6018
     801       1.5828
     802       1.5168
     803       1.5043
     804       1.5448
     805       1.5379
     806       1.5952
     807       1.6141
     808       1.5566
     809       1.6730
     810       1.6628
     811       1.5160
     812       1.6028
     813       1.6143
     814       1.5854
     815       1.5716
     816       1.6383
     817       1.5353
     818       1.4796
     819       1.4932
     820       1.5714
     821       1.6184
     822       1.5146
     823       1.5251
     824       1.5021
     825       1.5412
     826       1.3994
     827       1.4660
     828       1.5050
     829       1.6050
     830       1.5398
     831       1.5628
     832       1.5309
     833       1.6008
     834       1.5651
     835       1.5573
     836       1.6968
     837       1.6124
     838       1.5546
     839       1.5687
     840       1.4023
     841       1.5476
     842       1.5292
     843       1.4085
     844       1.4575
     845       1.4956
     846       1.4975
     847       1.5634
     848       1.5102
     849       1.5387
     850       1.5458
     851       1.5259
     852       1.5816
     853       1.5460
     854       1.5279
     855       1.6430
     856       1.5730
     857       1.6104
     858       1.6302
     859       1.5447
     860       1.6498
     861       1.6180
     862       1.5267
     863       1.5670
     864       1.5385
     865       1.6687
     866       1.6067
     867       1.5809
     868       1.5662
     869       1.6642
     870       1.5650
     871       1.5305
     872       1.5322
     873       1.4617
     874       1.6637
     875       1.5677
     876       1.7402
     877       1.6725
     878       1.6004
     879       1.6545
     880       1.5886
     881       1.6095
     882       1.6157
     883       1.5073
     884       1.4599
     885       1.5905
     886       1.6757
     887       1.6174
     888       1.6016
     889       1.5279
     890       1.6020
     891       1.5634
     892       1.6361
     893       1.6149
     894       1.6178
     895       1.6504
     896       1.6090
     897       1.5982
     898       1.7062
     899       1.6100
     900       1.6187
     901       1.6190
     902       1.7477
     903       1.6979
     904       1.6326
     905       1.6581
     906       1.6353
     907       1.7436
     908       1.6396
     909       1.6959
     910       1.6135
     911       1.5980
     912       1.7430
     913       1.6781
     914       1.7077
     915       1.6700
     916       1.5972
     917       1.7058
     918       1.6732
     919       1.6718
     920       1.6703
     921       1.6211
     922       1.6643
     923       1.6053
     924       1.7809
     925       1.8159
     926       1.6973
     927       1.6157
     928       1.5721
     929       1.5446
     930       1.5932
     931       1.5180
     932       1.6772
     933       1.5686
     934       1.5631
     935       1.5748
     936       1.5255
     937       1.6317
     938       1.5521
     939       1.6072
     940       1.6964
     941       1.5275
     942       1.5798
     943       1.5334
     944       1.5355
     945       1.6438
     946       1.6463
     947       1.8218
     948       1.6501
     949       1.7262
     950       1.5972
     951       1.7566
     952       1.7731
     953       1.6768
     954       1.6087
     955       1.6366
     956       1.6498
     957       1.6210
     958       1.6317
     959       1.8216
     960       1.7629
     961       1.8090
     962       1.6832
     963       1.7389
     964       1.7011
     965       1.5662
     966       1.5629
     967       1.6458
     968       1.7261
     969       1.6451
     970       1.6483
     971       1.6596
     972       1.5600
     973       1.6814
     974       1.6005
     975       1.6262
     976       1.6151
     977       1.6015
     978       1.6113
     979       1.6788
     980       1.6773
     981       1.6862
     982       1.5891
     983       1.5953
     984       1.6615
     985       1.6855
     986       1.5416
     987       1.6044
     988       1.7976
     989       1.6581
     990       1.5695
     991       1.8474
     992       1.6648
     993       1.6958
     994       1.8169
     995       1.7713
     996       1.7157
     997       1.7177
     998       1.5928
     999       1.6236
    1000       1.5850
    1001       1.7377
    1002       1.7041
    1003       1.7544
    1004       1.8022
    1005       1.7302
    1006       1.7126
    1007       1.7173
    1008       1.6344
    1009       1.6267
    1010       1.6217
    1011       1.6815
    1012       1.7073
    1013       1.6879
    1014       1.6040
    1015       1.7293
    1016       1.8109
    1017       1.7142
    1018       1.8369
    1019       1.6982
    1020       1.6754
    1021       1.7317
    1022       1.6922
    1023       1.6908
    1024       1.6793
    1025       1.8454
    1026       1.7113
    1027       1.6719
    1028       1.6366
    1029       1.6932
    1030       1.6407
    1031       1.6366
    1032       1.6422
    1033       1.6763
    1034       1.5413
    1035       1.8180
    1036       1.6861
    1037       1.6842
    1038       2.0028
    1039       1.9409
    1040       1.8138
    1041       1.9109
    1042       1.9089
    1043       1.9078
    1044       1.9307
    1045       2.0351
    1046       1.9485
    1047       1.8788
    1048       1.8458
    1049       1.9811
    1050       2.0031
    1051       1.8548
    1052       1.9252
    1053       1.9130
    1054       1.9034
    1055       1.8557
    1056       1.8184
    1057       1.7799
    1058       1.8153
    1059       1.8081
    1060       1.6923
    1061       1.7696
    1062       1.7816
    1063       1.7801
    1064       1.9418
    1065       1.7657
    1066       1.8062
    1067       1.6697
    1068       1.8116
    1069       1.6138
    1070       1.8813
    1071       1.8403
    1072       1.8940
    1073       1.7455
    1074       1.6468
    1075       1.7249
    1076       1.7682
    1077       1.8118
    1078       1.9139
    1079       1.8273
    1080       1.7031
    1081       1.7464
    1082       1.6812
    1083       1.6107
    1084       1.7622
    1085       1.8427
    1086       1.6893
    1087       1.8807
    1088       1.8459
    1089       1.8473
    1090       1.8456
    1091       1.8267
    1092       1.7887
    1093       1.7217
    1094       1.7546
    1095       1.8086
    1096       1.7776
    1097       1.8315
    1098       1.7410
    1099       1.7617
    1100       1.8042
    1101       1.7812
    1102       1.6656
    1103       1.7546
    1104       1.6750
    1105       1.6793
    1106       1.7205
    1107       1.6905
    1108       1.6407
    1109       1.6465
    1110       1.8434
    1111       1.7971
    1112       1.7599
    1113       1.7978
    1114       1.7128
    1115       1.7948
    1116       1.6848
    1117       1.7525
    1118       1.7772
    1119       1.6362
    1120       1.7226
    1121       1.6451
    1122       1.6781
    1123       1.6841
    1124       1.6539
    1125       1.7864
    1126       1.7825
    1127       1.7993
    1128       1.7969
    1129       1.7207
    1130       1.7990
    1131       1.6540
    1132       1.7736
    1133       1.8136
    1134       1.7733
    1135       1.7363
    1136       1.7648
    1137       1.6254
    1138       1.6716
    1139       1.6880
    1140       1.6109
    1141       1.6291
    1142       1.6903
    1143       1.6894
    1144       1.6460
    1145       1.6667
    1146       1.7265
    1147       1.7177
    1148       1.7900
    1149       1.6301
    1150       1.7855
    1151       1.5952
    1152       1.7807
    1153       1.6997
    1154       1.5551
    1155       1.6031
    1156       1.6859
    1157       1.7075
    1158       1.7505
    1159       1.7584
    1160       1.7614
    1161       1.7766
    1162       1.7211
    1163       1.7746
    1164       1.7557
    1165       1.7841
    1166       1.7691
    1167       1.8175
    1168       1.6656
    1169       1.6401
    1170       1.6125
    1171       1.8418
    1172       1.7637
    1173       1.7527
    1174       1.8277
    1175       1.7988
    1176       1.6979
    1177       1.6236
    1178       1.6972
    1179       1.8190
    1180       1.7883
    1181       1.7009
    1182       1.8127
    1183       1.7538
    1184       1.7463
    1185       1.7532
    1186       1.7153
    1187       1.6932
    1188       1.7512
    1189       1.6645
    1190       1.9279
    1191       1.7621
    1192       1.8078
    1193       1.7836
    1194       1.7009
    1195       1.7392
    1196       1.7992
    1197       1.8136
    1198       1.7305
    1199       1.7637
    1200       1.7418
    1201       1.6850
    1202       1.6229
    1203       1.6661
    1204       1.5872
    1205       1.8010
    1206       1.6945
    1207       1.7036
    1208       1.6733
    1209       1.7250
    1210       1.7844
    1211       1.8171
    1212       1.6471
    1213       1.8174
    1214       1.6978
    1215       1.7334
    1216       1.7779
    1217       1.9037
    1218       1.7916
    1219       1.8428
    1220       1.8993
    1221       1.8830
    1222       1.8301
    1223       1.7903
    1224       1.7609
    1225       1.8762
    1226       1.7632
    1227       1.9313
    1228       1.8663
    1229       1.6860
    1230       1.8715
    1231       2.0828
    1232       1.9092
    1233       1.8512
    1234       1.7365
    1235       1.8253
    1236       1.7949
    1237       1.8052
    1238       1.6281
    1239       1.6954
    1240       1.8038
    1241       1.6977
    1242       1.8277
    1243       1.7704
    1244       1.6836
    1245       1.8051
    1246       1.9932
    1247       1.8570
    1248       1.8776
    1249       1.9790
    1250       1.8825
    1251       1.8286
    1252       1.8755
    1253       1.8814
    1254       1.8056
    1255       1.9170
    1256       1.7841
    1257       1.7985
    1258       1.8362
    1259       1.7239
    1260       1.5906
    1261       1.6342
    1262       1.7663
    1263       1.6101
    1264       1.8210
    1265       1.8316
    1266       1.5385
    1267       1.5844
    1268       1.8010
    1269       1.6978
    1270       1.6169
    1271       1.5918
    1272       1.5689
    1273       1.6220
    1274       1.6599
    1275       1.6994
    1276       1.6183
    1277       1.7118
    1278       1.7032
    1279       1.7581
    1280       1.8319
    1281       1.7558
    1282       1.7659
    1283       1.8026
    1284       1.8191
    1285       1.7801
    1286       1.6121
    1287       1.7984
    1288       1.7582
    1289       1.8083
    1290       1.7027
    1291       1.7329
    1292       1.7539
    1293       1.7681
    1294       1.7890
    1295       1.8087
    1296       1.8000
    1297       1.8375
    1298       1.8403
    1299       1.8104
    1300       1.8156
    1301       1.7524
    1302       1.7026
    1303       1.7121
    1304       1.7159
    1305       1.8634
    1306       1.7962
    1307       1.7635
    1308       1.7109
    1309       1.8227
    1310       1.9259
    1311       1.9338
    1312       1.8736
    1313       1.8840
    1314       1.8795
    1315       1.9088
    1316       1.8891
    1317       1.9289
    1318       1.9268
    1319       1.8123
    1320       1.7949
    1321       1.7125
    1322       1.8909
    1323       1.9664
    1324       1.8404
    1325       1.7741
    1326       1.9655
    1327       1.7836
    1328       1.7762
    1329       1.7155
    1330       1.6833
    1331       1.6716
    1332       1.8127
    1333       1.8742
    1334       1.7939
    1335       1.8018
    1336       1.7521
    1337       1.7812
    1338       1.6397
    1339       1.8287
    1340       1.8024
    1341       1.8556
    1342       1.6113
    1343       1.6790
    1344       1.5419
    1345       1.8338
    1346       1.6524
    1347       1.6826
    1348       1.7376
    1349       1.6449
    1350       1.6790
    1351       1.8076
    1352       1.8374
    1353       1.7696
    1354       1.7100
    1355       1.7710
    1356       1.7142
    1357       1.8656
    1358       1.7509
    1359       1.7211
    1360       1.8944
    1361       1.8138
    1362       1.8351
    1363       1.8572
    1364       1.7728
    1365       1.8601
    1366       1.7708
    1367       1.9279
    1368       1.7957
    1369       2.0006
    1370       1.9183
    1371       1.7516
    1372       1.7717
    1373       1.7980
    1374       1.7328
    1375       1.7491
    1376       1.8155
    1377       1.8323
    1378       1.7854
    1379       1.9126
    1380       1.9390
    1381       1.8412
    1382       1.9298
    1383       1.7260
    1384       1.8295
    1385       1.8958
    1386       1.9651
    1387       1.8365
    1388       1.8520
    1389       1.8035
    1390       1.8576
    1391       1.8212
    1392       1.8695
    1393       1.8520
    1394       1.9416
    1395       1.9025
    1396       1.8916
    1397       1.7783
    1398       1.8862
    1399       1.8651
    1400       1.7865
    1401       1.6074
    1402       1.6555
    1403       1.6537
    1404       1.8187
    1405       1.7951
    1406       1.7523
    1407       1.7682
    1408       1.8217
    1409       1.7762
    1410       1.7325
    1411       1.7634
    1412       1.8646
    1413       1.8796
    1414       1.7993
    1415       1.8418
    1416       1.8542
    1417       1.8519
    1418       1.7589
    1419       1.8410
    1420       1.8065
    1421       1.7388
    1422       1.6725
    1423       1.6379
    1424       1.7423
    1425       1.7898
    1426       1.7315
    1427       1.8312
    1428       1.7812
    1429       1.9008
    1430       1.7920
    1431       1.6726
    1432       1.7152
    1433       1.7511
    1434       1.8384
    1435       1.7644
    1436       1.7566
    1437       1.6451
    1438       1.7618
    1439       1.8660
    1440       1.7140
    1441       1.8764
    1442       1.8894
    1443       1.6622
    1444       1.8890
    1445       1.7590
    1446       1.7701
    1447       1.7723
    1448       1.8427
    1449       1.7771
    1450       1.8484
    1451       1.7356
    1452       1.8137
    1453       1.7909
    1454       1.7604
    1455       1.6771
    1456       1.6462
    1457       1.6864
    1458       1.7133
    1459       1.7096
    1460       1.7346
    1461       1.8118
    1462       1.7429
    1463       1.7499
    1464       1.7131
    1465       1.7621
    1466       1.8310
    1467       1.9262
    1468       1.8763
    1469       1.7804
    1470       1.8606
    1471       1.8468
    1472       1.7565
    1473       1.8532
    1474       1.7560
    1475       1.7708
    1476       1.6774
    1477       1.6771
    1478       1.7827
    1479       1.8342
    1480       1.7975
    1481       1.7766
    1482       1.7046
    1483       1.7670
    1484       1.6785
    1485       1.6952
    1486       1.6955
    1487       1.6240
    1488       1.7524
    1489       1.7519
    1490       1.7671
    1491       1.7284
    1492       1.7603
    1493       1.7915
    1494       1.8803
    1495       1.7194
    1496       1.8517
    1497       1.8357
    1498       1.8019
    1499       1.7779
    1500       1.8544
    1501       1.8257
    1502       1.8389
    1503       1.7535
    1504       1.7410
    1505       1.7456
    1506       1.9360
    1507       1.8159
    1508       1.8101
    1509       1.7688
    1510       1.8265
    1511       1.8538
    1512       1.9399
    1513       1.9058
    1514       1.9375
    1515       1.9578
    1516       1.8523
    1517       1.9325
    1518       1.8840
    1519       1.9799
    1520       1.9736
    1521       1.9221
    1522       1.7929
    1523       1.9025
    1524       2.0160
    1525       1.9611
    1526       1.9540
    1527       1.9721
    1528       1.9151
    1529       1.8994
    1530       1.7578
    1531       1.7642
    1532       1.8401
    1533       1.8111
    1534       1.7818
    1535       1.7587
    1536       1.8370
    1537       1.7865
    1538       1.9406
    1539       1.8098
    1540       1.8089
    1541       1.8858
    1542       1.9595
    1543       1.9689
    1544       1.9222
    1545       1.8189
    1546       1.7283
    1547       1.7487
    1548       1.8164
    1549       1.8940
    1550       1.9961
    1551       2.0509
    1552       2.0517
    1553       2.0784
    1554       2.0549
    1555       2.1355
    1556       1.9578
    1557       1.9713
    1558       2.0878
    1559       1.9527
    1560       2.0578
    1561       1.9612
    1562       1.9281
    1563       1.9282
    1564       1.9150
    1565       2.0327
    1566       1.9095
    1567       1.9250
    1568       1.9387
    1569       1.8946
    1570       1.8759
    1571       1.8905
    1572       1.9280
    1573       1.9564
    1574       1.8508
    1575       1.8978
    1576       1.7612
    1577       1.7393
    1578       1.8899
    1579       1.7526
    1580       1.9389
    1581       1.9906
    1582       1.9538
    1583       1.8983
    1584       1.9311
    1585       1.8494
    1586       1.8030
    1587       1.8630
    1588       1.7908
    1589       1.9152
    1590       1.8963
    1591       1.9650
    1592       1.9184
    1593       1.8917
    1594       1.9252
    1595       1.9050
    1596       1.8510
    1597       1.8743
    1598       1.9590
    1599       1.8250
    1600       1.8063
    1601       1.8800
    1602       1.8890
    1603       1.7711
    1604       1.8649
    1605       1.8513
    1606       1.7867
    1607       1.8897
    1608       1.8785
    1609       1.7799
    1610       1.8477
    1611       1.8230
    1612       1.8713
    1613       1.9010
    1614       1.8901
    1615       1.8406
    1616       1.8987
    1617       1.7498
    1618       1.8186
    1619       1.6585
    1620       1.7460
    1621       1.8004
    1622       1.8046
    1623       1.8706
    1624       1.7117
    1625       1.7774
    1626       1.8886
    1627       1.8796
    1628       1.9936
    1629       1.9239
    1630       1.8658
    1631       2.0068
    1632       1.8960
    1633       1.8500
    1634       1.8817
    1635       1.8967
    1636       1.8591
    1637       1.7746
    1638       1.9662
    1639       1.8409
    1640       1.8663
    1641       1.9192
    1642       1.9340
    1643       1.9463
    1644       1.8760
    1645       1.9924
    1646       1.8659
    1647       1.8781
    1648       1.8472
    1649       1.8844
    1650       1.9040
    1651       1.9611
    1652       1.9304
    1653       1.8415
    1654       1.9346
    1655       1.9003
    1656       1.8512
    1657       1.8125
    1658       1.8791
    1659       1.8095
    1660       1.8817
    1661       1.8469
    1662       1.9053
    1663       1.8820
    1664       1.8913
    1665       1.9733
    1666       1.8639
    1667       2.0059
    1668       1.8672
    1669       1.8522
    1670       1.7829
    1671       1.8863
    1672       1.8445
    1673       1.9270
    1674       1.9407
    1675       1.9735
    1676       1.8949
    1677       1.8461
    1678       1.7715
    1679       1.8773
    1680       1.8933
    1681       1.8908
    1682       1.8485
    1683       1.8205
    1684       1.8912
    1685       1.9080
    1686       1.9325
    1687       1.9811
    1688       1.9977
    1689       1.9391
    1690       1.9208
    1691       1.9779
    1692       1.9568
    1693       2.0449
    1694       2.0370
    1695       1.9727
    1696       2.0815
    1697       1.9261
    1698       1.9959
    1699       1.9708
    1700       1.9686
    1701       2.0962
    1702       2.0210
    1703       1.9164
    1704       1.8617
    1705       1.9925
    1706       1.9323
    1707       1.9164
    1708       1.9548
    1709       1.9781
    1710       2.0499
    1711       2.0727
    1712       1.9220
    1713       1.9020
    1714       1.9104
    1715       1.7881
    1716       1.8397
    1717       1.8563
    1718       1.7987
    1719       1.8540
    1720       1.8740
    1721       1.7595
    1722       1.8897
    1723       1.8391
    1724       1.8480
    1725       1.8619
    1726       1.8062
    1727       1.7638
    1728       1.7756
    1729       1.8708
    1730       1.9804
    1731       1.9258
    1732       1.8188
    1733       1.8989
    1734       1.9004
    1735       1.8878
    1736       1.9015
    1737       1.8940
    1738       1.8697
    1739       1.8528
    1740       1.8796
    1741       1.8133
    1742       1.8783
    1743       1.8413
    1744       1.8969
    1745       1.8424
    1746       1.8193
    1747       1.8460
    1748       1.8251
    1749       1.8388
    1750       1.8723
    1751       1.9342
    1752       1.9006
    1753       1.8188
    1754       1.9442
    1755       1.9256
    1756       1.8941
    1757       1.8338
    1758       1.8172
    1759       1.8074
    1760       1.9233
    1761       1.8619
    1762       1.8623
    1763       1.8762
    1764       1.9067
    1765       1.9971
    1766       1.8915
    1767       1.9147
    1768       1.8868
    1769       1.9237
    1770       1.8576
    1771       1.8653
    1772       1.8337
    1773       1.7975
    1774       1.9289
    1775       1.8765
    1776       1.8626
    1777       1.9030
    1778       1.8974
    1779       1.8441
    1780       1.9871
    1781       1.9251
    1782       1.9290
    1783       1.8674
    1784       1.9466
    1785       1.8753
    1786       1.8339
    1787       1.8096
    1788       1.9671
    1789       1.8495
    1790       1.8778
    1791       1.9013
    1792       1.9294
    1793       1.8574
    1794       1.8945
    1795       1.8951
    1796       1.9334
    1797       1.9013
    1798       1.9862
    1799       1.8801
    1800       1.8814
    1801       1.8242
    1802       1.9907
    1803       1.8519
    1804       1.9811
    1805       1.8840
    1806       1.8882
    1807       1.8219
    1808       2.0162
    1809       2.0242
    1810       1.9181
    1811       1.8867
    1812       1.8219
    1813       2.0057
    1814       1.8243
    1815       1.9161
    1816       1.9382
    1817       1.8907
    1818       1.9015
    1819       1.8637
    1820       1.7810
    1821       1.8097
    1822       1.8431
    1823       1.7815
    1824       1.8461
    1825       1.8899
    1826       1.7844
    1827       1.8082
    1828       1.8735
    1829       1.7883
    1830       1.8488
    1831       1.8703
    1832       1.8517
    1833       1.8673
    1834       1.9808
    1835       2.0556
    1836       1.9500
    1837       1.9049
    1838       1.8594
    1839       1.9879
    1840       1.8721
    1841       1.9443
    1842       1.9674
    1843       1.9182
    1844       2.0361
    1845       2.0186
    1846       2.0401
    1847       1.9695
    1848       1.8902
    1849       1.9540
    1850       1.9430
    1851       1.8292
    1852       1.8935
    1853       1.9362
    1854       1.9912
    1855       1.9113
    1856       1.9513
    1857       1.9934
    1858       1.9866
    1859       1.9195
    1860       2.0821
    1861       2.0518
    1862       1.8310
    1863       1.8402
    1864       1.7720
    1865       1.9225
    1866       1.9551
    1867       1.7894
    1868       1.9147
    1869       1.9571
    1870       1.8733
    1871       1.7929
    1872       1.8221
    1873       1.7917
    1874       1.8880
    1875       1.8710
    1876       1.9256
    1877       1.7868
    1878       1.8488
    1879       1.8234
    1880       1.7701
    1881       1.8559
    1882       1.8492
    1883       1.7909
    1884       1.8113
    1885       1.8210
    1886       1.9390
    1887       1.8536
    1888       1.9057
    1889       1.8157
    1890       1.8554
    1891       1.8194
    1892       1.8629
    1893       1.9299
    1894       1.7742
    1895       1.8102
    1896       1.8663
    1897       1.8911
    1898       1.8460
    1899       1.8952
    1900       1.8676
    1901       1.8683
    1902       1.7986
    1903       1.9159
    1904       1.9302
    1905       1.9352
    1906       1.8720
    1907       1.8778
    1908       1.9492
    1909       2.0279
    1910       1.9395
    1911       1.9510
    1912       1.9902
    1913       1.9730
    1914       1.9180
    1915       1.8611
    1916       1.8940
    1917       1.8478
    1918       1.9633
    1919       1.9003
    1920       1.9729
    1921       1.9669
    1922       1.9452
    1923       1.9700
    1924       1.9536
    1925       1.9669
    1926       1.9271
    1927       2.0336
    1928       1.9104
    1929       1.8692
    1930       1.8629
    1931       1.8926
    1932       1.8891
    1933       1.9915
    1934       1.8780
    1935       1.8743
    1936       1.8901
    1937       1.9070
    1938       1.8453
    1939       2.0251
    1940       1.9213
    1941       1.8464
    1942       1.9508
    1943       1.9831
    1944       1.9803
    1945       1.8954
    1946       1.9457
    1947       1.9397
    1948       1.9121
    1949       1.9107
    1950       1.9277
    1951       1.8569
    1952       1.9524
    1953       1.8980
    1954       1.9225
    1955       1.9611
    1956       1.9637
    1957       1.9335
    1958       2.0557
    1959       1.9318
    1960       1.9183
    1961       1.9554
    1962       1.8335
    1963       1.9098
    1964       1.9397
    1965       1.9906
    1966       1.9206
    1967       1.8330
    1968       1.9244
    1969       1.9115
    1970       2.0062
    1971       1.8821
    1972       2.0652
    1973       1.9397
    1974       2.0702
    1975       2.2041
    1976       1.9519
    1977       1.9884
    1978       2.1489
    1979       1.8868
    1980       2.0148
    1981       1.9399
    1982       1.8871
    1983       1.9638
    1984       1.9126
    1985       1.8940
    1986       1.9092
    1987       1.9367
    1988       1.8560
    1989       1.8267
    1990       1.9242
    1991       1.9573
    1992       1.9353
    1993       1.8491
    1994       1.9114
    1995       1.9388
    1996       1.9423
    1997       1.9857
    1998       1.9361
    1999       2.0498
    2000       1.9550
    2001       2.0280
    2002       1.8969
    2003       1.8578
    2004       1.8524
    2005       1.9374
    2006       1.9712
    2007       1.9479
    2008       1.9930
    2009       1.8844
    2010       1.9420
    2011       1.9174
    2012       1.8135
    2013       1.8841
    2014       1.8913
    2015       1.8982
    2016       1.9150
    2017       1.8854
    2018       1.7976
    2019       1.8451
    2020       1.9685
    2021       1.8941
    2022       1.9317
    2023       1.8537
    2024       1.9321
    2025       1.8848
    2026       1.8562
    2027       1.7479
    2028       1.8383
    2029       1.9070
    2030       1.9022
    2031       1.7436
    2032       1.8540
    2033       1.8000
    2034       1.7845
    2035       1.7639
    2036       1.9713
    2037       1.8234
    2038       1.9312
    2039       1.7604
    2040       1.8533
    2041       1.8556
    2042       1.7638
    2043       1.8138
    2044       1.8509
    2045       1.8152
    2046       1.8433
    2047       1.8583
    2048       1.6991
    2049       1.8221
    2050       1.7938
    2051       1.7741
    2052       1.7996
    2053       1.7480
    2054       1.7871
    2055       1.8416
    2056       1.8168
    2057       1.8477
    2058       1.7833
    2059       1.8402
    2060       1.8451
    2061       1.8926
    2062       1.8416
    2063       1.8001
    2064       1.9555
    2065       1.8897
    2066       1.7628
    2067       1.7593
    2068       1.7140
    2069       1.6641
    2070       1.8111
    2071       1.7417
    2072       1.7762
    2073       1.8055
    2074       1.8483
    2075       1.8416
    2076       1.8557
    2077       1.8489
    2078       1.7899
    2079       1.8336
    2080       1.9332
    2081       1.7951
    2082       1.8660
    2083       1.9269
    2084       1.8762
    2085       1.8541
    2086       1.7892
    2087       1.7994
    2088       1.8705
    2089       1.7950
    2090       1.9846
    2091       1.9638
    2092       1.7928
    2093       1.7697
    2094       1.8172
    2095       1.8701
    2096       1.7957
    2097       1.8491
    2098       1.8703
    2099       1.8518
    2100       1.9013
    2101       1.8355
    2102       1.8204
    2103       1.7665
    2104       1.7364
    2105       1.7943
    2106       1.8239
    2107       1.7631
    2108       1.7729
    2109       1.8511
    2110       1.8423
    2111       1.8133
    2112       1.8028
    2113       1.8053
    2114       1.7895
    2115       1.7928
    2116       1.7859
    2117       1.7925
    2118       1.6961
    2119       1.7233
    2120       1.7626
    2121       1.6207
    2122       1.7534
    2123       1.6815
    2124       1.7724
    2125       1.7538
    2126       1.8774
    2127       1.7452
    2128       1.8084
    2129       1.7649
    2130       1.7663
    2131       1.8576
    2132       1.8908
    2133       1.8300
    2134       1.8292
    2135       1.8311
    2136       1.8273
    2137       1.8054
    2138       1.9073
    2139       1.9641
    2140       1.7388
    2141       1.8926
    2142       1.8436
    2143       1.7380
    2144       1.8402
    2145       1.8343
    2146       1.7585
    2147       1.7549
    2148       1.8411
    2149       1.8050
    2150       1.8042
    2151       1.7590
    2152       1.8041
    2153       1.7680
    2154       1.8313
    2155       1.7979
    2156       1.7822
    2157       1.9233
    2158       1.8161
    2159       1.8769
    2160       1.8823
    2161       1.9262
    2162       1.9473
    2163       1.9075
    2164       1.8244
    2165       1.7584
    2166       1.8083
    2167       1.7336
    2168       1.7988
    2169       1.9003
    2170       1.7425
    2171       1.8066
    2172       1.7239
    2173       1.8255
    2174       1.7565
    2175       1.7907
    2176       1.7487
    2177       1.8640
    2178       1.8448
    2179       1.8274
    2180       1.8178
    2181       1.8825
    2182       1.8628
    2183       1.7878
    2184       1.7751
    2185       1.8290
    2186       1.8317
    2187       1.8660
    2188       2.0605
    2189       1.7296
    2190       1.9428
    2191       1.9435
    2192       1.9170
    2193       1.8051
    2194       1.7822
    2195       1.8243
    2196       1.7181
    2197       1.7442
    2198       1.9023
    2199       1.7889
    2200       1.7884
    2201       1.8263
    2202       1.7958
    2203       1.8342
    2204       1.8765
    2205       1.8796
    2206       1.8179
    2207       1.7598
    2208       1.8910
    2209       1.9407
    2210       1.9431
    2211       1.9548
    2212       1.8857
    2213       1.8678
    2214       1.8284
    2215       2.0022
    2216       1.7813
    2217       1.9207
    2218       1.9395
    2219       1.9931
    2220       2.0658
    2221       1.9607
    2222       2.0419
    2223       2.0826
    2224       2.2319
    2225       2.0574
    2226       2.0590
    2227       1.9000
    2228       1.7217
    2229       1.9726
    2230       1.8032
    2231       1.8575
    2232       1.8512
    2233       2.0220
    2234       2.0411
    2235       2.1211
    2236       2.0960
    2237       1.9918
    2238       2.1750
    2239       2.0512
    2240       2.1071
    2241       2.1264
    2242       1.9385
    2243       1.8888
    2244       1.9618
    2245       1.9878
    2246       1.7942
    2247       2.1512
    2248       1.9361
    2249       1.8102
    2250       1.9761
    2251       1.9266
    2252       1.8519
    2253       1.8042
    2254       1.9246
    2255       1.9309
    2256       1.9316
    2257       1.9563
    2258       1.8809
    2259       2.0555
    2260       1.9062
    2261       1.8835
    2262       2.0181
    2263       1.8908
    2264       1.8674
    2265       1.8771
    2266       2.0087
    2267       2.0014
    2268       1.7974
    2269       1.8105
    2270       1.9887
    2271       1.9817
    2272       1.8802
    2273       1.8658
    2274       1.8885
    2275       2.0444
    2276       2.0075
    2277       1.7899
    2278       2.0490
    2279       1.8887
    2280       1.8726
    2281       1.8320
    2282       1.8920
    2283       1.9073
    2284       1.8393
    2285       1.9355
    2286       1.8029
    2287       1.8800
    2288       1.8690
    2289       1.8484
    2290       1.7705
    2291       1.7567
    2292       1.8033
    2293       1.8480
    2294       1.8092
    2295       1.7779
    2296       1.8393
    2297       1.7858
    2298       1.7378
    2299       1.7028
    2300       1.7667
    2301       1.8382
    2302       1.8642
    2303       1.9320
    2304       1.8996
    2305       1.9572
    2306       1.7716
    2307       1.8517
    2308       1.8438
    2309       1.9547
    2310       2.0346
    2311       1.9413
    2312       1.8307
    2313       1.8565
    2314       1.9427
    2315       2.0883
    2316       1.9160
    2317       1.8508
    2318       1.7024
    2319       1.8458
    2320       1.9210
    2321       1.8063
    2322       1.8732
    2323       1.8396
    2324       1.7369
    2325       1.7957
    2326       1.8083
    2327       1.8090
    2328       1.8041
    2329       1.7991
    2330       1.7732
    2331       1.7522
    2332       1.6806
    2333       1.7588
    2334       1.8143
    2335       1.7467
    2336       1.7987
    2337       1.6864
    2338       1.7969
    2339       1.7791
    2340       1.8524
    2341       1.7317
    2342       1.7645
    2343       1.6960
    2344       1.8215
    2345       1.7975
    2346       1.8486
    2347       1.7811
    2348       1.7768
    2349       1.7303
    2350       1.8798
    2351       1.8326
    2352       1.7123
    2353       1.8374
    2354       1.8883
    2355       1.8029
    2356       1.8800
    2357       1.9645
    2358       1.8939
    2359       1.9930
    2360       1.8097
    2361       1.8253
    2362       1.8312
    2363       1.8105
    2364       1.8007
    2365       1.7818
    2366       1.7838
    2367       1.8347
    2368       1.8590
    2369       1.8798
    2370       1.8927
    2371       1.8333
    2372       1.7157
    2373       1.9165
    2374       1.8396
    2375       1.7209
    2376       1.9004
    2377       1.8543
    2378       1.7955
    2379       1.7881
    2380       1.7944
    2381       1.8853
    2382       1.8232
    2383       1.8081
    2384       1.8397
    2385       1.7743
    2386       1.8303
    2387       1.7563
    2388       1.7261
    2389       1.7525
    2390       1.7666
    2391       1.7469
    2392       1.8218
    2393       1.7574
    2394       1.7799
    2395       1.8145
    2396       1.9109
    2397       1.8711
    2398       1.7426
    2399       1.8815
    2400       1.8511
    2401       1.8510
    2402       1.7817
    2403       1.7840
    2404       1.7658
    2405       1.8987
    2406       1.8446
    2407       1.7126
    2408       1.8452
    2409       1.8804
    2410       1.9712
    2411       1.8729
    2412       1.9680
    2413       1.8818
    2414       1.8209
    2415       1.8005
    2416       1.9498
    2417       1.9410
    2418       1.8084
    2419       1.9329
    2420       1.8932
    2421       1.8679
    2422       1.8603
    2423       1.8367
    2424       1.7737
    2425       1.9558
    2426       1.8585
    2427       1.8627
    2428       1.8420
    2429       1.7634
    2430       1.8577
    2431       1.7474
    2432       1.7072
    2433       1.8208
    2434       1.7832
    2435       1.9319
    2436       1.9472
    2437       1.9863
    2438       2.0277
    2439       1.9939
    2440       1.9508
    2441       1.9894
    2442       1.9698
    2443       2.0018
    2444       1.9093
    2445       2.0565
    2446       1.9364
    2447       1.8316
    2448       1.8909
    2449       1.8181
    2450       1.9868
    2451       1.9101
    2452       1.8578
    2453       1.9531
    2454       2.0797
    2455       1.9137
    2456       2.0306
    2457       1.8380
    2458       1.8500
    2459       1.9018
    2460       1.9402
    2461       1.9987
    2462       1.9027
    2463       1.9860
    2464       1.9525
    2465       1.8697
    2466       1.8374
    2467       1.7584
    2468       1.7885
    2469       1.9136
    2470       1.8007
    2471       1.7906
    2472       1.9072
    2473       1.8369
    2474       1.8207
    2475       1.9403
    2476       1.9082
    2477       1.7447
    2478       1.7898
    2479       1.7967
    2480       1.9791
    2481       1.8289
    2482       1.9559
    2483       1.8172
    2484       1.9579
    2485       1.8164
    2486       1.7758
    2487       1.8412
    2488       1.8392
    2489       1.7962
    2490       1.8414
    2491       1.7574
    2492       1.8738
    2493       1.8598
    2494       1.8595
    2495       1.7797
    2496       1.8796
    2497       1.6629
    2498       1.9103
    2499       1.7448
    2500       1.7624
    2501       1.7612
    2502       1.8857
    2503       1.8420
    2504       1.8890
    2505       1.7347
    2506       1.8379
    2507       1.8149
    2508       1.8830
    2509       1.8041
    2510       1.6864
    2511       1.6529
    2512       1.8386
    2513       1.8580
    2514       1.7905
    2515       1.7605
    2516       1.7832
    2517       1.8043
    2518       1.8164
    2519       1.7955
    2520       1.7829
    2521       1.9212
    2522       1.7707
    2523       1.7269
    2524       1.8428
    2525       1.8732
    2526       1.6805
    2527       1.8496
    2528       1.8606
    2529       1.8159
    2530       1.9092
    2531       1.7994
    2532       1.8519
    2533       1.8323
    2534       1.8975
    2535       1.8716
    2536       1.7693
    2537       1.9200
    2538       1.7577
    2539       1.9204
    2540       1.8422
    2541       1.9074
    2542       1.8927
    2543       1.7498
    2544       2.0070
    2545       1.8563
    2546       1.8046
    2547       1.8962
    2548       1.9251
    2549       1.9398
    2550       1.7983
    2551       1.7745
    2552       1.8177
    2553       1.9155
    2554       1.8273
    2555       1.8881
    2556       1.9081
    2557       1.8010
    2558       1.8878
    2559       1.7903
    2560       1.9082
    2561       1.9175
    2562       2.0682
    2563       1.8960
    2564       1.7704
    2565       1.7716
    2566       1.7814
    2567       1.8859
    2568       1.9256
    2569       1.9718
    2570       1.9510
    2571       1.9462
    2572       1.8180
    2573       1.9580
    2574       1.9320
    2575       1.8468
    2576       1.9490
    2577       1.8854
    2578       1.8530
    2579       1.8943
    2580       1.8579
    2581       1.9634
    2582       1.7782
    2583       1.9274
    2584       1.9611
    2585       2.0191
    2586       1.9768
    2587       1.9960
    2588       1.8904
    2589       1.9445
    2590       1.8894
    2591       2.0639
    2592       1.9577
    2593       1.9050
    2594       1.9417
    2595       1.8153
    2596       1.9918
    2597       1.9874
    2598       2.1031
    2599       1.8996
    2600       1.9008
    2601       1.8997
    2602       2.0844
    2603       1.9353
    2604       2.1064
    2605       2.0256
    2606       2.0176
    2607       2.0177
    2608       1.9160
    2609       1.9206
    2610       1.8023
    2611       2.0471
    2612       1.8127
    2613       1.9568
    2614       1.8944
    2615       1.8408
    2616       1.8409
    2617       1.8499
    2618       1.8792
    2619       1.9420
    2620       1.8485
    2621       1.7980
    2622       1.7449
    2623       1.8423
    2624       1.8970
    2625       1.9428
    2626       1.7405
    2627       1.8829
    2628       1.8816
    2629       1.8420
    2630       1.8310
    2631       1.8848
    2632       1.9787
    2633       1.7808
    2634       1.9035
    2635       1.8996
    2636       1.7573
    2637       1.7896
    2638       1.9199
    2639       1.9007
    2640       1.8032
    2641       1.9249
    2642       1.7260
    2643       1.8309
    2644       1.7500
    2645       1.8600
    2646       1.8010
    2647       1.9320
    2648       1.8296
    2649       1.9231
    2650       1.9140
    2651       1.7798
    2652       1.9126
    2653       1.7286
    2654       1.8204
    2655       1.7603
    2656       1.8356
    2657       1.8159
    2658       1.9219
    2659       1.8223
    2660       1.7592
    2661       1.6526
    2662       1.8342
    2663       1.8787
    2664       1.7570
    2665       1.8100
    2666       1.7624
    2667       1.8105
    2668       1.9725
    2669       1.9349
    2670       1.8280
    2671       1.7534
    2672       1.8083
    2673       1.8551
    2674       1.7574
    2675       1.8694
    2676       1.8443
    2677       1.9414
    2678       1.9925
    2679       1.9117
    2680       1.9327
    2681       1.8679
    2682       1.8472
    2683       1.9170
    2684       1.9663
    2685       1.9319
    2686       2.0457
    2687       2.0037
    2688       1.9596
    2689       1.9876
    2690       1.9889
    2691       2.0707
    2692       2.0731
    2693       2.0252
    2694       2.1401
    2695       2.0473
    2696       1.9665
    2697       2.0811
    2698       1.9241
    2699       2.0240
    2700       2.0834
    2701       2.1906
    2702       1.9433
    2703       1.8895
    2704       1.8713
    2705       1.8846
    2706       1.9363
    2707       1.9431
    2708       1.9485
    2709       2.0655
    2710       1.9600
    2711       1.9687
    2712       1.7982
    2713       1.8455
    2714       1.8601
    2715       1.8250
    2716       1.7741
    2717       1.9131
    2718       1.8465
    2719       1.8762
    2720       2.0352
    2721       1.8686
    2722       1.8183
    2723       1.9120
    2724       1.8198
    2725       1.9332
    2726       1.9460
    2727       1.8753
    2728       1.9771
    2729       1.8036
    2730       1.8583
    2731       1.8322
    2732       1.8216
    2733       1.8085
    2734       1.8601
    2735       1.9202
    2736       1.8848
    2737       1.8795
    2738       1.9185
    2739       1.8642
    2740       1.7888
    2741       1.9777
    2742       1.8978
    2743       1.9424
    2744       1.9013
    2745       1.8638
    2746       1.8815
    2747       1.8531
    2748       1.9423
    2749       1.9359
    2750       1.8303
    2751       2.0905
    2752       1.9290
    2753       1.9940
    2754       2.0411
    2755       1.9265
    2756       2.0288
    2757       1.8621
    2758       1.8149
    2759       1.9443
    2760       1.9841
    2761       2.0016
    2762       1.8981
    2763       1.9484
    2764       1.9044
    2765       2.0414
    2766       1.9216
    2767       2.0736
    2768       1.9737
    2769       2.0009
    2770       1.8761
    2771       1.8809
    2772       1.8903
    2773       1.9102
    2774       1.9472
    2775       1.8868
    2776       1.8614
    2777       1.9963
    2778       1.9320
    2779       1.9608
    2780       1.9735
    2781       2.0183
    2782       2.0813
    2783       2.0378
    2784       2.1245
    2785       1.9983
    2786       1.9387
    2787       1.9553
    2788       1.9978
    2789       2.0811
    2790       2.0874
    2791       2.0491
    2792       1.9548
    2793       2.1916
    2794       1.9282
    2795       2.0277
    2796       1.9038
    2797       2.0183
    2798       1.9730
    2799       1.9231
    2800       2.0754
    2801       2.0048
    2802       2.0012
    2803       2.0153
    2804       1.9456
    2805       2.0290
    2806       2.0818
    2807       2.0233
    2808       2.1496
    2809       2.0022
    2810       2.1703
    2811       2.1129
    2812       2.0808
    2813       2.0649
    2814       2.0375
    2815       2.0489
    2816       2.0618
    2817       2.1317
    2818       2.0465
    2819       2.1095
    2820       2.1186
    2821       2.0561
    2822       2.0082
    2823       2.0945
    2824       2.1860
    2825       2.0168
    2826       2.0633
    2827       2.1084
    2828       2.0641
    2829       2.1126
    2830       2.0231
    2831       2.0017
    2832       2.0372
    2833       2.0268
    2834       1.9939
    2835       2.0179
    2836       2.0368
    2837       2.0531
    2838       1.8442
    2839       2.0018
    2840       2.0641
    2841       1.8560
    2842       1.8938
    2843       1.9224
    2844       1.9749
    2845       1.8916
    2846       1.8745
    2847       1.9939
    2848       2.1253
    2849       2.0707
    2850       1.8993
    2851       1.9387
    2852       1.9233
    2853       1.9083
    2854       1.8916
    2855       1.9363
    2856       2.0160
    2857       1.9851
    2858       2.1242
    2859       2.0211
    2860       2.0004
    2861       1.9489
    2862       2.1220
    2863       2.1466
    2864       2.1586
    2865       1.9498
    2866       2.0416
    2867       2.0562
    2868       2.0630
    2869       1.9923
    2870       1.9385
    2871       1.8667
    2872       1.9022
    2873       1.8102
    2874       1.8708
    2875       1.9413
    2876       1.8904
    2877       1.9440
    2878       2.0703
    2879       2.0380
    2880       1.9587
    2881       1.9420
    2882       2.0196
    2883       1.9810
    2884       2.0363
    2885       2.0874
    2886       1.9555
    2887       1.9402
    2888       2.1285
    2889       1.9769
    2890       2.1252
    2891       1.9503
    2892       1.9672
    2893       2.0010
    2894       1.9896
    2895       2.0338
    2896       1.9112
    2897       1.9988
    2898       1.9253
    2899       1.9557
    2900       2.0126
    2901       2.0019
    2902       2.1739
    2903       2.0681
    2904       2.1473
    2905       2.0378
    2906       1.9225
    2907       1.9884
    2908       2.1116
    2909       1.8764
    2910       1.9936
    2911       2.0005
    2912       2.0258
    2913       2.0979
    2914       2.0254
    2915       2.0730
    2916       1.9375
    2917       1.9369
    2918       2.0011
    2919       2.0366
    2920       2.1045
    2921       2.0924
    2922       2.0438
    2923       1.9220
    2924       1.9815
    2925       1.9169
    2926       1.9411
    2927       1.9298
    2928       1.9685
    2929       2.0623
    2930       1.8661
    2931       2.0495
    2932       1.9984
    2933       2.0530
    2934       2.0423
    2935       2.1284
    2936       2.0391
    2937       2.1200
    2938       2.1914
    2939       2.1919
    2940       1.9519
    2941       2.0386
    2942       2.0674
    2943       1.9885
    2944       2.1058
    2945       2.1045
    2946       2.0191
    2947       2.0268
    2948       2.1317
    2949       2.0253
    2950       2.0295
    2951       2.0093
    2952       1.9513
    2953       2.0212
    2954       1.9992
    2955       2.0787
    2956       1.9806
    2957       2.0188
    2958       2.0718
    2959       2.2021
    2960       2.1557
    2961       2.1571
    2962       1.9619
    2963       2.0766
    2964       2.0000
    2965       1.9934
    2966       2.1806
    2967       2.0955
    2968       2.0371
    2969       2.1767
    2970       2.2303
    2971       2.1634
    2972       1.9716
    2973       2.3042
    2974       2.1024
    2975       2.1739
    2976       2.0886
    2977       2.1081
    2978       2.1661
    2979       2.3039
    2980       2.1713
    2981       2.3295
    2982       2.3757
    2983       2.2519
    2984       2.3640
    2985       2.1942
    2986       2.2356
    2987       2.2678
    2988       2.2290
    2989       2.3733
    2990       2.2831
    2991       2.2066
    2992       2.2011
    2993       2.2537
    2994       2.0678
    2995       2.1343
    2996       2.0771
    2997       2.2488
    2998       2.2016
    2999       2.0600
    3000       2.1993
    3001       2.1832
