0.237041
0.482138
0.710706
0.952115
1.177985
1.426329
1.690042
1.945100
2.202467
2.454667
2.695191
2.946622
3.198870
3.432692
3.671148
3.891648
4.108368
4.339239
4.583175
4.813674
5.039984
5.267053
5.525770
5.761366
6.021609
6.299138
6.574388
6.816691
7.086122
7.393655
7.729432
8.052389
8.374437
8.694044
9.045294
9.382515
9.740205
10.070101
10.424442
10.774700
11.111902
11.477978
11.780559
12.105587
12.458087
12.772710
13.072794
13.383643
13.711396
13.998458
14.310963
14.608566
14.962128
15.306031
15.632120
15.999583
16.319527
16.712571
17.029616
17.371458
17.680126
18.041392
18.369788
18.656678
18.972810
19.301511
19.658440
19.968924
20.281356
20.598975
20.858084
21.136707
21.431531
21.690222
21.970884
22.226898
22.511799
22.803485
23.106121
23.401703
23.661884
23.963231
24.219415
24.547350
24.841514
25.154468
25.424564
25.700647
25.997128
26.278176
26.562414
26.854837
27.184168
27.449664
27.727990
27.991317
28.251056
28.530130
28.806038
29.096983
29.369925
29.661624
29.974638
30.257929
30.556435
30.842606
31.136333
31.448849
31.756109
32.067113
32.376465
32.702690
33.031748
33.349234
33.631005
33.888551
34.162312
34.466280
34.762081
35.095767
35.402864
35.699567
35.983382
36.307848
36.615660
36.901058
37.208651
37.507075
37.764588
38.122654
38.394204
38.702356
39.016687
39.293055
39.580295
39.870232
40.178740
40.438062
40.719199
41.005218
41.280118
41.588693
41.897330
42.202471
42.508962
42.814044
43.123941
43.447576
43.751140
44.058818
44.364268
44.673483
44.980084
45.287506
45.606793
45.966868
46.329419
46.697088
47.071873
47.393799
47.681985
48.020799
48.325586
48.655579
49.031700
49.405572
49.721580
50.019520
50.307994
50.592695
50.869881
51.156075
51.420397
51.724018
51.991879
52.302014
52.598751
52.907237
53.194374
53.490994
53.808620
54.118764
54.431870
54.773128
55.112487
55.408072
55.738786
56.022786
56.293966
56.555916
56.864568
57.199145
57.505701
57.779082
58.114292
58.425666
58.792852
59.124151
59.413428
59.707463
60.022264
60.330022
60.716317
61.057131
61.362091
61.634015
61.900579
62.172167
62.446724
62.739271
63.065613
63.398232
63.712013
64.037714
64.378822
64.733726
65.089721
65.485018
65.858505
66.242414
66.561636
66.934272
67.298212
67.663249
68.049172
68.452181
68.790286
69.174850
69.566541
69.874788
70.157015
70.424694
70.708494
70.999929
71.357963
71.693350
72.041528
72.368836
72.680067
73.006577
73.328183
73.636519
73.931834
74.240758
74.545075
74.862375
75.169540
75.436802
75.740352
76.052062
76.336482
76.627706
76.922067
77.229025
77.545979
77.843956
78.164393
78.522890
78.900341
79.265585
79.625149
79.954361
80.273600
80.612230
80.909388
81.198874
81.479993
81.811083
82.135087
82.506688
82.867946
83.336116
83.738512
84.138201
84.507205
84.902044
85.332237
85.676691
86.076000
86.428985
86.797621
87.174323
87.552142
87.926091
88.283103
88.656645
89.073869
89.475560
89.908141
90.289110
90.661997
91.130459
91.568296
92.003792
92.397042
92.816283
93.217170
93.624345
94.051678
94.427977
94.759192
95.175459
95.552309
95.855158
96.214746
96.551215
96.876634
97.156352
97.504283
97.829247
98.163066
98.450060
98.753438
99.064338
99.411731
99.717708
100.013727
100.322465
100.605163
100.895034
101.229837
101.589718
101.976998
102.449531
102.818476
104.271765
105.826164
107.367580
108.203127
108.666556
109.118398
109.557616
109.949928
110.645284
110.971322
111.299634
111.609032
111.930277
112.243141
112.546882
112.867216
113.191704
113.531554
113.870078
114.236078
114.646820
114.999750
115.333420
115.674434
115.980891
116.364053
116.791372
117.161377
117.535548
117.924454
118.275091
118.602220
118.912103
119.257775
119.591978
119.935211
120.312063
120.628775
120.933070
121.259256
121.606188
121.908367
122.206043
122.529420
122.897425
123.197261
123.472615
123.765709
124.065265
124.373747
124.694044
125.018310
125.330337
125.662648
126.012505
126.308447
126.639149
126.931981
127.243556
127.540935
127.852267
128.162654
128.472368
128.761956
129.049002
129.341444
129.644154
129.954444
130.268169
130.591567
130.886155
131.188848
131.481427
131.782575
132.092259
132.404060
132.713160
133.040392
133.353415
133.683090
134.010600
134.308193
134.612635
134.927613
135.238685
135.550295
135.858486
136.172303
136.514788
136.837948
137.163676
137.494910
137.818942
138.157763
138.476064
138.804971
139.135518
139.450938
139.775375
140.105568
140.426560
140.738635
141.056075
141.389750
141.733729
142.083745
142.404743
142.745846
143.063116
143.364463
143.663906
143.964671
144.262632
144.591697
144.886403
145.190052
145.476361
145.769170
146.051807
146.328533
146.632462
146.918266
147.214342
147.469264
147.734379
147.987122
148.275242
148.530962
148.819585
149.088352
149.381108
149.646101
149.917913
150.198450
150.462559
150.721853
150.981216
151.279459
151.574786
151.859030
152.150172
152.438875
152.728138
153.006578
153.282405
153.584057
153.858290
154.127268
154.406277
154.690105
154.967014
155.259527
155.624100
155.932053
156.242143
156.560690
156.839889
157.140075
157.464873
157.771807
158.111662
158.433445
158.823216
159.278624
159.768060
160.152363
160.547554
160.993785
161.359378
161.720777
162.098549
162.515781
162.862570
163.201484
163.521164
163.938960
164.404100
164.843286
165.269377
165.636106
166.012315
166.474908
166.992244
167.495792
168.007241
168.444045
168.913120
169.369714
169.867502
170.380489
170.854249
171.294883
171.752592
172.156928
172.645404
173.122757
173.558373
174.017279
174.394771
174.810764
175.242067
175.654333
176.093756
176.509934
176.935695
177.382642
177.813126
178.248566
178.716972
179.188010
179.626920
180.075743
180.565099
181.033561
181.492906
181.916325
182.405870
182.877582
183.353374
183.793107
184.251162
184.660425
185.115926
185.589356
186.083352
186.575366
187.062542
187.521215
188.027441
188.483380
188.988525
189.470439
190.001876
190.478112
190.959934
191.406315
191.856519
192.306114
192.762448
193.236598
193.679611
194.150953
194.615512
195.124476
195.592654
196.035207
196.495777
196.934936
197.415764
197.857296
198.324179
198.772711
199.192070
199.615641
200.092248
200.611024
201.097078
201.708780
202.247879
202.791024
203.267260
203.778188
204.327677
204.814055
205.305135
205.786866
206.251779
206.723756
207.182478
207.628636
208.079330
208.527494
209.014095
209.472051
209.941119
210.357843
