#Frame         myrmsd
       1       0.0000
       2       1.2326
       3       1.4992
       4       1.5039
       5       1.5423
       6       1.4214
       7       1.5070
       8       1.4062
       9       1.4938
      10       1.4925
      11       1.4850
      12       1.6258
      13       1.5777
      14       1.5565
      15       1.5407
      16       1.7683
      17       1.6835
      18       1.6425
      19       1.5885
      20       1.7514
      21       1.5376
      22       1.6042
      23       1.6166
      24       1.6800
      25       1.7018
      26       1.7058
      27       1.7339
      28       1.8401
      29       1.6698
      30       1.6966
      31       1.7114
      32       1.5778
      33       1.6215
      34       1.6581
      35       1.8401
      36       1.7613
      37       1.7445
      38       1.8545
      39       1.8131
      40       1.6529
      41       1.8916
      42       1.7049
      43       1.7413
      44       1.8231
      45       1.8241
      46       1.6904
      47       1.7623
      48       1.7949
      49       1.7411
      50       1.8254
      51       1.7970
      52       1.7316
      53       1.7087
      54       1.6976
      55       1.6521
      56       1.6631
      57       1.7030
      58       1.6680
      59       1.7155
      60       1.6436
      61       1.7258
      62       1.7453
      63       1.6397
      64       1.8377
      65       1.6638
      66       1.8820
      67       1.8596
      68       1.7189
      69       1.7840
      70       1.7706
      71       1.7975
      72       1.7511
      73       1.7599
      74       1.8330
      75       1.8911
      76       1.7293
      77       1.8193
      78       1.6876
      79       1.8499
      80       1.7518
      81       1.6127
      82       1.7023
      83       1.7303
      84       1.6701
      85       1.6563
      86       1.7425
      87       1.7851
      88       1.9007
      89       1.9053
      90       1.7729
      91       1.7360
      92       1.8348
      93       1.7215
      94       1.7388
      95       1.7212
      96       1.6982
      97       1.6666
      98       1.6220
      99       1.5418
     100       1.5749
     101       1.5917
     102       1.6113
     103       1.4740
     104       1.6114
     105       1.5548
     106       1.5395
     107       1.6863
     108       1.6368
     109       1.6326
     110       1.6845
     111       1.6526
     112       1.6868
     113       1.6116
     114       1.7210
     115       1.7523
     116       1.7009
     117       1.7244
     118       1.6448
     119       1.7235
     120       1.7954
     121       1.6914
     122       1.6615
     123       1.7693
     124       1.7538
     125       1.7148
     126       1.6939
     127       1.7250
     128       1.7105
     129       1.7259
     130       1.7060
     131       1.7156
     132       1.7456
     133       1.7282
     134       1.6229
     135       1.6249
     136       1.6759
     137       1.7823
     138       1.6338
     139       1.7262
     140       1.6996
     141       1.4874
     142       1.7570
     143       1.8091
     144       1.7692
     145       1.7657
     146       1.7515
     147       1.6688
     148       1.6410
     149       1.7370
     150       1.6918
     151       1.8523
     152       1.7510
     153       1.7970
     154       1.7244
     155       1.6550
     156       1.6727
     157       1.6398
     158       1.6567
     159       1.7812
     160       1.7933
     161       1.7034
     162       1.7389
     163       1.5849
     164       1.7847
     165       1.7982
     166       1.7663
     167       1.7169
     168       1.7434
     169       1.7280
     170       1.7886
     171       1.7478
     172       1.7738
     173       1.7744
     174       1.9088
     175       1.8144
     176       1.7678
     177       1.7503
     178       1.8355
     179       1.8544
     180       1.8682
     181       1.8774
     182       1.8368
     183       1.9666
     184       1.8960
     185       1.8030
     186       1.8261
     187       1.7422
     188       1.6979
     189       1.6528
     190       1.8372
     191       1.6065
     192       1.6332
     193       1.6310
     194       1.7879
     195       1.7043
     196       1.8210
     197       1.6561
     198       1.8023
     199       1.6759
     200       1.6802
     201       1.6704
     202       1.7739
     203       1.7249
     204       1.6355
     205       1.6915
     206       1.7036
     207       1.8968
     208       1.8920
     209       1.8962
     210       1.8176
     211       1.8264
     212       1.6598
     213       1.6134
     214       1.7146
     215       1.6876
     216       1.6836
     217       1.6514
     218       1.7049
     219       1.7508
     220       1.7127
     221       1.7091
     222       1.7087
     223       1.5918
     224       1.8868
     225       1.6239
     226       1.6991
     227       1.8495
     228       1.6590
     229       1.6980
     230       1.7975
     231       1.7543
     232       1.6741
     233       1.7395
     234       1.6709
     235       1.6167
     236       1.6215
     237       1.6203
     238       1.5937
     239       1.7485
     240       1.7440
     241       1.7198
     242       1.6887
     243       1.6794
     244       1.6657
     245       1.7801
     246       1.7515
     247       1.7034
     248       1.7516
     249       1.7853
     250       1.5896
     251       1.6958
     252       1.5840
     253       1.6394
     254       1.6737
     255       1.6544
     256       1.5471
     257       1.6252
     258       1.6143
     259       1.5590
     260       1.5548
     261       1.6657
     262       1.7217
     263       1.6306
     264       1.6255
     265       1.6622
     266       1.6225
     267       1.7183
     268       1.6637
     269       1.6858
     270       1.6811
     271       1.6022
     272       1.6940
     273       1.6649
     274       1.6664
     275       1.5913
     276       1.5808
     277       1.6428
     278       1.7242
     279       1.6948
     280       1.6762
     281       1.6442
     282       1.6744
     283       1.6909
     284       1.6391
     285       1.6459
     286       1.6909
     287       1.6091
     288       1.6192
     289       1.6274
     290       1.6797
     291       1.7222
     292       1.6702
     293       1.5646
     294       1.5963
     295       1.6382
     296       1.6827
     297       1.7128
     298       1.7501
     299       1.7016
     300       1.7043
     301       1.8171
     302       1.7510
     303       1.6245
     304       1.6982
     305       1.6554
     306       1.6559
     307       1.5744
     308       1.6972
     309       1.6782
     310       1.7433
     311       1.8167
     312       1.7521
     313       1.6618
     314       1.8431
     315       1.6617
     316       1.7147
     317       1.7761
     318       1.7553
     319       1.7090
     320       1.6619
     321       1.7408
     322       1.6741
     323       1.8192
     324       1.7625
     325       1.7609
     326       1.7166
     327       1.6493
     328       1.8413
     329       1.7228
     330       1.7478
     331       1.7311
     332       1.7108
     333       1.6306
     334       1.6025
     335       1.6673
     336       1.6402
     337       1.7333
     338       1.7144
     339       1.7121
     340       1.7048
     341       1.7510
     342       1.6201
     343       1.6202
     344       1.7428
     345       1.8173
     346       1.7567
     347       1.6093
     348       1.6178
     349       1.7588
     350       1.7057
     351       1.7790
     352       1.8131
     353       1.6946
     354       1.7293
     355       1.7279
     356       1.7604
     357       1.7575
     358       1.6848
     359       1.7565
     360       1.7136
     361       1.7445
     362       1.6436
     363       1.7542
     364       1.7476
     365       1.6658
     366       1.6860
     367       1.6775
     368       1.7880
     369       1.8017
     370       1.7558
     371       1.7680
     372       1.6959
     373       1.6127
     374       1.7043
     375       1.7094
     376       1.6575
     377       1.7653
     378       1.6589
     379       1.6606
     380       1.7677
     381       1.8201
     382       1.9115
     383       1.8749
     384       1.8206
     385       1.7820
     386       1.8877
     387       1.7877
     388       1.7214
     389       1.7196
     390       1.7139
     391       1.5903
     392       1.7277
     393       1.8789
     394       1.7471
     395       1.7239
     396       1.7306
     397       1.7730
     398       1.6057
     399       1.7019
     400       1.7767
     401       1.6711
     402       1.7315
     403       1.6283
     404       1.7805
     405       1.7398
     406       1.7324
     407       1.7543
     408       1.5496
     409       1.5818
     410       1.6404
     411       1.7127
     412       1.6160
     413       1.6116
     414       1.7112
     415       1.8165
     416       1.7445
     417       1.8477
     418       1.7932
     419       1.7918
     420       1.7985
     421       1.6879
     422       1.9206
     423       1.6889
     424       1.7014
     425       1.7304
     426       1.6951
     427       1.6365
     428       1.7077
     429       1.8111
     430       1.6517
     431       1.6012
     432       1.6870
     433       1.7815
     434       1.7233
     435       1.5825
     436       1.7021
     437       1.8291
     438       1.8944
     439       1.8476
     440       1.8428
     441       1.8098
     442       1.7139
     443       1.8214
     444       1.7659
     445       1.8519
     446       1.7564
     447       1.8972
     448       1.8607
     449       1.8940
     450       1.7902
     451       1.6990
     452       1.7054
     453       1.7453
     454       1.6367
     455       1.6264
     456       1.7552
     457       1.6356
     458       1.7199
     459       1.7536
     460       1.6207
     461       1.5547
     462       1.6382
     463       1.6009
     464       1.6352
     465       1.6707
     466       1.7460
     467       1.7389
     468       1.7050
     469       1.6395
     470       1.5845
     471       1.6501
     472       1.5816
     473       1.6327
     474       1.6856
     475       1.5961
     476       1.7477
     477       1.5618
     478       1.6323
     479       1.7094
     480       1.5522
     481       1.5379
     482       1.5516
     483       1.5332
     484       1.5406
     485       1.6298
     486       1.6842
     487       1.6837
     488       1.7246
     489       1.7535
     490       1.6959
     491       1.5400
     492       1.6491
     493       1.7308
     494       1.7521
     495       1.6997
     496       1.7604
     497       1.7478
     498       1.9981
     499       1.7519
     500       1.7670
     501       1.8395
     502       1.7237
     503       1.7749
     504       1.7438
     505       1.8159
     506       1.7918
     507       1.7516
     508       1.7603
     509       1.6805
     510       1.6755
     511       1.7541
     512       1.7148
     513       1.6451
     514       1.6352
     515       1.7052
     516       1.7791
     517       1.6101
     518       1.8360
     519       1.6701
     520       1.7394
     521       1.6724
     522       1.7238
     523       1.7956
     524       1.8298
     525       1.7434
     526       1.6605
     527       1.6026
     528       1.5463
     529       1.7412
     530       1.8736
     531       1.6517
     532       1.7059
     533       1.7271
     534       1.7716
     535       1.6116
     536       1.6614
     537       1.6154
     538       1.4618
     539       1.5026
     540       1.7147
     541       1.6711
     542       1.7422
     543       1.6910
     544       1.5323
     545       1.6326
     546       1.5387
     547       1.6106
     548       1.5844
     549       1.6539
     550       1.5821
     551       1.6421
     552       1.5837
     553       1.6126
     554       1.6021
     555       1.5596
     556       1.5799
     557       1.5116
     558       1.6875
     559       1.6156
     560       1.5662
     561       1.5825
     562       1.6142
     563       1.6545
     564       1.5952
     565       1.5769
     566       1.4844
     567       1.4715
     568       1.5084
     569       1.4958
     570       1.6251
     571       1.6315
     572       1.5158
     573       1.5780
     574       1.5259
     575       1.5124
     576       1.5605
     577       1.5386
     578       1.5505
     579       1.5304
     580       1.5530
     581       1.5767
     582       1.5862
     583       1.6083
     584       1.6218
     585       1.6621
     586       1.5482
     587       1.5553
     588       1.5856
     589       1.6785
     590       1.5430
     591       1.5643
     592       1.7279
     593       1.6743
     594       1.5825
     595       1.5177
     596       1.6285
     597       1.6208
     598       1.6043
     599       1.6892
     600       1.6017
     601       1.6251
     602       1.6052
     603       1.5743
     604       1.6323
     605       1.6534
     606       1.7693
     607       1.6735
     608       1.5260
     609       1.6378
     610       1.6692
     611       1.6578
     612       1.7484
     613       1.6160
     614       1.5705
     615       1.4946
     616       1.5703
     617       1.6164
     618       1.5748
     619       1.6599
     620       1.5691
     621       1.6199
     622       1.6718
     623       1.6539
     624       1.6029
     625       1.6031
     626       1.6415
     627       1.5332
     628       1.5739
     629       1.5836
     630       1.6976
     631       1.5028
     632       1.6170
     633       1.5408
     634       1.4887
     635       1.5551
     636       1.7465
     637       1.6185
     638       1.6910
     639       1.6730
     640       1.7931
     641       1.7613
     642       1.8840
     643       1.7118
     644       1.6571
     645       1.6590
     646       1.6516
     647       1.6798
     648       1.6091
     649       1.6072
     650       1.5707
     651       1.6358
     652       1.6629
     653       1.8454
     654       1.6122
     655       1.6747
     656       1.5702
     657       1.7525
     658       1.5897
     659       1.5732
     660       1.5443
     661       1.6098
     662       1.5520
     663       1.6931
     664       1.6875
     665       1.6306
     666       1.6513
     667       1.7353
     668       1.6235
     669       1.6456
     670       1.5432
     671       1.6601
     672       1.7254
     673       1.5610
     674       1.5208
     675       1.6013
     676       1.5719
     677       1.5572
     678       1.6637
     679       1.5783
     680       1.6283
     681       1.5616
     682       1.6654
     683       1.7133
     684       1.5814
     685       1.5646
     686       1.6710
     687       1.5444
     688       1.7295
     689       1.6693
     690       1.6302
     691       1.6857
     692       1.6063
     693       1.6213
     694       1.6017
     695       1.5504
     696       1.6062
     697       1.5770
     698       1.6351
     699       1.5908
     700       1.5388
     701       1.6190
     702       1.6717
     703       1.7164
     704       1.7246
     705       1.6894
     706       1.8260
     707       1.6987
     708       1.6965
     709       1.6560
     710       1.5508
     711       1.6625
     712       1.7165
     713       1.7114
     714       1.4999
     715       1.6241
     716       1.7259
     717       1.6074
     718       1.6277
     719       1.5892
     720       1.6298
     721       1.5956
     722       1.5519
     723       1.6122
     724       1.7941
     725       1.6767
     726       1.5833
     727       1.6830
     728       1.7078
     729       1.7471
     730       1.6664
     731       1.7261
     732       1.7648
     733       1.6765
     734       1.6681
     735       1.7318
     736       1.7033
     737       1.6406
     738       1.7248
     739       1.7920
     740       1.7070
     741       1.7024
     742       1.6610
     743       1.7500
     744       1.7261
     745       1.7714
     746       1.7211
     747       1.7239
     748       1.5448
     749       1.7221
     750       1.7563
     751       1.6498
     752       1.7651
     753       1.6625
     754       1.7038
     755       1.6073
     756       1.6962
     757       1.6879
     758       1.7618
     759       1.6517
     760       1.6753
     761       1.6380
     762       1.7898
     763       1.6334
     764       1.6049
     765       1.6318
     766       1.6339
     767       1.7475
     768       1.9043
     769       1.8727
     770       1.7496
     771       1.6071
     772       1.6182
     773       1.7169
     774       1.8488
     775       1.5494
     776       1.8542
     777       1.5601
     778       1.6732
     779       1.6575
     780       1.7150
     781       1.6381
     782       1.6757
     783       1.8132
     784       1.6637
     785       1.6769
     786       1.6945
     787       1.8085
     788       1.6329
     789       1.6426
     790       1.7194
     791       1.7987
     792       1.7359
     793       1.6572
     794       1.7110
     795       1.7374
     796       1.6754
     797       1.5987
     798       1.5493
     799       1.5615
     800       1.7212
     801       1.7065
     802       1.6293
     803       1.5789
     804       1.6323
     805       1.7207
     806       1.5532
     807       1.7554
     808       1.7664
     809       1.8575
     810       1.6197
     811       1.8023
     812       1.8973
     813       1.8106
     814       1.6920
     815       1.6882
     816       1.8442
     817       1.7427
     818       1.6959
     819       1.7672
     820       1.6024
     821       1.7033
     822       1.7563
     823       1.7897
     824       1.7048
     825       1.8137
     826       1.7035
     827       1.5376
     828       1.5897
     829       1.6474
     830       1.8924
     831       1.7992
     832       1.7285
     833       1.8927
     834       1.6860
     835       1.7903
     836       1.6641
     837       1.7084
     838       1.7858
     839       1.7362
     840       1.6596
     841       1.6552
     842       1.7069
     843       1.8281
     844       1.7571
     845       1.8445
     846       1.7508
     847       1.7442
     848       1.7100
     849       1.6884
     850       1.6501
     851       1.7650
     852       1.9099
     853       1.7772
     854       1.7310
     855       1.8454
     856       1.9199
     857       1.6962
     858       1.6689
     859       1.7444
     860       1.7236
     861       1.7670
     862       1.7488
     863       1.7052
     864       1.6684
     865       1.7163
     866       1.7786
     867       1.6444
     868       1.6854
     869       1.6403
     870       1.6232
     871       1.5217
     872       1.6385
     873       1.5722
     874       1.7789
     875       1.7258
     876       1.6384
     877       1.5591
     878       1.6726
     879       1.7484
     880       1.7836
     881       1.6222
     882       1.6687
     883       1.7785
     884       1.7642
     885       1.8268
     886       1.7485
     887       1.7295
     888       1.7657
     889       1.8287
     890       1.7937
     891       1.7580
     892       1.7234
     893       1.6749
     894       1.6091
     895       1.6931
     896       1.5914
     897       1.6991
     898       1.6727
     899       1.7828
     900       1.8368
     901       1.7846
     902       1.7619
     903       1.7699
     904       1.6844
     905       1.7782
     906       1.6239
     907       1.7341
     908       1.5805
     909       1.6586
     910       1.6361
     911       1.7275
     912       1.6920
     913       1.6494
     914       1.6026
     915       1.5672
     916       1.6264
     917       1.6667
     918       1.5643
     919       1.5701
     920       1.5431
     921       1.6888
     922       1.7041
     923       1.6595
     924       1.5914
     925       1.6801
     926       1.7392
     927       1.6194
     928       1.7161
     929       1.6589
     930       1.7406
     931       1.7233
     932       1.5075
     933       1.6522
     934       1.6346
     935       1.7102
     936       1.7304
     937       1.6555
     938       1.7300
     939       1.7462
     940       1.7047
     941       1.6058
     942       1.6193
     943       1.6764
     944       1.7477
     945       1.7057
     946       1.7041
     947       1.5699
     948       1.5374
     949       1.5887
     950       1.7187
     951       1.5997
     952       1.6041
     953       1.7777
     954       1.6863
     955       1.5602
     956       1.6541
     957       1.6653
     958       1.7321
     959       1.6207
     960       1.5493
     961       1.5687
     962       1.6442
     963       1.6477
     964       1.6614
     965       1.5825
     966       1.5757
     967       1.6759
     968       1.7061
     969       1.6711
     970       1.5431
     971       1.4859
     972       1.6111
     973       1.6374
     974       1.6260
     975       1.6157
     976       1.6235
     977       1.5660
     978       1.5876
     979       1.5908
     980       1.6719
     981       1.6109
     982       1.4769
     983       1.5383
     984       1.6236
     985       1.5006
     986       1.5957
     987       1.6406
     988       1.4522
     989       1.5801
     990       1.5588
     991       1.5842
     992       1.5595
     993       1.6145
     994       1.5332
     995       1.6894
     996       1.5879
     997       1.5341
     998       1.6084
     999       1.6498
    1000       1.6155
    1001       1.6915
    1002       1.6016
    1003       1.6212
    1004       1.5887
    1005       1.5183
    1006       1.6634
    1007       1.5702
    1008       1.5780
    1009       1.5031
    1010       1.6482
    1011       1.5544
    1012       1.5065
    1013       1.5863
    1014       1.7385
    1015       1.7126
    1016       1.5435
    1017       1.6927
    1018       1.5649
    1019       1.4435
    1020       1.6620
    1021       1.5833
    1022       1.6783
    1023       1.5515
    1024       1.7111
    1025       1.5824
    1026       1.6412
    1027       1.7274
    1028       1.4852
    1029       1.4273
    1030       1.5586
    1031       1.5914
    1032       1.6762
    1033       1.5393
    1034       1.6213
    1035       1.7202
    1036       1.8165
    1037       1.6180
    1038       1.7484
    1039       1.6581
    1040       1.6540
    1041       1.5886
    1042       1.6826
    1043       1.6640
    1044       1.7623
    1045       1.5777
    1046       1.7389
    1047       1.5162
    1048       1.5776
    1049       1.4979
    1050       1.5869
    1051       1.4850
    1052       1.7758
    1053       1.5070
    1054       1.6896
    1055       1.6335
    1056       1.5628
    1057       1.6480
    1058       1.6619
    1059       1.4890
    1060       1.7082
    1061       1.7015
    1062       1.6967
    1063       1.5790
    1064       1.5768
    1065       1.6564
    1066       1.6474
    1067       1.5897
    1068       1.6409
    1069       1.5536
    1070       1.5632
    1071       1.6561
    1072       1.5709
    1073       1.5480
    1074       1.6317
    1075       1.5100
    1076       1.6452
    1077       1.4932
    1078       1.4741
    1079       1.4493
    1080       1.4622
    1081       1.4897
    1082       1.5599
    1083       1.5176
    1084       1.5091
    1085       1.4811
    1086       1.6741
    1087       1.5130
    1088       1.5962
    1089       1.6237
    1090       1.5366
    1091       1.5082
    1092       1.7046
    1093       1.5300
    1094       1.4441
    1095       1.6447
    1096       1.5964
    1097       1.6483
    1098       1.5390
    1099       1.6415
    1100       1.6756
    1101       1.4799
    1102       1.7277
    1103       1.5739
    1104       1.5440
    1105       1.5130
    1106       1.6129
    1107       1.4416
    1108       1.3855
    1109       1.5068
    1110       1.4776
    1111       1.5418
    1112       1.4844
    1113       1.5129
    1114       1.5047
    1115       1.4990
    1116       1.5642
    1117       1.5978
    1118       1.5983
    1119       1.6391
    1120       1.5006
    1121       1.4781
    1122       1.5851
    1123       1.6125
    1124       1.5380
    1125       1.4477
    1126       1.5554
    1127       1.4757
    1128       1.4332
    1129       1.4987
    1130       1.4922
    1131       1.5099
    1132       1.5150
    1133       1.5959
    1134       1.5101
    1135       1.5280
    1136       1.4837
    1137       1.6358
    1138       1.5293
    1139       1.7225
    1140       1.4677
    1141       1.5126
    1142       1.5224
    1143       1.5741
    1144       1.5652
    1145       1.5473
    1146       1.4235
    1147       1.4595
    1148       1.5688
    1149       1.6132
    1150       1.4842
    1151       1.4591
    1152       1.5542
    1153       1.5441
    1154       1.4711
    1155       1.4905
    1156       1.4491
    1157       1.4238
    1158       1.5089
    1159       1.4483
    1160       1.4443
    1161       1.5253
    1162       1.5054
    1163       1.4404
    1164       1.3862
    1165       1.4351
    1166       1.4392
    1167       1.5242
    1168       1.4452
    1169       1.5237
    1170       1.4385
    1171       1.4495
    1172       1.5063
    1173       1.4643
    1174       1.4834
    1175       1.4109
    1176       1.4105
    1177       1.4091
    1178       1.4867
    1179       1.5116
    1180       1.4370
    1181       1.4381
    1182       1.4299
    1183       1.4821
    1184       1.4617
    1185       1.5014
    1186       1.5592
    1187       1.3774
    1188       1.4796
    1189       1.4481
    1190       1.5379
    1191       1.5137
    1192       1.4803
    1193       1.4524
    1194       1.4817
    1195       1.4902
    1196       1.4910
    1197       1.6109
    1198       1.5048
    1199       1.4904
    1200       1.6894
    1201       1.4435
    1202       1.5300
    1203       1.5814
    1204       1.5023
    1205       1.5862
    1206       1.5930
    1207       1.6315
    1208       1.5806
    1209       1.6924
    1210       1.5545
    1211       1.5020
    1212       1.6981
    1213       1.5299
    1214       1.5967
    1215       1.5819
    1216       1.4643
    1217       1.5844
    1218       1.4712
    1219       1.6248
    1220       1.5493
    1221       1.5560
    1222       1.5619
    1223       1.4690
    1224       1.6291
    1225       1.5583
    1226       1.6570
    1227       1.5492
    1228       1.6683
    1229       1.5786
    1230       1.5111
    1231       1.5554
    1232       1.5385
    1233       1.6593
    1234       1.7533
    1235       1.7128
    1236       1.5597
    1237       1.6548
    1238       1.5449
    1239       1.6171
    1240       1.5952
    1241       1.5468
    1242       1.5170
    1243       1.4625
    1244       1.6581
    1245       1.6685
    1246       1.5135
    1247       1.6236
    1248       1.5187
    1249       1.5721
    1250       1.5892
    1251       1.7600
    1252       1.6680
    1253       1.7381
    1254       1.7740
    1255       1.7860
    1256       1.5873
    1257       1.6583
    1258       1.7440
    1259       1.5672
    1260       1.6121
    1261       1.7614
    1262       1.6130
    1263       1.6488
    1264       1.6878
    1265       1.5169
    1266       1.7128
    1267       1.8179
    1268       1.6816
    1269       1.6755
    1270       1.7041
    1271       1.7007
    1272       1.6583
    1273       1.5665
    1274       1.5962
    1275       1.6886
    1276       1.6641
    1277       1.5701
    1278       1.6077
    1279       1.5833
    1280       1.5910
    1281       1.5809
    1282       1.5443
    1283       1.6076
    1284       1.4493
    1285       1.4870
    1286       1.5579
    1287       1.5921
    1288       1.4906
    1289       1.5628
    1290       1.4161
    1291       1.4742
    1292       1.5439
    1293       1.4290
    1294       1.5491
    1295       1.5246
    1296       1.4749
    1297       1.5139
    1298       1.4820
    1299       1.5206
    1300       1.5363
    1301       1.6384
    1302       1.6212
    1303       1.5283
    1304       1.4790
    1305       1.5767
    1306       1.5012
    1307       1.6211
    1308       1.6607
    1309       1.5980
    1310       1.5196
    1311       1.5624
    1312       1.5419
    1313       1.6452
    1314       1.7194
    1315       1.5384
    1316       1.4905
    1317       1.5059
    1318       1.5974
    1319       1.5378
    1320       1.5084
    1321       1.5535
    1322       1.6178
    1323       1.4181
    1324       1.6394
    1325       1.5707
    1326       1.4864
    1327       1.6067
    1328       1.5901
    1329       1.5336
    1330       1.4843
    1331       1.5668
    1332       1.5880
    1333       1.4998
    1334       1.5767
    1335       1.5436
    1336       1.5852
    1337       1.5414
    1338       1.5165
    1339       1.5196
    1340       1.6349
    1341       1.6324
    1342       1.6065
    1343       1.7078
    1344       1.7219
    1345       1.6364
    1346       1.6283
    1347       1.6135
    1348       1.5528
    1349       1.6751
    1350       1.7030
    1351       1.6326
    1352       1.7550
    1353       1.7064
    1354       1.5840
    1355       1.6962
    1356       1.7477
    1357       1.7462
    1358       1.6972
    1359       1.7119
    1360       1.6343
    1361       1.6248
    1362       1.5907
    1363       1.6043
    1364       1.5463
    1365       1.6667
    1366       1.5316
    1367       1.5419
    1368       1.4666
    1369       1.4770
    1370       1.4010
    1371       1.4987
    1372       1.5092
    1373       1.4929
    1374       1.4893
    1375       1.5991
    1376       1.5569
    1377       1.6186
    1378       1.6636
    1379       1.5940
    1380       1.6230
    1381       1.5558
    1382       1.5591
    1383       1.6168
    1384       1.6136
    1385       1.5328
    1386       1.5928
    1387       1.6442
    1388       1.6131
    1389       1.5155
    1390       1.5835
    1391       1.6699
    1392       1.5882
    1393       1.5507
    1394       1.4984
    1395       1.5284
    1396       1.6529
    1397       1.6616
    1398       1.6649
    1399       1.5544
    1400       1.5290
    1401       1.6707
    1402       1.6622
    1403       1.5418
    1404       1.5996
    1405       1.5775
    1406       1.7140
    1407       1.6051
    1408       1.6067
    1409       1.4774
    1410       1.4487
    1411       1.6415
    1412       1.5204
    1413       1.5198
    1414       1.5960
    1415       1.6338
    1416       1.6517
    1417       1.6300
    1418       1.6966
    1419       1.5247
    1420       1.6912
    1421       1.6827
    1422       1.6819
    1423       1.6179
    1424       1.6180
    1425       1.6072
    1426       1.5303
    1427       1.6049
    1428       1.5113
    1429       1.5064
    1430       1.5111
    1431       1.6599
    1432       1.6582
    1433       1.6857
    1434       1.6156
    1435       1.5883
    1436       1.5676
    1437       1.4697
    1438       1.5674
    1439       1.5193
    1440       1.4996
    1441       1.5950
    1442       1.6787
    1443       1.4935
    1444       1.4607
    1445       1.5472
    1446       1.5700
    1447       1.4709
    1448       1.6075
    1449       1.5371
    1450       1.5978
    1451       1.6117
    1452       1.5293
    1453       1.4026
    1454       1.4929
    1455       1.4834
    1456       1.5039
    1457       1.4523
    1458       1.5308
    1459       1.5399
    1460       1.4622
    1461       1.4288
    1462       1.3383
    1463       1.4268
    1464       1.5057
    1465       1.4618
    1466       1.3913
    1467       1.3282
    1468       1.3057
    1469       1.4983
    1470       1.4398
    1471       1.5074
    1472       1.4501
    1473       1.5026
    1474       1.3390
    1475       1.5770
    1476       1.4785
    1477       1.4466
    1478       1.5653
    1479       1.4850
    1480       1.5069
    1481       1.4133
    1482       1.4338
    1483       1.5383
    1484       1.4989
    1485       1.4052
    1486       1.6013
    1487       1.5009
    1488       1.6039
    1489       1.5757
    1490       1.5884
    1491       1.6676
    1492       1.4858
    1493       1.6617
    1494       1.7140
    1495       1.4597
    1496       1.7580
    1497       1.7090
    1498       1.5729
    1499       1.5802
    1500       1.4951
    1501       1.6043
    1502       1.7146
    1503       1.9483
    1504       1.8106
    1505       1.9140
    1506       1.6961
    1507       1.6078
    1508       1.6190
    1509       1.6399
    1510       1.5545
    1511       1.3982
    1512       1.5188
    1513       1.6285
    1514       1.5196
    1515       1.5571
    1516       1.4839
    1517       1.5221
    1518       1.5831
    1519       1.5307
    1520       1.5764
    1521       1.4655
    1522       1.5601
    1523       1.4799
    1524       1.5281
    1525       1.4860
    1526       1.5433
    1527       1.6216
    1528       1.5572
    1529       1.5028
    1530       1.5718
    1531       1.6099
    1532       1.6035
    1533       1.6205
    1534       1.5483
    1535       1.6694
    1536       1.5608
    1537       1.5931
    1538       1.6602
    1539       1.6817
    1540       1.6552
    1541       1.6751
    1542       1.6765
    1543       1.6203
    1544       1.7313
    1545       1.6425
    1546       1.5982
    1547       1.6372
    1548       1.7026
    1549       1.8079
    1550       1.7857
    1551       1.6935
    1552       1.6237
    1553       1.5818
    1554       1.6261
    1555       1.4562
    1556       1.6530
    1557       1.5375
    1558       1.6363
    1559       1.5921
    1560       1.5451
    1561       1.6420
    1562       1.4967
    1563       1.5112
    1564       1.5753
    1565       1.5183
    1566       1.5261
    1567       1.5118
    1568       1.5523
    1569       1.5107
    1570       1.5948
    1571       1.5659
    1572       1.5693
    1573       1.5141
    1574       1.7413
    1575       1.5838
    1576       1.5878
    1577       1.6123
    1578       1.5420
    1579       1.6736
    1580       1.7177
    1581       1.7058
    1582       1.6718
    1583       1.5270
    1584       1.6301
    1585       1.6312
    1586       1.7331
    1587       1.5022
    1588       1.5324
    1589       1.6761
    1590       1.6730
    1591       1.6440
    1592       1.5507
    1593       1.7799
    1594       1.5746
    1595       1.7287
    1596       1.5846
    1597       1.6924
    1598       1.5993
    1599       1.5230
    1600       1.6024
    1601       1.6713
    1602       1.6771
    1603       1.6640
    1604       1.6218
    1605       1.4691
    1606       1.4824
    1607       1.5875
    1608       1.6264
    1609       1.5213
    1610       1.6375
    1611       1.6737
    1612       1.5953
    1613       1.4181
    1614       1.6009
    1615       1.4709
    1616       1.6155
    1617       1.4228
    1618       1.5228
    1619       1.4734
    1620       1.5372
    1621       1.5701
    1622       1.5373
    1623       1.6312
    1624       1.5714
    1625       1.6062
    1626       1.5658
    1627       1.6077
    1628       1.7551
    1629       1.6351
    1630       1.6235
    1631       1.6093
    1632       1.5492
    1633       1.5984
    1634       1.4918
    1635       1.6829
    1636       1.5304
    1637       1.6908
    1638       1.6077
    1639       1.5779
    1640       1.5950
    1641       1.7480
    1642       1.7820
    1643       1.5531
    1644       1.5464
    1645       1.4877
    1646       1.6781
    1647       1.6523
    1648       1.6531
    1649       1.6720
    1650       1.6736
    1651       1.5944
    1652       1.5697
    1653       1.8728
    1654       1.5828
    1655       1.7591
    1656       1.6191
    1657       1.8040
    1658       1.6542
    1659       1.6373
    1660       1.6077
    1661       1.6661
    1662       1.6206
    1663       1.6762
    1664       1.8248
    1665       1.6796
    1666       1.7581
    1667       1.4493
    1668       1.6000
    1669       1.6023
    1670       1.5324
    1671       1.6207
    1672       1.5805
    1673       1.4627
    1674       1.5692
    1675       1.5486
    1676       1.5815
    1677       1.5289
    1678       1.6178
    1679       1.5551
    1680       1.4751
    1681       1.4142
    1682       1.4661
    1683       1.5027
    1684       1.4590
    1685       1.5343
    1686       1.4347
    1687       1.3726
    1688       1.4173
    1689       1.4247
    1690       1.5795
    1691       1.5296
    1692       1.4416
    1693       1.6024
    1694       1.4403
    1695       1.3810
    1696       1.2793
    1697       1.4546
    1698       1.4969
    1699       1.3992
    1700       1.3585
    1701       1.5175
    1702       1.5025
    1703       1.3958
    1704       1.5051
    1705       1.5533
    1706       1.4797
    1707       1.4408
    1708       1.5060
    1709       1.4454
    1710       1.4167
    1711       1.4899
    1712       1.4944
    1713       1.3484
    1714       1.5205
    1715       1.3614
    1716       1.4376
    1717       1.5710
    1718       1.4802
    1719       1.4716
    1720       1.3945
    1721       1.4051
    1722       1.3980
    1723       1.4169
    1724       1.3491
    1725       1.5004
    1726       1.3564
    1727       1.4928
    1728       1.4928
    1729       1.4373
    1730       1.3651
    1731       1.4369
    1732       1.3849
    1733       1.6276
    1734       1.4967
    1735       1.6368
    1736       1.5708
    1737       1.6191
    1738       1.6316
    1739       1.7290
    1740       1.6257
    1741       1.6031
    1742       1.5345
    1743       1.6057
    1744       1.5114
    1745       1.4638
    1746       1.5878
    1747       1.4174
    1748       1.6129
    1749       1.5622
    1750       1.5459
    1751       1.5362
    1752       1.3530
    1753       1.5401
    1754       1.5221
    1755       1.5458
    1756       1.6989
    1757       1.5712
    1758       1.5277
    1759       1.5635
    1760       1.6477
    1761       1.5849
    1762       1.5590
    1763       1.5589
    1764       1.6262
    1765       1.6487
    1766       1.4418
    1767       1.5545
    1768       1.5215
    1769       1.4286
    1770       1.5116
    1771       1.4687
    1772       1.4653
    1773       1.3692
    1774       1.4103
    1775       1.4354
    1776       1.4292
    1777       1.3025
    1778       1.4539
    1779       1.5030
    1780       1.3998
    1781       1.4141
    1782       1.4237
    1783       1.3777
    1784       1.4121
    1785       1.4081
    1786       1.3882
    1787       1.4349
    1788       1.4134
    1789       1.4477
    1790       1.4573
    1791       1.3753
    1792       1.3834
    1793       1.4740
    1794       1.5219
    1795       1.3823
    1796       1.4925
    1797       1.4577
    1798       1.5611
    1799       1.3923
    1800       1.4397
    1801       1.4723
    1802       1.4328
    1803       1.4144
    1804       1.5264
    1805       1.5033
    1806       1.4754
    1807       1.4455
    1808       1.3962
    1809       1.4634
    1810       1.5012
    1811       1.5491
    1812       1.4274
    1813       1.4936
    1814       1.4882
    1815       1.5620
    1816       1.6677
    1817       1.4635
    1818       1.5470
    1819       1.5898
    1820       1.6320
    1821       1.5777
    1822       1.4790
    1823       1.4983
    1824       1.4817
    1825       1.4049
    1826       1.4997
    1827       1.5981
    1828       1.5234
    1829       1.5005
    1830       1.5053
    1831       1.5421
    1832       1.4388
    1833       1.5385
    1834       1.4262
    1835       1.4048
    1836       1.4647
    1837       1.4346
    1838       1.4203
    1839       1.3928
    1840       1.4800
    1841       1.4148
    1842       1.4198
    1843       1.5284
    1844       1.4164
    1845       1.4089
    1846       1.5057
    1847       1.5124
    1848       1.4969
    1849       1.6264
    1850       1.6105
    1851       1.4983
    1852       1.5241
    1853       1.5097
    1854       1.4485
    1855       1.5442
    1856       1.4071
    1857       1.4971
    1858       1.5385
    1859       1.5231
    1860       1.4465
    1861       1.5558
    1862       1.6207
    1863       1.5118
    1864       1.4306
    1865       1.3704
    1866       1.4530
    1867       1.5074
    1868       1.5525
    1869       1.6075
    1870       1.4845
    1871       1.4711
    1872       1.4882
    1873       1.4176
    1874       1.5228
    1875       1.5225
    1876       1.4405
    1877       1.4491
    1878       1.4268
    1879       1.4705
    1880       1.4599
    1881       1.5306
    1882       1.4897
    1883       1.5706
    1884       1.5346
    1885       1.5565
    1886       1.4946
    1887       1.4306
    1888       1.4274
    1889       1.4988
    1890       1.4012
    1891       1.4823
    1892       1.4550
    1893       1.5456
    1894       1.4071
    1895       1.4290
    1896       1.4820
    1897       1.4540
    1898       1.4929
    1899       1.4638
    1900       1.4789
    1901       1.5571
    1902       1.4649
    1903       1.5840
    1904       1.4408
    1905       1.4755
    1906       1.4962
    1907       1.4456
    1908       1.3783
    1909       1.3761
    1910       1.5242
    1911       1.5319
    1912       1.3970
    1913       1.4804
    1914       1.4127
    1915       1.4092
    1916       1.4518
    1917       1.3908
    1918       1.4558
    1919       1.4552
    1920       1.3667
    1921       1.4966
    1922       1.4534
    1923       1.3949
    1924       1.3720
    1925       1.4580
    1926       1.3810
    1927       1.4601
    1928       1.4562
    1929       1.4670
    1930       1.4685
    1931       1.3865
    1932       1.4780
    1933       1.4957
    1934       1.4389
    1935       1.3921
    1936       1.4673
    1937       1.4560
    1938       1.4499
    1939       1.4368
    1940       1.3534
    1941       1.4286
    1942       1.4343
    1943       1.4741
    1944       1.3610
    1945       1.4707
    1946       1.4692
    1947       1.4267
    1948       1.4713
    1949       1.5037
    1950       1.3873
    1951       1.4189
    1952       1.4912
    1953       1.4536
    1954       1.4863
    1955       1.4322
    1956       1.4449
    1957       1.4148
    1958       1.3858
    1959       1.3399
    1960       1.4324
    1961       1.4492
    1962       1.3775
    1963       1.4989
    1964       1.5049
    1965       1.4412
    1966       1.4135
    1967       1.4273
    1968       1.4255
    1969       1.4827
    1970       1.5077
    1971       1.4503
    1972       1.4787
    1973       1.4244
    1974       1.4079
    1975       1.4284
    1976       1.4913
    1977       1.4938
    1978       1.5476
    1979       1.3869
    1980       1.4886
    1981       1.4797
    1982       1.4798
    1983       1.5971
    1984       1.4916
    1985       1.4875
    1986       1.4953
    1987       1.4949
    1988       1.5451
    1989       1.3910
    1990       1.4968
    1991       1.4606
    1992       1.4952
    1993       1.4827
    1994       1.5157
    1995       1.5643
    1996       1.4725
    1997       1.5077
    1998       1.5310
    1999       1.5340
    2000       1.6681
    2001       1.5808
    2002       1.5338
    2003       1.5536
    2004       1.4800
    2005       1.4847
    2006       1.5450
    2007       1.4683
    2008       1.5977
    2009       1.5202
    2010       1.5929
    2011       1.6283
    2012       1.5778
    2013       1.4371
    2014       1.5692
    2015       1.5108
    2016       1.3758
    2017       1.4174
    2018       1.4851
    2019       1.4921
    2020       1.5231
    2021       1.5797
    2022       1.4888
    2023       1.5311
    2024       1.6342
    2025       1.5371
    2026       1.5233
    2027       1.5567
    2028       1.5486
    2029       1.6023
    2030       1.5497
    2031       1.5703
    2032       1.4410
    2033       1.4434
    2034       1.4745
    2035       1.5182
    2036       1.4224
    2037       1.5140
    2038       1.4638
    2039       1.5860
    2040       1.3496
    2041       1.5276
    2042       1.5036
    2043       1.6820
    2044       1.4839
    2045       1.4691
    2046       1.4750
    2047       1.4698
    2048       1.4743
    2049       1.4058
    2050       1.5123
    2051       1.5577
    2052       1.5811
    2053       1.5275
    2054       1.3934
    2055       1.4442
    2056       1.5408
    2057       1.6395
    2058       1.4700
    2059       1.5488
    2060       1.3981
    2061       1.4133
    2062       1.4435
    2063       1.5055
    2064       1.4820
    2065       1.5423
    2066       1.5866
    2067       1.5907
    2068       1.6466
    2069       1.5266
    2070       1.5849
    2071       1.4313
    2072       1.4933
    2073       1.5616
    2074       1.5137
    2075       1.4531
    2076       1.6127
    2077       1.5259
    2078       1.5739
    2079       1.5117
    2080       1.5501
    2081       1.4252
    2082       1.5111
    2083       1.5461
    2084       1.5431
    2085       1.6099
    2086       1.6295
    2087       1.5877
    2088       1.5216
    2089       1.5345
    2090       1.5304
    2091       1.5511
    2092       1.5995
    2093       1.5881
    2094       1.5069
    2095       1.5875
    2096       1.4419
    2097       1.6334
    2098       1.6724
    2099       1.6457
    2100       1.6464
    2101       1.5687
    2102       1.6106
    2103       1.6725
    2104       1.6013
    2105       1.5380
    2106       1.5774
    2107       1.6307
    2108       1.5657
    2109       1.5090
    2110       1.4881
    2111       1.5181
    2112       1.5703
    2113       1.7447
    2114       1.6581
    2115       1.6253
    2116       1.6866
    2117       1.6039
    2118       1.5190
    2119       1.6352
    2120       1.4710
    2121       1.5742
    2122       1.5252
    2123       1.5618
    2124       1.4393
    2125       1.6169
    2126       1.4645
    2127       1.4450
    2128       1.5624
    2129       1.5445
    2130       1.5057
    2131       1.6415
    2132       1.5036
    2133       1.4839
    2134       1.4962
    2135       1.5891
    2136       1.5097
    2137       1.3711
    2138       1.4464
    2139       1.5505
    2140       1.4468
    2141       1.5601
    2142       1.4431
    2143       1.6345
    2144       1.3753
    2145       1.4671
    2146       1.4307
    2147       1.4647
    2148       1.4140
    2149       1.4340
    2150       1.4271
    2151       1.3982
    2152       1.5575
    2153       1.5610
    2154       1.4759
    2155       1.5841
    2156       1.4796
    2157       1.5426
    2158       1.4158
    2159       1.5814
    2160       1.4903
    2161       1.5916
    2162       1.5080
    2163       1.4684
    2164       1.5810
    2165       1.4225
    2166       1.5924
    2167       1.6765
    2168       1.4497
    2169       1.4960
    2170       1.5072
    2171       1.4630
    2172       1.4609
    2173       1.5119
    2174       1.5444
    2175       1.5708
    2176       1.6012
    2177       1.6476
    2178       1.6290
    2179       1.5387
    2180       1.5827
    2181       1.4866
    2182       1.5557
    2183       1.3681
    2184       1.3911
    2185       1.5914
    2186       1.4862
    2187       1.4758
    2188       1.5395
    2189       1.5990
    2190       1.6296
    2191       1.5813
    2192       1.5310
    2193       1.5451
    2194       1.5165
    2195       1.5150
    2196       1.5558
    2197       1.4703
    2198       1.5211
    2199       1.6616
    2200       1.5907
    2201       1.5803
    2202       1.6545
    2203       1.6165
    2204       1.5581
    2205       1.5366
    2206       1.5200
    2207       1.5739
    2208       1.6560
    2209       1.5784
    2210       1.6310
    2211       1.6227
    2212       1.5025
    2213       1.4114
    2214       1.5985
    2215       1.5644
    2216       1.6170
    2217       1.6107
    2218       1.5284
    2219       1.5401
    2220       1.5348
    2221       1.6152
    2222       1.5442
    2223       1.5576
    2224       1.4803
    2225       1.5459
    2226       1.6891
    2227       1.6303
    2228       1.6021
    2229       1.5694
    2230       1.6957
    2231       1.6249
    2232       1.6715
    2233       1.6946
    2234       1.7145
    2235       1.6223
    2236       1.6060
    2237       1.7357
    2238       1.5831
    2239       1.6537
    2240       1.5558
    2241       1.7034
    2242       1.5974
    2243       1.5483
    2244       1.6838
    2245       1.6840
    2246       1.6300
    2247       1.6416
    2248       1.6924
    2249       1.6372
    2250       1.7173
    2251       1.6823
    2252       1.4883
    2253       1.5679
    2254       1.6747
    2255       1.5987
    2256       1.6756
    2257       1.6608
    2258       1.5101
    2259       1.6427
    2260       1.7064
    2261       1.4824
    2262       1.5148
    2263       1.7403
    2264       1.7230
    2265       1.7586
    2266       1.6777
    2267       1.6266
    2268       1.7034
    2269       1.6107
    2270       1.6635
    2271       1.6249
    2272       1.6559
    2273       1.7450
    2274       1.6243
    2275       1.6163
    2276       1.5817
    2277       1.5241
    2278       1.5578
    2279       1.6715
    2280       1.5360
    2281       1.5035
    2282       1.6030
    2283       1.7070
    2284       1.6357
    2285       1.5531
    2286       1.6284
    2287       1.6412
    2288       1.6888
    2289       1.5888
    2290       1.5677
    2291       1.6412
    2292       1.6900
    2293       1.5607
    2294       1.5700
    2295       1.6852
    2296       1.6650
    2297       1.6763
    2298       1.6331
    2299       1.6381
    2300       1.6789
    2301       1.5873
    2302       1.6706
    2303       1.5764
    2304       1.6461
    2305       1.6235
    2306       1.6497
    2307       1.5210
    2308       1.5795
    2309       1.5977
    2310       1.4187
    2311       1.5743
    2312       1.6705
    2313       1.5065
    2314       1.5023
    2315       1.5674
    2316       1.6501
    2317       1.6198
    2318       1.5610
    2319       1.5134
    2320       1.6518
    2321       1.5938
    2322       1.4757
    2323       1.5702
    2324       1.4619
    2325       1.6462
    2326       1.4715
    2327       1.5534
    2328       1.6195
    2329       1.5522
    2330       1.6026
    2331       1.5103
    2332       1.5193
    2333       1.4233
    2334       1.5520
    2335       1.5300
    2336       1.5049
    2337       1.4923
    2338       1.4895
    2339       1.4762
    2340       1.4999
    2341       1.5364
    2342       1.4846
    2343       1.5341
    2344       1.5701
    2345       1.4830
    2346       1.4363
    2347       1.5399
    2348       1.5384
    2349       1.4922
    2350       1.5064
    2351       1.4534
    2352       1.4969
    2353       1.5428
    2354       1.5799
    2355       1.5794
    2356       1.4392
    2357       1.5637
    2358       1.5708
    2359       1.5074
    2360       1.5279
    2361       1.5526
    2362       1.5074
    2363       1.4888
    2364       1.6691
    2365       1.5212
    2366       1.4796
    2367       1.5595
    2368       1.5605
    2369       1.5064
    2370       1.5699
    2371       1.5697
    2372       1.4583
    2373       1.4847
    2374       1.6617
    2375       1.5797
    2376       1.6415
    2377       1.5350
    2378       1.4652
    2379       1.3860
    2380       1.4729
    2381       1.6122
    2382       1.5047
    2383       1.3993
    2384       1.4931
    2385       1.6242
    2386       1.5480
    2387       1.4778
    2388       1.4889
    2389       1.4306
    2390       1.5813
    2391       1.4731
    2392       1.4920
    2393       1.5484
    2394       1.5183
    2395       1.5287
    2396       1.5041
    2397       1.4749
    2398       1.5422
    2399       1.4660
    2400       1.4759
    2401       1.5206
    2402       1.4783
    2403       1.5491
    2404       1.6527
    2405       1.5550
    2406       1.5611
    2407       1.6836
    2408       1.6249
    2409       1.5492
    2410       1.5199
    2411       1.3511
    2412       1.4109
    2413       1.4784
    2414       1.4780
    2415       1.4450
    2416       1.4205
    2417       1.4520
    2418       1.5036
    2419       1.4392
    2420       1.5204
    2421       1.4441
    2422       1.4569
    2423       1.4945
    2424       1.4479
    2425       1.4965
    2426       1.5141
    2427       1.5329
    2428       1.5805
    2429       1.5075
    2430       1.5593
    2431       1.4741
    2432       1.4951
    2433       1.4629
    2434       1.4654
    2435       1.4968
    2436       1.5472
    2437       1.5382
    2438       1.4496
    2439       1.4212
    2440       1.4119
    2441       1.4779
    2442       1.4227
    2443       1.5389
    2444       1.5123
    2445       1.5205
    2446       1.4655
    2447       1.4881
    2448       1.4813
    2449       1.5108
    2450       1.5156
    2451       1.3660
    2452       1.4332
    2453       1.5607
    2454       1.4465
    2455       1.4661
    2456       1.4735
    2457       1.5525
    2458       1.5954
    2459       1.4600
    2460       1.4846
    2461       1.4261
    2462       1.5594
    2463       1.6171
    2464       1.5107
    2465       1.4831
    2466       1.5477
    2467       1.4954
    2468       1.5701
    2469       1.5133
    2470       1.5642
    2471       1.3923
    2472       1.3841
    2473       1.4901
    2474       1.4235
    2475       1.4683
    2476       1.4985
    2477       1.4685
    2478       1.4188
    2479       1.4483
    2480       1.4739
    2481       1.5885
    2482       1.5395
    2483       1.5408
    2484       1.5207
    2485       1.5175
    2486       1.5350
    2487       1.4834
    2488       1.4961
    2489       1.5472
    2490       1.5480
    2491       1.4404
    2492       1.5152
    2493       1.5450
    2494       1.4666
    2495       1.4801
    2496       1.4770
    2497       1.5705
    2498       1.5813
    2499       1.5542
    2500       1.4909
    2501       1.5294
    2502       1.6231
    2503       1.5426
    2504       1.5975
    2505       1.4939
    2506       1.5715
    2507       1.5029
    2508       1.5208
    2509       1.4686
    2510       1.4575
    2511       1.4612
    2512       1.4888
    2513       1.4763
    2514       1.5811
    2515       1.4920
    2516       1.5751
    2517       1.5188
    2518       1.6382
    2519       1.6262
    2520       1.6804
    2521       1.5666
    2522       1.5650
    2523       1.7006
    2524       1.4811
    2525       1.5814
    2526       1.7242
    2527       1.5787
    2528       1.6092
    2529       1.5801
    2530       1.6701
    2531       1.6067
    2532       1.5730
    2533       1.5729
    2534       1.5945
    2535       1.7304
    2536       1.5713
    2537       1.5487
    2538       1.5833
    2539       1.6056
    2540       1.5567
    2541       1.7039
    2542       1.5020
    2543       1.7191
    2544       1.6232
    2545       1.5720
    2546       1.5793
    2547       1.6160
    2548       1.5587
    2549       1.6344
    2550       1.7409
    2551       1.6874
    2552       1.5894
    2553       1.6651
    2554       1.6185
    2555       1.6053
    2556       1.7224
    2557       1.5632
    2558       1.7419
    2559       1.7031
    2560       1.7184
    2561       1.5692
    2562       1.5926
    2563       1.6036
    2564       1.6820
    2565       1.6604
    2566       1.5326
    2567       1.5308
    2568       1.6680
    2569       1.5567
    2570       1.6890
    2571       1.5508
    2572       1.6054
    2573       1.5617
    2574       1.5019
    2575       1.6768
    2576       1.5831
    2577       1.5598
    2578       1.6208
    2579       1.4878
    2580       1.4641
    2581       1.4899
    2582       1.5618
    2583       1.5816
    2584       1.5225
    2585       1.4910
    2586       1.5133
    2587       1.5773
    2588       1.5703
    2589       1.4351
    2590       1.4816
    2591       1.5811
    2592       1.4970
    2593       1.4746
    2594       1.5300
    2595       1.4506
    2596       1.5638
    2597       1.6395
    2598       1.5546
    2599       1.5351
    2600       1.6530
    2601       1.6424
    2602       1.6752
    2603       1.7045
    2604       1.6111
    2605       1.6434
    2606       1.5426
    2607       1.6552
    2608       1.6071
    2609       1.6140
    2610       1.5733
    2611       1.5438
    2612       1.7659
    2613       1.5987
    2614       1.6575
    2615       1.5016
    2616       1.5198
    2617       1.5736
    2618       1.5202
    2619       1.5560
    2620       1.5661
    2621       1.5043
    2622       1.5138
    2623       1.4221
    2624       1.5154
    2625       1.6135
    2626       1.5958
    2627       1.5117
    2628       1.4907
    2629       1.6166
    2630       1.5034
    2631       1.5686
    2632       1.5436
    2633       1.4619
    2634       1.4098
    2635       1.4976
    2636       1.5465
    2637       1.5737
    2638       1.4693
    2639       1.5624
    2640       1.6236
    2641       1.5048
    2642       1.6719
    2643       1.5476
    2644       1.6914
    2645       1.5767
    2646       1.6275
    2647       1.5489
    2648       1.6127
    2649       1.6721
    2650       1.7097
    2651       1.6953
    2652       1.6308
    2653       1.5745
    2654       1.6960
    2655       1.6136
    2656       1.6476
    2657       1.5736
    2658       1.5811
    2659       1.5742
    2660       1.5814
    2661       1.5379
    2662       1.5189
    2663       1.5838
    2664       1.5595
    2665       1.5802
    2666       1.4948
    2667       1.5033
    2668       1.4638
    2669       1.5503
    2670       1.6281
    2671       1.6194
    2672       1.6308
    2673       1.4854
    2674       1.7185
    2675       1.5901
    2676       1.7336
    2677       1.5449
    2678       1.5755
    2679       1.6342
    2680       1.6031
    2681       1.5575
    2682       1.7127
    2683       1.7166
    2684       1.5741
    2685       1.5840
    2686       1.5956
    2687       1.5769
    2688       1.5763
    2689       1.6166
    2690       1.5434
    2691       1.5987
    2692       1.6607
    2693       1.5664
    2694       1.5940
    2695       1.5847
    2696       1.6215
    2697       1.6561
    2698       1.5136
    2699       1.6443
    2700       1.6994
    2701       1.5752
    2702       1.5873
    2703       1.5952
    2704       1.5044
    2705       1.4700
    2706       1.5529
    2707       1.6157
    2708       1.5231
    2709       1.5802
    2710       1.5856
    2711       1.5719
    2712       1.5314
    2713       1.5725
    2714       1.5931
    2715       1.4988
    2716       1.5765
    2717       1.4798
    2718       1.4974
    2719       1.4702
    2720       1.5523
    2721       1.5147
    2722       1.6057
    2723       1.4877
    2724       1.4610
    2725       1.4776
    2726       1.5534
    2727       1.6042
    2728       1.4766
    2729       1.5130
    2730       1.6995
    2731       1.5026
    2732       1.5663
    2733       1.6451
    2734       1.5130
    2735       1.5396
    2736       1.5210
    2737       1.5090
    2738       1.5518
    2739       1.5800
    2740       1.5117
    2741       1.4282
    2742       1.5680
    2743       1.5066
    2744       1.5352
    2745       1.5311
    2746       1.5222
    2747       1.6585
    2748       1.6753
    2749       1.6091
    2750       1.5578
    2751       1.5900
    2752       1.6201
    2753       1.5300
    2754       1.6392
    2755       1.6227
    2756       1.5294
    2757       1.6219
    2758       1.6747
    2759       1.8039
    2760       1.7375
    2761       1.6551
    2762       1.8848
    2763       1.7464
    2764       1.7424
    2765       1.7165
    2766       1.5871
    2767       1.6288
    2768       1.5407
    2769       1.5854
    2770       1.6504
    2771       1.6570
    2772       1.6143
    2773       1.6572
    2774       1.6198
    2775       1.5939
    2776       1.7169
    2777       1.6689
    2778       1.6492
    2779       1.5552
    2780       1.6305
    2781       1.5446
    2782       1.6449
    2783       1.6155
    2784       1.5677
    2785       1.5677
    2786       1.6654
    2787       1.6207
    2788       1.5413
    2789       1.5964
    2790       1.6003
    2791       1.5323
    2792       1.5686
    2793       1.5137
    2794       1.5021
    2795       1.5691
    2796       1.4970
    2797       1.5310
    2798       1.5253
    2799       1.5373
    2800       1.7738
    2801       1.8085
    2802       1.7870
    2803       1.8332
    2804       1.7807
    2805       1.8675
    2806       1.8303
    2807       1.6985
    2808       1.8051
    2809       1.8086
    2810       1.9033
    2811       1.8378
    2812       1.9480
    2813       1.8397
    2814       1.8887
    2815       1.8053
    2816       1.9276
    2817       1.7525
    2818       1.7008
    2819       1.7172
    2820       1.8565
    2821       1.8117
    2822       1.8251
    2823       1.8089
    2824       1.7680
    2825       1.7529
    2826       1.8051
    2827       1.7438
    2828       1.6865
    2829       1.7380
    2830       1.7990
    2831       1.7300
    2832       1.7416
    2833       1.7581
    2834       1.7089
    2835       1.7537
    2836       1.8254
    2837       1.7634
    2838       1.7655
    2839       1.7738
    2840       1.6493
    2841       1.7078
    2842       1.7049
    2843       1.7443
    2844       1.5568
    2845       1.5418
    2846       1.6537
    2847       1.9059
    2848       1.8174
    2849       1.7690
    2850       1.6866
    2851       1.6862
    2852       1.7480
    2853       1.7229
    2854       1.8620
    2855       1.6733
    2856       1.5543
    2857       1.6976
    2858       1.6436
    2859       1.6321
    2860       1.7314
    2861       1.7424
    2862       1.7202
    2863       1.8084
    2864       1.6860
    2865       1.6559
    2866       1.8309
    2867       1.7312
    2868       1.7336
    2869       1.6869
    2870       1.6453
    2871       1.8022
    2872       1.7110
    2873       1.8018
    2874       1.6579
    2875       1.7326
    2876       1.6290
    2877       1.6122
    2878       1.7591
    2879       1.6956
    2880       1.5919
    2881       1.6489
    2882       1.6780
    2883       1.7885
    2884       1.6845
    2885       1.7334
    2886       1.6817
    2887       1.7564
    2888       1.6746
    2889       1.6574
    2890       1.8637
    2891       1.8684
    2892       1.8494
    2893       1.7333
    2894       1.9185
    2895       1.8531
    2896       1.8553
    2897       1.7501
    2898       1.8738
    2899       1.9241
    2900       1.7530
    2901       1.9078
    2902       1.7920
    2903       1.8137
    2904       1.8225
    2905       1.9565
    2906       1.6966
    2907       1.7557
    2908       1.8653
    2909       1.7212
    2910       1.7942
    2911       1.8360
    2912       1.8945
    2913       1.8019
    2914       1.7107
    2915       1.9030
    2916       1.8094
    2917       1.9441
    2918       1.7966
    2919       1.8405
    2920       1.9653
    2921       1.8321
    2922       1.8460
    2923       1.9701
    2924       1.9284
    2925       1.8275
    2926       1.8792
    2927       1.7196
    2928       1.7361
    2929       1.9949
    2930       1.8819
    2931       1.5284
    2932       1.8767
    2933       1.7910
    2934       1.7811
    2935       1.7166
    2936       1.9154
    2937       1.9538
    2938       1.8530
    2939       1.9043
    2940       1.9830
    2941       1.9959
    2942       1.9742
    2943       1.9039
    2944       1.6839
    2945       1.8447
    2946       1.9020
    2947       1.7944
    2948       1.8676
    2949       1.6747
    2950       1.8820
    2951       1.7165
    2952       1.8984
    2953       2.0054
    2954       1.8236
    2955       1.7699
    2956       1.8075
    2957       1.9906
    2958       1.7083
    2959       1.7693
    2960       1.8419
    2961       1.9007
    2962       1.8202
    2963       2.0012
    2964       1.9672
    2965       1.7335
    2966       1.9428
    2967       1.8561
    2968       1.9551
    2969       2.0218
    2970       1.8737
    2971       1.9631
    2972       1.9795
    2973       2.1301
    2974       2.0630
    2975       1.7983
    2976       1.8251
    2977       1.9471
    2978       1.8419
    2979       1.8996
    2980       1.7615
    2981       2.0058
    2982       1.8857
    2983       1.9491
    2984       1.9414
    2985       1.8094
    2986       1.8667
    2987       1.8450
    2988       1.8530
    2989       1.9817
    2990       1.8603
    2991       1.9277
    2992       1.8315
    2993       1.8790
    2994       1.9192
    2995       1.7823
    2996       1.8544
    2997       1.8091
    2998       1.9741
    2999       1.8378
    3000       1.8583
    3001       1.8647
