0.286310
0.600871
0.909897
1.230177
1.543087
1.855384
2.180685
2.491673
2.803686
3.092160
3.379129
3.708937
4.037797
4.361750
4.723321
5.080743
5.422181
5.786494
6.172922
6.613906
7.091736
7.427394
7.842965
8.221650
8.642358
9.021799
9.422037
9.773178
10.122714
10.500408
10.853547
11.118343
11.473801
11.874840
12.247840
12.624753
13.009948
13.394246
13.739034
14.120640
14.470713
14.830991
15.203682
15.585552
15.945945
16.293671
16.645492
17.005513
17.373444
17.731254
18.099263
18.442762
18.794350
19.139565
19.491265
19.870614
20.236412
20.592008
20.925309
21.281441
21.621704
21.965280
22.369776
22.746961
23.097550
23.509935
23.895146
24.248859
24.607971
25.025433
25.449416
25.850578
26.236629
26.647713
27.058792
27.463912
27.848533
28.250102
28.636374
29.034511
29.446474
29.862267
30.321352
30.711117
31.107643
31.482329
31.879263
32.276355
32.678992
33.079217
33.498069
33.942856
34.371070
34.763774
35.169822
35.559097
36.003947
36.440268
36.868853
37.338967
37.806947
38.257150
38.671093
39.048210
39.478545
39.872168
40.259214
40.645843
41.051633
41.440378
41.796085
42.172913
42.585403
42.942089
43.307122
43.699228
44.072213
44.464199
44.863817
45.258186
45.679812
46.038658
46.464061
46.873443
47.301389
47.692979
48.087240
48.491698
48.902394
49.308109
49.721153
50.147353
50.546241
50.946039
51.329891
51.713670
52.113991
52.544397
52.925258
53.350091
53.775819
54.216029
54.652123
55.121434
55.569117
55.956316
56.320170
56.694562
57.089263
57.495725
57.890099
58.288744
58.692692
59.087292
59.479833
59.906015
60.283546
60.691280
61.087092
61.480884
61.873242
62.288393
62.690916
63.109630
63.528818
63.980200
64.398408
64.828351
65.199533
65.626995
66.025814
66.465254
66.866320
67.270509
67.674962
68.110591
68.533553
68.920759
69.350682
69.810463
70.229760
70.618288
71.034754
71.439002
71.829401
72.245936
72.674601
73.080504
73.487914
73.886805
74.346769
74.745155
75.154894
75.547628
75.939544
76.322064
76.735782
77.157419
77.579300
77.937016
78.314756
78.730260
79.119972
79.486629
79.908845
80.303937
80.749516
81.130050
81.539021
81.956025
82.343703
82.755325
83.207044
83.594176
84.036610
84.452135
84.858137
85.250653
85.637606
86.024895
86.446152
86.822109
87.240087
87.654438
88.061908
88.450343
88.808651
89.205297
89.623834
90.096043
90.529205
90.963865
91.351505
91.751656
92.132431
92.544442
92.971460
93.397418
93.821753
94.217664
94.641033
95.058146
95.498872
95.882520
96.319986
96.738416
97.195304
97.578300
97.994900
98.396631
98.821243
99.247291
99.628939
100.073153
100.509236
100.930298
101.354288
101.723584
102.110614
102.520734
102.892007
103.295697
103.715378
104.116740
104.549354
104.928863
105.308467
105.723063
106.118820
106.525552
106.939249
107.355377
107.761758
108.195890
108.632940
109.001268
109.401708
109.818449
110.206515
110.605917
111.002479
111.403595
111.827879
112.236460
112.673272
113.089222
113.526492
113.933569
114.349260
114.743263
115.145050
115.501583
115.881561
116.232259
116.614791
117.027541
117.436939
117.818167
118.205235
118.577717
118.960211
119.380097
119.818401
120.214675
120.633273
121.012339
121.405476
121.794993
122.161792
122.578682
123.015769
123.433641
123.837308
124.258265
124.732968
125.159138
125.563908
125.957032
126.376868
126.794800
127.186352
127.594667
127.995462
128.428330
128.826300
129.201423
129.586682
130.015466
130.410533
130.864948
131.286461
131.762043
132.158158
132.564851
132.949096
133.343742
133.736221
134.126401
134.541152
134.959880
135.359966
135.756919
136.164548
136.557894
136.972983
137.398199
137.798234
138.188842
138.626877
139.030794
139.410073
139.816741
140.209520
140.596675
140.985903
141.354127
141.776014
142.170466
142.576305
143.001800
143.362860
143.783001
144.150390
144.537344
144.959808
145.378307
145.727920
146.120295
146.569121
146.965863
147.355328
147.801859
148.238001
148.674969
149.073518
149.482784
149.865713
150.266609
150.641162
151.013714
151.437567
151.828147
152.236905
152.556162
152.891949
153.251596
153.581810
153.945939
154.302698
154.617737
154.935008
155.244717
155.599215
155.912551
156.286207
156.640100
157.007390
157.342865
157.646858
158.004275
158.368313
158.777384
159.055447
159.359901
159.620981
159.930221
160.227884
160.572888
160.912973
161.250748
161.614354
161.967339
162.322876
162.674242
163.047512
163.410676
163.744696
164.089540
164.422251
164.792996
165.112327
165.457752
165.809673
166.157788
166.553237
166.920590
167.308512
167.652689
168.048811
168.465822
168.791009
169.208586
169.590926
169.911217
170.216479
170.514657
170.844048
171.173466
171.527267
171.875737
172.263087
172.566906
172.890868
173.166840
173.466253
173.755371
174.017049
174.288739
174.663570
174.949308
175.256901
175.543739
175.836280
176.160257
176.436415
176.773013
177.096782
177.442296
177.741516
178.072753
178.363061
178.666100
179.025408
179.378966
179.782865
180.238681
180.610964
180.927129
181.275432
181.582763
181.876273
182.172584
182.478028
182.758832
183.038225
183.317572
183.598775
183.863597
184.139595
184.444518
184.725215
185.005962
185.283131
185.614339
185.908873
186.277892
186.598817
186.972563
187.311911
187.657763
188.025945
188.380521
188.703364
189.018852
189.320231
189.682371
190.060804
190.446658
190.831042
191.211505
191.549196
191.917069
192.317155
192.630617
192.978492
193.315166
193.627300
193.977142
194.332722
194.674498
194.988750
195.315509
195.636207
195.940466
196.270324
196.608387
196.943130
197.253706
197.573547
197.902688
198.210615
198.564232
198.905356
199.213280
199.535188
199.868503
200.202002
200.513681
200.849554
201.219053
201.504229
201.829191
202.211728
202.547323
202.878178
203.233817
203.561850
203.877562
204.206523
204.543907
204.836419
205.168684
205.514145
205.775218
206.107671
206.461117
206.783974
207.108642
207.476018
207.825565
208.172147
208.542923
208.860090
209.140993
209.519743
209.888135
210.179181
210.547918
210.904637
211.219311
211.567643
211.902894
212.160240
212.486163
212.840177
213.154455
213.456442
213.796198
214.130904
214.445387
214.767577
215.129383
215.456377
215.776299
216.111911
216.451571
216.801110
217.147669
217.475053
217.752402
218.104730
218.463557
218.769514
219.132754
219.493478
219.782795
220.079688
220.439145
220.755680
221.019934
221.383354
221.709949
221.997993
222.352223
222.738126
223.047620
223.445165
223.819766
224.132937
224.473940
224.813204
