#Frame         myrmsd
       1       0.0000
       2       1.3167
       3       1.3205
       4       1.3225
       5       1.3956
       6       1.3353
       7       1.4586
       8       1.3485
       9       1.5039
      10       1.4192
      11       1.6343
      12       1.4697
      13       1.3394
      14       1.5308
      15       1.6356
      16       1.3622
      17       1.7043
      18       1.7562
      19       1.5406
      20       1.3889
      21       1.4960
      22       1.5779
      23       1.5500
      24       1.5533
      25       1.7721
      26       1.6187
      27       1.5725
      28       1.4615
      29       1.5037
      30       1.5628
      31       1.8294
      32       1.9028
      33       1.7157
      34       1.7581
      35       1.7217
      36       1.7191
      37       1.6866
      38       1.7575
      39       1.6650
      40       1.6504
      41       1.7928
      42       1.8974
      43       1.6574
      44       1.5734
      45       1.8075
      46       1.8437
      47       1.7496
      48       1.8296
      49       1.7175
      50       1.5592
      51       1.6529
      52       1.6940
      53       1.9499
      54       1.7904
      55       1.7532
      56       1.8321
      57       2.0182
      58       1.7872
      59       1.9897
      60       1.8863
      61       1.9090
      62       2.3368
      63       2.2280
      64       2.1472
      65       2.2311
      66       2.0820
      67       2.4269
      68       2.0669
      69       2.1588
      70       2.1367
      71       2.1691
      72       2.2878
      73       2.2329
      74       2.1068
      75       2.2230
      76       2.0598
      77       2.1354
      78       2.2787
      79       2.1994
      80       2.0658
      81       1.9232
      82       2.1611
      83       2.3378
      84       2.2936
      85       2.2367
      86       2.2330
      87       2.1247
      88       1.9440
      89       2.3834
      90       2.5310
      91       2.4856
      92       2.5771
      93       2.4055
      94       2.4405
      95       2.9180
      96       2.7226
      97       2.4582
      98       2.4263
      99       2.5511
     100       2.4581
     101       2.4920
     102       2.2228
     103       2.4537
     104       2.1779
     105       2.1904
     106       2.0527
     107       2.1562
     108       2.1451
     109       2.5431
     110       2.0050
     111       2.1382
     112       1.9242
     113       2.1110
     114       2.0937
     115       1.9930
     116       2.0907
     117       1.9364
     118       2.0112
     119       2.0850
     120       2.0724
     121       2.1931
     122       2.3499
     123       2.1546
     124       2.2335
     125       2.1448
     126       2.3151
     127       2.3948
     128       2.2305
     129       2.1749
     130       1.8912
     131       2.0188
     132       2.3937
     133       2.3880
     134       2.3247
     135       2.3723
     136       2.2686
     137       2.0436
     138       2.1064
     139       2.3296
     140       2.0608
     141       1.9371
     142       2.2123
     143       2.2504
     144       2.2703
     145       2.2571
     146       2.2255
     147       2.0955
     148       2.0043
     149       2.0112
     150       2.0774
     151       2.0666
     152       2.0370
     153       2.0457
     154       2.2169
     155       2.2347
     156       2.2262
     157       2.1110
     158       2.3433
     159       2.3711
     160       2.2358
     161       2.4520
     162       2.2598
     163       2.3643
     164       2.2681
     165       2.1196
     166       1.8751
     167       2.0605
     168       1.9582
     169       1.9755
     170       2.2979
     171       2.1894
     172       2.1895
     173       1.9683
     174       2.2838
     175       2.3032
     176       2.1356
     177       2.0827
     178       2.1122
     179       2.0440
     180       2.1802
     181       1.8976
     182       1.9711
     183       2.1317
     184       2.3149
     185       2.1316
     186       2.0678
     187       2.2747
     188       2.4358
     189       2.4152
     190       2.1614
     191       2.2375
     192       2.1003
     193       2.0308
     194       2.0001
     195       2.0746
     196       2.1710
     197       1.9461
     198       2.0253
     199       2.4707
     200       2.2621
     201       2.3611
     202       2.2935
     203       2.3713
     204       2.4898
     205       2.5544
     206       2.7531
     207       2.3497
     208       2.4404
     209       2.1070
     210       2.3608
     211       2.6369
     212       2.5446
     213       2.5948
     214       2.6882
     215       2.6240
     216       2.5729
     217       2.5923
     218       2.3471
     219       2.3968
     220       2.8253
     221       2.4665
     222       2.5647
     223       2.5197
     224       2.6034
     225       2.4341
     226       2.7990
     227       2.5564
     228       2.2914
     229       2.3226
     230       2.4758
     231       2.2220
     232       2.4947
     233       2.4769
     234       2.3635
     235       2.5641
     236       2.3878
     237       2.2943
     238       2.4277
     239       2.5119
     240       2.7291
     241       2.7179
     242       2.5430
     243       2.3853
     244       2.3091
     245       2.6206
     246       2.7546
     247       2.4812
     248       2.4252
     249       2.5853
     250       2.5336
     251       2.7726
     252       2.3441
     253       2.5410
     254       2.4465
     255       2.5143
     256       2.5722
     257       2.6511
     258       2.4802
     259       2.6370
     260       2.7740
     261       2.6684
     262       2.4757
     263       2.7394
     264       2.6419
     265       2.5191
     266       2.6820
     267       2.4559
     268       2.7331
     269       2.3384
     270       2.3049
     271       2.6504
     272       2.5278
     273       2.7209
     274       2.7194
     275       2.8067
     276       2.4857
     277       2.6666
     278       2.9156
     279       2.4778
     280       2.5584
     281       2.4222
     282       2.4143
     283       2.9743
     284       2.5432
     285       2.2673
     286       2.4507
     287       2.3128
     288       2.1981
     289       2.3787
     290       2.4475
     291       2.5172
     292       2.2368
     293       2.2298
     294       2.4640
     295       2.4898
     296       2.1679
     297       2.4954
     298       2.3936
     299       2.5745
     300       2.2385
     301       2.2991
     302       2.4178
     303       2.2281
     304       2.4552
     305       2.3322
     306       2.4636
     307       2.4809
     308       2.6031
     309       2.3619
     310       2.3467
     311       2.3161
     312       2.7793
     313       2.3567
     314       2.5469
     315       2.6778
     316       2.3560
     317       2.3673
     318       2.4700
     319       2.2325
     320       2.4780
     321       2.6286
     322       2.3803
     323       2.3402
     324       2.5508
     325       2.2350
     326       2.2591
     327       2.1680
     328       2.1318
     329       2.2206
     330       2.2973
     331       2.0122
     332       2.2727
     333       2.7295
     334       2.3640
     335       2.5072
     336       2.2367
     337       2.3267
     338       2.3629
     339       2.4180
     340       2.2079
     341       2.4312
     342       2.2207
     343       2.3296
     344       2.3081
     345       2.3258
     346       2.4470
     347       2.2731
     348       2.3899
     349       2.2257
     350       2.3436
     351       2.2221
     352       2.2087
     353       2.3697
     354       2.2473
     355       2.4458
     356       2.4835
     357       2.5258
     358       2.4620
     359       2.4196
     360       2.5496
     361       2.7723
     362       2.7808
     363       2.3962
     364       2.4747
     365       2.7483
     366       2.8945
     367       2.8594
     368       2.8251
     369       2.9684
     370       2.7518
     371       2.9117
     372       2.8593
     373       2.9389
     374       2.7727
     375       2.7420
     376       2.6053
     377       2.7094
     378       2.6266
     379       2.6304
     380       2.6880
     381       2.9994
     382       2.8096
     383       2.4644
     384       2.3581
     385       2.5089
     386       2.6234
     387       2.8999
     388       2.5924
     389       2.8406
     390       2.9059
     391       2.3854
     392       2.6741
     393       2.8820
     394       2.9429
     395       2.7383
     396       2.8390
     397       2.7494
     398       2.6551
     399       2.3505
     400       2.5890
     401       2.6333
     402       2.4831
     403       2.7710
     404       2.5060
     405       2.2773
     406       2.2993
     407       2.5418
     408       2.4608
     409       2.4088
     410       2.3565
     411       2.7105
     412       2.6251
     413       2.9587
     414       2.6736
     415       2.5106
     416       2.5946
     417       2.6229
     418       2.7306
     419       2.7719
     420       2.6520
     421       2.5148
     422       2.6300
     423       2.8034
     424       2.8020
     425       2.7443
     426       2.7815
     427       2.8995
     428       3.0300
     429       2.9163
     430       2.9374
     431       2.7743
     432       2.6218
     433       2.7380
     434       2.6621
     435       2.6591
     436       2.3451
     437       2.6379
     438       2.6147
     439       2.4168
     440       2.4353
     441       2.3409
     442       2.5038
     443       2.6523
     444       2.4793
     445       2.2495
     446       2.5609
     447       2.5314
     448       2.7076
     449       2.4707
     450       2.8871
     451       2.8005
     452       2.8725
     453       2.2932
     454       2.2403
     455       2.5233
     456       2.6795
     457       2.5782
     458       2.5784
     459       2.5864
     460       2.6675
     461       2.3705
     462       2.4929
     463       2.7541
     464       2.3950
     465       2.7269
     466       2.7116
     467       2.4563
     468       2.5548
     469       2.5631
     470       2.5704
     471       2.5147
     472       2.9182
     473       2.8247
     474       2.7890
     475       2.6150
     476       2.6479
     477       2.4272
     478       2.4751
     479       2.5930
     480       2.7418
     481       2.4794
     482       2.6951
     483       2.4808
     484       2.7225
     485       2.5273
     486       2.5254
     487       2.6790
     488       2.2636
     489       2.7617
     490       2.5633
     491       2.7635
     492       2.5516
     493       2.5998
     494       2.7336
     495       2.8189
     496       2.4977
     497       2.5980
     498       2.6194
     499       2.5216
     500       2.6882
     501       2.4275
     502       2.4516
     503       2.3385
     504       2.3262
     505       2.3091
     506       2.4892
     507       2.5546
     508       2.3570
     509       2.4851
     510       2.4274
     511       2.1311
     512       2.2918
     513       2.5173
     514       2.5131
     515       2.3870
     516       2.3935
     517       2.5052
     518       2.4057
     519       2.5755
     520       2.3655
     521       2.3767
     522       2.3104
     523       2.5066
     524       2.2938
     525       2.2666
     526       2.1575
     527       2.1104
     528       2.3638
     529       2.2339
     530       2.0996
     531       2.3037
     532       2.1701
     533       2.3639
     534       2.4007
     535       2.4422
     536       2.1460
     537       2.0906
     538       2.1468
     539       2.2988
     540       2.2178
     541       2.3909
     542       2.2435
     543       2.3462
     544       2.3471
     545       2.5322
     546       2.6829
     547       2.6098
     548       2.4162
     549       2.6593
     550       2.4451
     551       2.4135
     552       2.3514
     553       2.6512
     554       2.4133
     555       2.3030
     556       2.3302
     557       2.4954
     558       2.2148
     559       2.1583
     560       2.0681
     561       2.0927
     562       1.9423
     563       2.2406
     564       1.8033
     565       1.9868
     566       2.1420
     567       2.1486
     568       2.2966
     569       2.2334
     570       2.3227
     571       2.1985
     572       2.3795
     573       2.4231
     574       2.3387
     575       2.2950
     576       2.4970
     577       2.3650
     578       2.3199
     579       2.4009
     580       2.2279
     581       2.5007
     582       2.2288
     583       2.4869
     584       2.2859
     585       2.1346
     586       1.9422
     587       2.2197
     588       2.1904
     589       1.9963
     590       2.1921
     591       1.9741
     592       1.9942
     593       1.9249
     594       2.0800
     595       2.1047
     596       2.1359
     597       2.1283
     598       2.1667
     599       2.0884
     600       2.0831
     601       2.2537
     602       2.1713
     603       2.1561
     604       2.0575
     605       2.1625
     606       2.1102
     607       2.0308
     608       2.0259
     609       2.0136
     610       2.1495
     611       1.9583
     612       2.4602
     613       2.1702
     614       2.3122
     615       2.2482
     616       2.2011
     617       2.3296
     618       2.2523
     619       2.4006
     620       2.2930
     621       2.1419
     622       2.2091
     623       2.2365
     624       2.4131
     625       2.1517
     626       2.4229
     627       2.3736
     628       2.1216
     629       2.4152
     630       2.2612
     631       2.2055
     632       2.4473
     633       2.2390
     634       2.1568
     635       2.3900
     636       2.1878
     637       2.2991
     638       2.4518
     639       2.3534
     640       2.4252
     641       2.4383
     642       2.2825
     643       2.5665
     644       2.2800
     645       2.1950
     646       2.3034
     647       2.3938
     648       2.4229
     649       2.1323
     650       2.1848
     651       2.3970
     652       2.2428
     653       2.4223
     654       2.3580
     655       2.4272
     656       2.3920
     657       2.2628
     658       2.2113
     659       2.3731
     660       2.2380
     661       2.3113
     662       2.3083
     663       2.3388
     664       2.4313
     665       2.1621
     666       2.2637
     667       2.1947
     668       2.4439
     669       2.2079
     670       2.1799
     671       2.4105
     672       2.0504
     673       2.2672
     674       2.4644
     675       2.1339
     676       2.2784
     677       2.0575
     678       2.4643
     679       2.1935
     680       2.3288
     681       2.2450
     682       2.2897
     683       2.2965
     684       2.3770
     685       2.0194
     686       2.0734
     687       2.1347
     688       2.2291
     689       2.1279
     690       2.2341
     691       2.0830
     692       2.2771
     693       2.1141
     694       2.4858
     695       2.2921
     696       2.3745
     697       2.1034
     698       2.2450
     699       2.3612
     700       2.1262
     701       2.2839
     702       2.2742
     703       2.2038
     704       2.1320
     705       2.1930
     706       2.1872
     707       2.2000
     708       2.1087
     709       2.1439
     710       2.0619
     711       2.1156
     712       2.3046
     713       2.2697
     714       2.3645
     715       2.3132
     716       2.3312
     717       2.2823
     718       2.3677
     719       2.1872
     720       2.1644
     721       2.1982
     722       2.1410
     723       2.3064
     724       2.1821
     725       2.2782
     726       2.2367
     727       2.2060
     728       2.2445
     729       2.2332
     730       2.2750
     731       2.2963
     732       2.1306
     733       2.2607
     734       2.1854
     735       2.2991
     736       2.2389
     737       2.3399
     738       2.1121
     739       2.3333
     740       2.1890
     741       2.3805
     742       2.2083
     743       2.1403
     744       1.9513
     745       2.2089
     746       2.4055
     747       2.4909
     748       2.0819
     749       2.2747
     750       2.3181
     751       2.3571
     752       2.0823
     753       2.1612
     754       2.1763
     755       2.0239
     756       2.0808
     757       2.2775
     758       2.0916
     759       2.3078
     760       2.0290
     761       2.1227
     762       2.0728
     763       1.9838
     764       2.0741
     765       2.1773
     766       2.1006
     767       2.2636
     768       2.1051
     769       2.1235
     770       2.3362
     771       2.2767
     772       2.1201
     773       2.1115
     774       2.1570
     775       2.3441
     776       2.1415
     777       1.9835
     778       1.9825
     779       1.9528
     780       2.0493
     781       2.1431
     782       2.3603
     783       2.0810
     784       2.0605
     785       2.1960
     786       2.0465
     787       2.2547
     788       2.2024
     789       2.1799
     790       2.1503
     791       2.0644
     792       2.1255
     793       2.1426
     794       2.1333
     795       2.3150
     796       2.3465
     797       2.2804
     798       2.2732
     799       2.2569
     800       2.2179
     801       2.3226
     802       2.3136
     803       2.4062
     804       2.0860
     805       2.1268
     806       2.1812
     807       2.1120
     808       1.9653
     809       2.0431
     810       2.1251
     811       2.1389
     812       2.2428
     813       2.0788
     814       2.2402
     815       2.1297
     816       2.3678
     817       2.3222
     818       2.2443
     819       2.3617
     820       2.2607
     821       2.3126
     822       2.4296
     823       2.1477
     824       2.1889
     825       2.0419
     826       2.2220
     827       2.1353
     828       2.1017
     829       2.0979
     830       2.1368
     831       1.8934
     832       2.2098
     833       2.1168
     834       2.0362
     835       2.2749
     836       2.1118
     837       2.2856
     838       2.1060
     839       1.9651
     840       1.9088
     841       2.1356
     842       1.9180
     843       2.0432
     844       1.9894
     845       2.2223
     846       2.1475
     847       2.2146
     848       2.2608
     849       2.1753
     850       2.2611
     851       2.0128
     852       2.0463
     853       1.9687
     854       1.9477
     855       2.1000
     856       2.0906
     857       2.0895
     858       2.0665
     859       2.4526
     860       2.0691
     861       1.8230
     862       2.0722
     863       2.1066
     864       1.9435
     865       2.0297
     866       2.2131
     867       2.0636
     868       1.8421
     869       1.9617
     870       2.1217
     871       2.0424
     872       2.0751
     873       2.0633
     874       2.1407
     875       2.0267
     876       2.3040
     877       2.2326
     878       2.1322
     879       2.2550
     880       2.2742
     881       2.1366
     882       1.9957
     883       2.0512
     884       2.0857
     885       2.1491
     886       1.9685
     887       1.9331
     888       1.9510
     889       2.0262
     890       2.1413
     891       2.2773
     892       2.0186
     893       2.2454
     894       2.1052
     895       2.1711
     896       2.2491
     897       1.9973
     898       2.1001
     899       2.0500
     900       2.0735
     901       2.1536
     902       2.4260
     903       2.2435
     904       2.0134
     905       2.1101
     906       2.2137
     907       1.9293
     908       2.0255
     909       2.1728
     910       2.2082
     911       2.0575
     912       2.0276
     913       2.1669
     914       2.1156
     915       2.0302
     916       2.2867
     917       2.1762
     918       2.2138
     919       2.1721
     920       2.1613
     921       2.1230
     922       2.3435
     923       2.1882
     924       2.0956
     925       2.1370
     926       2.1946
     927       2.0563
     928       2.0540
     929       2.0632
     930       2.1343
     931       1.9723
     932       2.0423
     933       2.0634
     934       2.1400
     935       2.0259
     936       2.0339
     937       2.1170
     938       2.3392
     939       2.1953
     940       2.0218
     941       1.9228
     942       1.9328
     943       1.9363
     944       2.0886
     945       2.1175
     946       1.9034
     947       1.9055
     948       2.1202
     949       2.0307
     950       2.0833
     951       2.0676
     952       2.0817
     953       2.1379
     954       2.2732
     955       2.0811
     956       2.1412
     957       2.4699
     958       2.4211
     959       2.2242
     960       2.0892
     961       2.0910
     962       2.0907
     963       2.2430
     964       2.0957
     965       2.2315
     966       2.1074
     967       2.1936
     968       2.3113
     969       2.1300
     970       2.2424
     971       1.8669
     972       2.0583
     973       2.0525
     974       2.0129
     975       1.9616
     976       1.9963
     977       2.0058
     978       1.9119
     979       2.0473
     980       2.1939
     981       1.9882
     982       2.2378
     983       1.9585
     984       2.1942
     985       2.0963
     986       2.1719
     987       2.1423
     988       2.0303
     989       2.0756
     990       2.1109
     991       2.1346
     992       2.0372
     993       2.0511
     994       2.1499
     995       2.1025
     996       2.2944
     997       1.8610
     998       2.1336
     999       2.2317
    1000       2.1443
    1001       2.1467
    1002       2.0072
    1003       2.2247
    1004       2.0528
    1005       2.1432
    1006       2.0118
    1007       1.9750
    1008       1.9337
    1009       1.9712
    1010       2.1493
    1011       2.0389
    1012       1.9257
    1013       2.0199
    1014       2.1031
    1015       2.2071
    1016       2.0660
    1017       1.9973
    1018       2.1478
    1019       2.1076
    1020       2.1164
    1021       2.0042
    1022       2.0889
    1023       2.0736
    1024       2.0488
    1025       1.9890
    1026       2.1556
    1027       2.3052
    1028       2.3023
    1029       2.0325
    1030       2.0358
    1031       1.8941
    1032       2.0598
    1033       2.1801
    1034       2.0907
    1035       2.0334
    1036       2.1226
    1037       2.1373
    1038       2.2412
    1039       2.1777
    1040       2.1446
    1041       2.2147
    1042       1.9578
    1043       2.0527
    1044       2.0758
    1045       2.0359
    1046       1.9264
    1047       2.1226
    1048       1.9106
    1049       1.9352
    1050       2.0779
    1051       2.2703
    1052       2.0183
    1053       2.0570
    1054       2.1815
    1055       2.0784
    1056       2.0851
    1057       1.9504
    1058       2.1710
    1059       1.9889
    1060       2.2709
    1061       2.1595
    1062       2.0735
    1063       1.9716
    1064       2.1142
    1065       2.2211
    1066       2.0863
    1067       1.9823
    1068       1.9790
    1069       2.0671
    1070       2.0895
    1071       1.9244
    1072       1.9732
    1073       1.9391
    1074       1.9130
    1075       2.1190
    1076       1.9850
    1077       2.0359
    1078       2.0056
    1079       1.9294
    1080       2.0675
    1081       1.9695
    1082       2.1221
    1083       1.9113
    1084       2.1104
    1085       1.8000
    1086       1.9469
    1087       1.9255
    1088       2.1205
    1089       2.0031
    1090       1.9568
    1091       1.9433
    1092       2.1657
    1093       2.0812
    1094       2.1151
    1095       2.0333
    1096       2.2564
    1097       2.1223
    1098       2.1863
    1099       2.0501
    1100       2.1808
    1101       2.1352
    1102       2.0876
    1103       2.2706
    1104       2.2314
    1105       2.2070
    1106       2.1438
    1107       2.4017
    1108       2.1279
    1109       2.2985
    1110       1.9933
    1111       2.0642
    1112       2.0017
    1113       2.1104
    1114       2.2298
    1115       2.1727
    1116       2.1750
    1117       2.0658
    1118       2.1088
    1119       2.0667
    1120       2.0554
    1121       2.1082
    1122       2.1080
    1123       2.1537
    1124       2.0653
    1125       2.1904
    1126       1.9370
    1127       2.1641
    1128       2.0656
    1129       2.2704
    1130       2.0872
    1131       1.8428
    1132       2.1645
    1133       2.0959
    1134       2.1488
    1135       2.1877
    1136       2.1681
    1137       2.1712
    1138       2.1380
    1139       2.1400
    1140       2.3540
    1141       2.1558
    1142       2.2254
    1143       2.2555
    1144       2.3121
    1145       2.3945
    1146       2.1357
    1147       2.0776
    1148       2.2387
    1149       2.0782
    1150       2.0136
    1151       1.9723
    1152       1.8794
    1153       1.9928
    1154       2.2167
    1155       1.8377
    1156       2.1012
    1157       2.0741
    1158       2.0328
    1159       2.2077
    1160       2.1465
    1161       2.2378
    1162       2.0109
    1163       2.0985
    1164       2.1519
    1165       2.1139
    1166       2.0625
    1167       2.1791
    1168       2.2037
    1169       2.2500
    1170       2.2041
    1171       2.1895
    1172       1.8834
    1173       1.9585
    1174       2.1973
    1175       2.0611
    1176       2.1820
    1177       1.9891
    1178       2.0530
    1179       1.9586
    1180       2.0779
    1181       1.9342
    1182       1.8052
    1183       1.8509
    1184       1.8869
    1185       1.8228
    1186       1.9672
    1187       1.8382
    1188       1.8853
    1189       1.7558
    1190       1.9535
    1191       1.9807
    1192       1.9956
    1193       1.8495
    1194       1.7561
    1195       1.8442
    1196       1.8633
    1197       1.7813
    1198       1.8540
    1199       1.9332
    1200       1.9713
    1201       2.0085
    1202       1.7525
    1203       1.9036
    1204       1.8993
    1205       1.9016
    1206       1.6992
    1207       1.8522
    1208       1.6995
    1209       1.8326
    1210       1.8686
    1211       2.0670
    1212       1.9625
    1213       1.8996
    1214       2.1069
    1215       1.9646
    1216       1.9367
    1217       2.2057
    1218       2.0180
    1219       2.2733
    1220       2.0505
    1221       2.0827
    1222       2.1898
    1223       2.3044
    1224       2.2778
    1225       2.3779
    1226       2.0407
    1227       2.2822
    1228       2.1924
    1229       2.0358
    1230       2.1930
    1231       1.9741
    1232       2.0879
    1233       2.0911
    1234       2.0890
    1235       2.3238
    1236       1.9547
    1237       1.9741
    1238       1.8693
    1239       1.8895
    1240       2.0059
    1241       1.8217
    1242       2.0146
    1243       1.9076
    1244       2.0008
    1245       2.0947
    1246       2.1061
    1247       1.8487
    1248       2.1668
    1249       2.0195
    1250       2.0572
    1251       2.0336
    1252       1.9881
    1253       2.3375
    1254       1.9679
    1255       2.0868
    1256       2.1444
    1257       2.3013
    1258       2.1049
    1259       2.0654
    1260       2.1427
    1261       2.0085
    1262       1.9005
    1263       2.0036
    1264       1.8621
    1265       1.8445
    1266       1.9641
    1267       2.1147
    1268       2.0929
    1269       1.9095
    1270       2.0173
    1271       1.9667
    1272       2.1846
    1273       1.9994
    1274       1.9975
    1275       1.8837
    1276       1.9835
    1277       1.9004
    1278       1.9881
    1279       2.1415
    1280       2.0041
    1281       2.1666
    1282       1.8912
    1283       2.0629
    1284       2.0884
    1285       1.9199
    1286       1.9734
    1287       2.0722
    1288       2.0606
    1289       1.8861
    1290       2.0485
    1291       1.9393
    1292       1.9104
    1293       1.9250
    1294       1.7984
    1295       1.7443
    1296       1.9028
    1297       1.9441
    1298       1.8640
    1299       1.8823
    1300       1.8397
    1301       1.7853
    1302       1.8700
    1303       1.7918
    1304       1.7985
    1305       1.8206
    1306       1.9914
    1307       1.8069
    1308       1.8907
    1309       1.7512
    1310       1.7618
    1311       1.8556
    1312       1.9331
    1313       1.9528
    1314       1.9695
    1315       1.8780
    1316       1.8145
    1317       1.8793
    1318       2.0401
    1319       1.9763
    1320       1.9614
    1321       1.9063
    1322       1.9071
    1323       1.9515
    1324       1.7344
    1325       1.8603
    1326       1.8532
    1327       1.8756
    1328       1.9539
    1329       1.8607
    1330       1.8259
    1331       2.0433
    1332       1.9117
    1333       1.8491
    1334       2.0114
    1335       1.9027
    1336       2.0868
    1337       2.0323
    1338       1.9552
    1339       1.8756
    1340       1.9270
    1341       1.8821
    1342       2.1243
    1343       1.8561
    1344       2.1449
    1345       2.1234
    1346       2.1329
    1347       1.9943
    1348       2.1101
    1349       1.9492
    1350       1.9995
    1351       1.8440
    1352       1.9267
    1353       1.8873
    1354       1.8784
    1355       2.0328
    1356       1.9201
    1357       1.8398
    1358       1.9237
    1359       1.8196
    1360       2.0367
    1361       1.8484
    1362       1.8924
    1363       1.9688
    1364       2.1271
    1365       2.1258
    1366       1.9801
    1367       1.9933
    1368       1.9183
    1369       2.1763
    1370       2.0981
    1371       1.8707
    1372       2.0775
    1373       1.9428
    1374       1.9474
    1375       2.0470
    1376       2.2227
    1377       2.1689
    1378       2.1028
    1379       1.9961
    1380       1.9370
    1381       2.0679
    1382       1.9081
    1383       1.9900
    1384       1.8910
    1385       1.9968
    1386       2.0026
    1387       1.9202
    1388       1.8653
    1389       2.0183
    1390       1.9686
    1391       1.8488
    1392       2.0017
    1393       2.0094
    1394       2.0201
    1395       2.0657
    1396       1.9747
    1397       1.9927
    1398       2.0170
    1399       2.1494
    1400       2.0553
    1401       2.1092
    1402       2.0573
    1403       1.9596
    1404       2.1995
    1405       2.1524
    1406       2.1065
    1407       2.1332
    1408       1.9174
    1409       1.7484
    1410       2.0135
    1411       1.9124
    1412       1.9259
    1413       1.8494
    1414       1.8296
    1415       1.9561
    1416       2.1174
    1417       2.0848
    1418       2.1925
    1419       2.1127
    1420       2.1402
    1421       2.1941
    1422       2.1867
    1423       2.2742
    1424       1.9091
    1425       2.1456
    1426       2.0506
    1427       1.9420
    1428       2.0173
    1429       1.8120
    1430       1.9586
    1431       2.0475
    1432       2.2066
    1433       2.1288
    1434       2.1167
    1435       2.1125
    1436       2.0943
    1437       2.0044
    1438       2.2187
    1439       2.1113
    1440       2.0727
    1441       2.0377
    1442       2.1271
    1443       2.1736
    1444       2.1194
    1445       2.3440
    1446       2.1052
    1447       2.1239
    1448       1.9321
    1449       2.1189
    1450       2.3282
    1451       1.8844
    1452       2.1321
    1453       2.0969
    1454       2.2967
    1455       2.1130
    1456       2.2663
    1457       2.1813
    1458       2.1703
    1459       2.0155
    1460       2.2648
    1461       2.1252
    1462       1.9927
    1463       2.0479
    1464       1.9962
    1465       1.7855
    1466       1.9948
    1467       1.9859
    1468       1.8444
    1469       2.0628
    1470       1.9604
    1471       2.0332
    1472       2.0732
    1473       2.0340
    1474       2.0875
    1475       1.8918
    1476       1.9608
    1477       2.1289
    1478       2.0758
    1479       1.8845
    1480       1.7971
    1481       2.0662
    1482       2.1759
    1483       1.8653
    1484       1.9045
    1485       2.0543
    1486       2.1085
    1487       2.0103
    1488       1.9703
    1489       1.8179
    1490       2.0732
    1491       2.1192
    1492       1.9305
    1493       1.8764
    1494       1.9837
    1495       1.9333
    1496       2.0097
    1497       2.0535
    1498       2.2177
    1499       1.8876
    1500       2.0502
    1501       2.0228
    1502       2.0572
    1503       2.0722
    1504       2.0443
    1505       2.0283
    1506       1.8616
    1507       2.0141
    1508       2.1774
    1509       1.9840
    1510       2.0257
    1511       2.0480
    1512       1.9798
    1513       2.0306
    1514       2.1007
    1515       2.0042
    1516       2.0282
    1517       1.8779
    1518       1.9187
    1519       1.9668
    1520       1.9821
    1521       1.9695
    1522       1.9460
    1523       2.0108
    1524       2.2156
    1525       1.9756
    1526       1.9205
    1527       2.1103
    1528       1.9618
    1529       2.0188
    1530       2.0440
    1531       2.0731
    1532       1.8599
    1533       1.8354
    1534       2.0596
    1535       2.0948
    1536       2.1788
    1537       2.0461
    1538       2.2253
    1539       2.2091
    1540       2.2618
    1541       2.2137
    1542       2.1689
    1543       2.3234
    1544       2.3922
    1545       2.2735
    1546       2.1982
    1547       2.2472
    1548       2.4964
    1549       2.2680
    1550       2.1564
    1551       2.0794
    1552       2.1564
    1553       2.1370
    1554       2.2203
    1555       2.1854
    1556       2.1204
    1557       2.0671
    1558       2.1631
    1559       2.2322
    1560       2.2544
    1561       2.2168
    1562       2.3766
    1563       2.2322
    1564       2.1047
    1565       2.2272
    1566       2.1174
    1567       2.1142
    1568       2.1092
    1569       2.0471
    1570       2.0929
    1571       2.1074
    1572       2.1433
    1573       2.0422
    1574       2.1434
    1575       2.2121
    1576       2.2206
    1577       2.1050
    1578       2.1721
    1579       2.0753
    1580       2.2454
    1581       2.1243
    1582       2.2748
    1583       2.2569
    1584       2.1509
    1585       2.1960
    1586       2.3720
    1587       2.2252
    1588       2.1877
    1589       1.9744
    1590       2.1289
    1591       1.9871
    1592       2.1714
    1593       2.1896
    1594       2.3585
    1595       2.1435
    1596       2.1554
    1597       2.3553
    1598       2.3158
    1599       2.0770
    1600       2.0452
    1601       2.2232
    1602       2.1749
    1603       2.2720
    1604       2.1705
    1605       2.1094
    1606       2.2024
    1607       2.1186
    1608       2.1162
    1609       2.3681
    1610       2.2205
    1611       2.3934
    1612       2.2874
    1613       2.2497
    1614       2.2387
    1615       2.2379
    1616       2.2066
    1617       2.3727
    1618       2.2393
    1619       2.1197
    1620       2.0031
    1621       2.1470
    1622       2.3780
    1623       2.2214
    1624       2.0530
    1625       2.2606
    1626       2.4454
    1627       2.1783
    1628       2.2538
    1629       2.3444
    1630       2.2723
    1631       2.6076
    1632       2.4886
    1633       2.7178
    1634       2.7004
    1635       2.5840
    1636       2.4618
    1637       2.5163
    1638       2.3851
    1639       2.5389
    1640       2.5955
    1641       2.2822
    1642       2.2113
    1643       2.3528
    1644       2.2069
    1645       2.3312
    1646       2.2319
    1647       2.2369
    1648       2.2949
    1649       2.1298
    1650       2.3301
    1651       2.2231
    1652       2.3011
    1653       2.3476
    1654       2.3822
    1655       2.5897
    1656       2.4829
    1657       2.2900
    1658       2.4010
    1659       2.3554
    1660       2.1194
    1661       2.1140
    1662       2.2801
    1663       2.2915
    1664       2.2929
    1665       2.2181
    1666       2.2087
    1667       1.9227
    1668       2.2594
    1669       2.3308
    1670       2.1686
    1671       2.3106
    1672       2.2446
    1673       2.3392
    1674       2.1644
    1675       2.2297
    1676       2.1853
    1677       2.2089
    1678       2.0657
    1679       2.1573
    1680       2.1110
    1681       2.1781
    1682       2.2372
    1683       2.3731
    1684       2.1938
    1685       2.3973
    1686       2.3307
    1687       2.1656
    1688       2.1816
    1689       2.1849
    1690       2.1777
    1691       2.2848
    1692       2.1384
    1693       2.2815
    1694       2.2473
    1695       2.3308
    1696       2.4348
    1697       2.3212
    1698       2.5177
    1699       2.2931
    1700       2.3941
    1701       2.2033
    1702       2.1738
    1703       2.4895
    1704       2.4444
    1705       2.1803
    1706       2.3468
    1707       2.4774
    1708       2.4595
    1709       2.4321
    1710       2.4736
    1711       2.3481
    1712       2.5691
    1713       2.3879
    1714       2.4494
    1715       2.5602
    1716       2.7294
    1717       2.4132
    1718       2.5474
    1719       2.4661
    1720       2.5075
    1721       2.5968
    1722       2.4872
    1723       2.6953
    1724       2.6534
    1725       2.5309
    1726       2.4165
    1727       2.3728
    1728       2.4544
    1729       2.2909
    1730       2.4484
    1731       2.4196
    1732       2.4516
    1733       2.2635
    1734       2.4797
    1735       2.6979
    1736       2.5043
    1737       2.3113
    1738       2.3710
    1739       2.2757
    1740       2.4044
    1741       2.3572
    1742       2.4356
    1743       2.3605
    1744       2.4485
    1745       2.6536
    1746       2.5083
    1747       2.5373
    1748       2.5279
    1749       2.6138
    1750       2.7244
    1751       2.7351
    1752       2.6387
    1753       2.5115
    1754       2.4075
    1755       2.4725
    1756       2.4152
    1757       2.5555
    1758       2.6028
    1759       2.4943
    1760       2.5513
    1761       2.2917
    1762       2.6067
    1763       2.3800
    1764       2.3463
    1765       2.5488
    1766       2.4028
    1767       2.4039
    1768       2.4944
    1769       2.5066
    1770       2.2871
    1771       2.2849
    1772       2.3603
    1773       2.1329
    1774       2.2648
    1775       2.2797
    1776       2.2368
    1777       2.3397
    1778       2.0993
    1779       2.1312
    1780       2.2463
    1781       2.1679
    1782       2.1214
    1783       2.2266
    1784       2.0092
    1785       2.1354
    1786       2.2277
    1787       2.2522
    1788       2.3812
    1789       2.4285
    1790       2.5557
    1791       2.7393
    1792       2.6081
    1793       2.3772
    1794       2.4679
    1795       2.5039
    1796       2.4329
    1797       2.5968
    1798       2.4306
    1799       2.3173
    1800       2.3661
    1801       2.5438
    1802       2.3977
    1803       2.5240
    1804       2.5624
    1805       2.6523
    1806       2.4170
    1807       2.2630
    1808       2.4733
    1809       2.5178
    1810       2.4707
    1811       2.4898
    1812       2.4455
    1813       2.5126
    1814       2.4666
    1815       2.6451
    1816       2.3383
    1817       2.5576
    1818       2.3179
    1819       2.3440
    1820       2.2496
    1821       2.3461
    1822       2.4647
    1823       2.4154
    1824       2.4756
    1825       2.6567
    1826       2.6388
    1827       2.6745
    1828       2.6121
    1829       2.6962
    1830       2.4952
    1831       2.5049
    1832       2.6967
    1833       2.6174
    1834       2.3844
    1835       2.8373
    1836       2.3619
    1837       2.6382
    1838       2.3996
    1839       2.5824
    1840       2.6648
    1841       2.5242
    1842       2.4085
    1843       2.5757
    1844       2.4473
    1845       2.4944
    1846       2.4945
    1847       2.6235
    1848       2.5524
    1849       2.6228
    1850       2.6167
    1851       2.7065
    1852       2.6798
    1853       2.6834
    1854       2.4716
    1855       2.5472
    1856       2.5264
    1857       2.4441
    1858       2.5649
    1859       2.4627
    1860       2.5767
    1861       2.6509
    1862       2.5099
    1863       2.5167
    1864       2.5980
    1865       2.5927
    1866       2.5905
    1867       2.5049
    1868       2.5371
    1869       2.4916
    1870       2.5428
    1871       2.5812
    1872       2.6993
    1873       2.9341
    1874       2.7712
    1875       2.7038
    1876       2.7252
    1877       2.7315
    1878       2.7471
    1879       2.6798
    1880       2.6123
    1881       2.6615
    1882       2.7211
    1883       3.0547
    1884       2.9261
    1885       2.7281
    1886       2.7392
    1887       2.6658
    1888       2.4103
    1889       2.4950
    1890       2.5586
    1891       2.3812
    1892       2.6302
    1893       2.3322
    1894       2.4211
    1895       2.5623
    1896       2.2605
    1897       2.5852
    1898       2.3533
    1899       2.3658
    1900       2.7058
    1901       2.6479
    1902       2.4792
    1903       2.7065
    1904       2.5427
    1905       2.4085
    1906       2.3012
    1907       2.3736
    1908       2.3121
    1909       2.4880
    1910       2.3881
    1911       2.5853
    1912       2.5086
    1913       2.7383
    1914       2.5545
    1915       2.6718
    1916       2.5465
    1917       2.5837
    1918       2.5839
    1919       2.8174
    1920       2.4886
    1921       2.7061
    1922       2.7066
    1923       2.5496
    1924       2.6920
    1925       2.6151
    1926       2.6775
    1927       2.6856
    1928       2.6306
    1929       2.4810
    1930       2.6276
    1931       2.7453
    1932       2.6599
    1933       2.7731
    1934       2.6061
    1935       2.6495
    1936       2.4961
    1937       2.5313
    1938       2.6238
    1939       2.4918
    1940       2.4909
    1941       2.6008
    1942       2.5388
    1943       2.5719
    1944       2.4307
    1945       2.6516
    1946       2.1951
    1947       2.8555
    1948       2.3769
    1949       2.5397
    1950       2.4941
    1951       2.5688
    1952       2.4995
    1953       2.4921
    1954       2.6576
    1955       2.3591
    1956       2.4160
    1957       2.3535
    1958       2.5441
    1959       2.4499
    1960       2.4877
    1961       2.4843
    1962       2.4615
    1963       2.5005
    1964       2.5976
    1965       2.6294
    1966       2.6283
    1967       2.5722
    1968       2.4739
    1969       2.6909
    1970       2.5331
    1971       2.3112
    1972       2.5629
    1973       2.4391
    1974       2.6281
    1975       2.6043
    1976       2.7193
    1977       2.4472
    1978       2.5857
    1979       2.4281
    1980       2.5785
    1981       2.5935
    1982       2.2973
    1983       2.4694
    1984       2.2671
    1985       2.2887
    1986       2.2057
    1987       2.3521
    1988       2.1721
    1989       2.3972
    1990       2.4355
    1991       2.3518
    1992       2.4681
    1993       2.3968
    1994       2.4546
    1995       2.5675
    1996       2.4705
    1997       2.3982
    1998       2.4145
    1999       2.2927
    2000       2.3268
    2001       2.2698
    2002       2.4184
    2003       2.3866
    2004       2.4472
    2005       2.4740
    2006       2.4829
    2007       2.4744
    2008       2.5534
    2009       2.6362
    2010       2.5162
    2011       2.4602
    2012       2.3696
    2013       2.3341
    2014       2.2792
    2015       2.2965
    2016       2.3636
    2017       2.2654
    2018       2.3425
    2019       2.1586
    2020       2.1604
    2021       2.2498
    2022       2.4061
    2023       2.1868
    2024       2.2533
    2025       2.2965
    2026       2.3002
    2027       2.2816
    2028       2.3251
    2029       2.2980
    2030       2.3278
    2031       2.4156
    2032       2.4563
    2033       2.5140
    2034       2.4038
    2035       2.4130
    2036       2.2841
    2037       2.4359
    2038       2.3675
    2039       2.2312
    2040       2.3489
    2041       2.2812
    2042       2.2761
    2043       2.5903
    2044       2.2920
    2045       2.2369
    2046       2.2911
    2047       2.5622
    2048       2.4280
    2049       2.3857
    2050       2.3982
    2051       2.5681
    2052       2.4117
    2053       2.4886
    2054       2.5164
    2055       2.7137
    2056       2.5875
    2057       2.5123
    2058       2.4300
    2059       2.3177
    2060       2.3722
    2061       2.5598
    2062       2.4365
    2063       2.3305
    2064       2.5600
    2065       2.3018
    2066       2.4592
    2067       2.2917
    2068       2.3833
    2069       2.3533
    2070       2.2893
    2071       2.4096
    2072       2.4194
    2073       2.3854
    2074       2.3133
    2075       2.2306
    2076       2.2356
    2077       2.2061
    2078       2.3727
    2079       2.5838
    2080       2.3705
    2081       2.1666
    2082       2.2548
    2083       2.2446
    2084       2.3078
    2085       2.0756
    2086       2.2502
    2087       2.0236
    2088       2.2873
    2089       2.0843
    2090       2.2753
    2091       2.2741
    2092       2.0151
    2093       2.0706
    2094       2.2453
    2095       2.1482
    2096       2.0573
    2097       2.2842
    2098       2.1606
    2099       2.1390
    2100       2.3429
    2101       2.2166
    2102       2.4298
    2103       2.2521
    2104       2.2841
    2105       2.3450
    2106       2.4120
    2107       2.1218
    2108       2.2167
    2109       1.9936
    2110       2.1273
    2111       2.1660
    2112       2.1949
    2113       2.3523
    2114       2.1339
    2115       2.3345
    2116       2.4571
    2117       2.3223
    2118       2.3691
    2119       2.2814
    2120       2.2976
    2121       2.1233
    2122       2.1804
    2123       2.1717
    2124       2.3121
    2125       2.1007
    2126       2.3587
    2127       2.3809
    2128       2.1576
    2129       2.1213
    2130       2.0027
    2131       2.1031
    2132       2.1875
    2133       2.1890
    2134       2.1128
    2135       2.2511
    2136       2.2076
    2137       2.2482
    2138       2.1723
    2139       2.2001
    2140       2.0132
    2141       2.0198
    2142       1.9778
    2143       2.4800
    2144       2.2078
    2145       2.1276
    2146       2.1194
    2147       2.3196
    2148       2.2700
    2149       2.0662
    2150       2.2454
    2151       2.1923
    2152       2.2934
    2153       2.2857
    2154       2.2444
    2155       2.0201
    2156       2.0513
    2157       2.2779
    2158       2.4556
    2159       2.5530
    2160       2.4730
    2161       2.4515
    2162       2.4442
    2163       2.4092
    2164       2.3174
    2165       2.3748
    2166       2.2907
    2167       2.1867
    2168       2.1685
    2169       2.2769
    2170       2.2870
    2171       2.2597
    2172       2.2360
    2173       2.5108
    2174       2.3560
    2175       2.2043
    2176       2.3480
    2177       2.3772
    2178       2.4791
    2179       2.3136
    2180       2.2059
    2181       2.4297
    2182       2.4553
    2183       2.2922
    2184       2.2895
    2185       2.5741
    2186       2.6210
    2187       2.5277
    2188       2.2452
    2189       2.3448
    2190       2.1953
    2191       2.3747
    2192       2.2138
    2193       2.0174
    2194       2.1747
    2195       2.3158
    2196       2.1850
    2197       2.2549
    2198       2.2382
    2199       2.3409
    2200       2.4521
    2201       2.0285
    2202       2.2192
    2203       2.2212
    2204       2.1582
    2205       2.2412
    2206       2.1326
    2207       2.3096
    2208       2.4406
    2209       2.4765
    2210       2.5837
    2211       2.3761
    2212       2.5849
    2213       2.5693
    2214       2.5702
    2215       2.4078
    2216       2.3346
    2217       2.3867
    2218       2.3497
    2219       2.3674
    2220       2.4454
    2221       2.4612
    2222       2.1926
    2223       2.3216
    2224       2.3198
    2225       2.5123
    2226       2.5607
    2227       2.2218
    2228       2.5149
    2229       2.4198
    2230       2.4421
    2231       2.5770
    2232       2.3805
    2233       2.5377
    2234       2.6660
    2235       2.8311
    2236       2.6884
    2237       2.6098
    2238       2.6860
    2239       2.5936
    2240       2.5832
    2241       2.5859
    2242       2.4632
    2243       2.5417
    2244       2.6709
    2245       2.5398
    2246       2.3380
    2247       2.5668
    2248       2.3930
    2249       2.4505
    2250       2.4989
    2251       2.4568
    2252       2.6998
    2253       2.3210
    2254       2.3225
    2255       2.6110
    2256       2.6281
    2257       2.3553
    2258       2.4897
    2259       2.4063
    2260       2.4201
    2261       2.4535
    2262       2.4461
    2263       2.5324
    2264       2.7023
    2265       2.4315
    2266       2.4487
    2267       2.4807
    2268       2.3495
    2269       2.4313
    2270       2.6338
    2271       2.3761
    2272       2.5229
    2273       2.6092
    2274       2.5377
    2275       2.4780
    2276       2.3348
    2277       2.2401
    2278       2.4496
    2279       2.1183
    2280       2.1754
    2281       2.1109
    2282       1.9863
    2283       2.0308
    2284       1.9639
    2285       2.0953
    2286       2.0381
    2287       2.1660
    2288       2.2653
    2289       2.2462
    2290       2.1866
    2291       2.2362
    2292       2.3117
    2293       2.2157
    2294       2.5206
    2295       2.2457
    2296       2.3024
    2297       2.1995
    2298       2.3420
    2299       2.3008
    2300       2.2409
    2301       2.1619
    2302       2.3185
    2303       2.3171
    2304       2.2848
    2305       2.2995
    2306       2.3574
    2307       2.5505
    2308       2.4533
    2309       2.4306
    2310       2.6583
    2311       2.5042
    2312       2.5522
    2313       2.6500
    2314       2.6710
    2315       2.2939
    2316       2.6055
    2317       2.4703
    2318       2.4061
    2319       2.5488
    2320       2.5084
    2321       2.2940
    2322       2.5624
    2323       2.4825
    2324       2.3670
    2325       2.5872
    2326       2.3372
    2327       2.1775
    2328       2.5513
    2329       2.4674
    2330       2.6625
    2331       2.3313
    2332       2.3337
    2333       2.4877
    2334       2.2736
    2335       2.5116
    2336       2.5050
    2337       2.3274
    2338       2.4541
    2339       2.4572
    2340       2.3724
    2341       2.4026
    2342       2.7046
    2343       2.3669
    2344       2.5776
    2345       2.4866
    2346       2.6346
    2347       2.7774
    2348       2.3996
    2349       2.4744
    2350       2.5408
    2351       2.6381
    2352       2.4528
    2353       2.4486
    2354       2.4621
    2355       2.6135
    2356       2.3837
    2357       2.2230
    2358       2.5531
    2359       2.7381
    2360       2.6127
    2361       2.6578
    2362       2.4155
    2363       2.5876
    2364       2.6331
    2365       2.6875
    2366       2.5934
    2367       2.5357
    2368       2.6139
    2369       2.6930
    2370       2.5845
    2371       2.5761
    2372       2.6505
    2373       2.6875
    2374       2.6354
    2375       2.4265
    2376       2.3387
    2377       2.4058
    2378       2.5881
    2379       2.5035
    2380       2.4359
    2381       2.3243
    2382       2.1755
    2383       2.2907
    2384       2.3972
    2385       2.3832
    2386       2.4317
    2387       2.6840
    2388       2.3748
    2389       2.3602
    2390       2.5244
    2391       2.4645
    2392       2.3843
    2393       2.6265
    2394       2.4776
    2395       2.4777
    2396       2.5088
    2397       2.5072
    2398       2.4696
    2399       2.4910
    2400       2.5193
    2401       2.5879
    2402       2.4107
    2403       2.3957
    2404       2.2529
    2405       2.3642
    2406       2.2539
    2407       2.5918
    2408       2.2213
    2409       2.4538
    2410       2.2829
    2411       2.3291
    2412       2.3527
    2413       2.4782
    2414       2.3809
    2415       2.2837
    2416       2.3532
    2417       2.4236
    2418       2.3362
    2419       2.3930
    2420       2.4550
    2421       2.1536
    2422       2.2226
    2423       2.2386
    2424       2.2652
    2425       2.2414
    2426       2.3208
    2427       2.3090
    2428       2.1601
    2429       2.1111
    2430       2.3052
    2431       2.2168
    2432       2.3034
    2433       2.1854
    2434       2.4962
    2435       2.4505
    2436       2.4449
    2437       2.3550
    2438       2.3546
    2439       2.4234
    2440       2.3084
    2441       2.4608
    2442       2.4303
    2443       2.3285
    2444       2.4522
    2445       2.1168
    2446       2.3384
    2447       2.5218
    2448       2.5474
    2449       2.3710
    2450       2.3815
    2451       2.2123
    2452       2.3627
    2453       2.3931
    2454       2.1343
    2455       2.1823
    2456       2.2537
    2457       2.3355
    2458       2.2547
    2459       2.3699
    2460       2.2571
    2461       2.6397
    2462       2.2657
    2463       2.1765
    2464       2.3107
    2465       2.3463
    2466       2.3078
    2467       2.3092
    2468       2.3428
    2469       2.3605
    2470       2.3756
    2471       2.2622
    2472       2.3823
    2473       2.4581
    2474       2.2547
    2475       2.3809
    2476       2.5377
    2477       2.4050
    2478       2.5181
    2479       2.4543
    2480       2.0859
    2481       2.1437
    2482       2.2543
    2483       2.2464
    2484       2.3865
    2485       2.2282
    2486       2.3168
    2487       2.3364
    2488       2.2998
    2489       2.3850
    2490       2.4423
    2491       2.3948
    2492       2.2697
    2493       2.0873
    2494       2.3584
    2495       2.3717
    2496       2.3501
    2497       2.3524
    2498       2.4197
    2499       2.4243
    2500       2.2914
    2501       2.4040
    2502       2.2851
    2503       2.4841
    2504       2.4049
    2505       2.5053
    2506       2.2608
    2507       2.2514
    2508       2.3241
    2509       2.3284
    2510       2.2330
    2511       2.3799
    2512       2.3361
    2513       2.1996
    2514       2.2475
    2515       2.3140
    2516       2.3021
    2517       2.1903
    2518       2.3405
    2519       2.0850
    2520       2.1166
    2521       2.2669
    2522       2.4054
    2523       2.2779
    2524       2.4816
    2525       2.4156
    2526       2.3240
    2527       2.5381
    2528       2.3346
    2529       2.1913
    2530       2.3244
    2531       2.4979
    2532       2.2827
    2533       2.4735
    2534       2.2503
    2535       2.1976
    2536       2.5053
    2537       2.3718
    2538       2.3489
    2539       2.3939
    2540       2.2778
    2541       2.4431
    2542       2.3417
    2543       2.3108
    2544       2.2627
    2545       2.4440
    2546       2.3116
    2547       2.2922
    2548       2.2317
    2549       2.5167
    2550       2.5068
    2551       2.4683
    2552       2.4408
    2553       2.3539
    2554       2.3107
    2555       2.3817
    2556       2.3731
    2557       2.3686
    2558       2.2993
    2559       2.5127
    2560       2.5448
    2561       2.5486
    2562       2.3949
    2563       2.4590
    2564       2.4962
    2565       2.4267
    2566       2.3157
    2567       2.3120
    2568       2.5381
    2569       2.5215
    2570       2.4061
    2571       2.2551
    2572       2.6607
    2573       2.3812
    2574       2.3304
    2575       2.3214
    2576       2.2444
    2577       2.4941
    2578       2.5399
    2579       2.3718
    2580       2.3763
    2581       2.4251
    2582       2.3995
    2583       2.3597
    2584       2.3716
    2585       2.3351
    2586       2.3570
    2587       2.4075
    2588       2.3649
    2589       2.5708
    2590       2.2971
    2591       2.4149
    2592       2.6007
    2593       2.5202
    2594       2.5982
    2595       2.3944
    2596       2.4422
    2597       2.4733
    2598       2.3721
    2599       2.5550
    2600       2.2138
    2601       2.3511
    2602       2.3179
    2603       2.3464
    2604       2.3152
    2605       2.5020
    2606       2.4012
    2607       2.4466
    2608       2.5144
    2609       2.5471
    2610       2.3583
    2611       2.2076
    2612       2.3901
    2613       2.2261
    2614       2.2626
    2615       2.3505
    2616       2.2075
    2617       2.2924
    2618       2.2361
    2619       2.3980
    2620       2.5492
    2621       2.5766
    2622       2.5817
    2623       2.5221
    2624       2.2628
    2625       2.2938
    2626       2.4955
    2627       2.2747
    2628       2.3435
    2629       2.4036
    2630       2.3139
    2631       2.5112
    2632       2.3493
    2633       2.3608
    2634       2.4222
    2635       2.3815
    2636       2.5170
    2637       2.5623
    2638       2.3074
    2639       2.4796
    2640       2.3500
    2641       2.4832
    2642       2.3862
    2643       2.6147
    2644       2.7684
    2645       2.4930
    2646       2.5506
    2647       2.6149
    2648       2.7321
    2649       2.4482
    2650       2.6151
    2651       2.4064
    2652       2.7133
    2653       2.5430
    2654       2.3767
    2655       2.2837
    2656       2.3126
    2657       2.4820
    2658       2.3574
    2659       2.3430
    2660       2.4055
    2661       2.3480
    2662       2.3563
    2663       2.2434
    2664       2.5700
    2665       2.3292
    2666       2.5165
    2667       2.4567
    2668       2.5994
    2669       2.4449
    2670       2.8221
    2671       2.4574
    2672       2.4902
    2673       2.4471
    2674       2.4161
    2675       2.3258
    2676       2.5098
    2677       2.3193
    2678       2.6830
    2679       2.6707
    2680       2.4876
    2681       2.3053
    2682       2.6650
    2683       2.5087
    2684       2.3475
    2685       2.5098
    2686       2.4653
    2687       2.5513
    2688       2.4545
    2689       2.5248
    2690       2.4482
    2691       2.4870
    2692       2.2304
    2693       2.4090
    2694       2.5261
    2695       2.3658
    2696       2.5636
    2697       2.5473
    2698       2.7652
    2699       2.8653
    2700       2.4675
    2701       2.6363
    2702       2.3322
    2703       2.5524
    2704       2.5711
    2705       2.5383
    2706       2.5135
    2707       2.6486
    2708       2.5263
    2709       2.4161
    2710       2.3833
    2711       2.5259
    2712       2.5601
    2713       2.5835
    2714       2.4403
    2715       2.4239
    2716       2.4100
    2717       2.4105
    2718       2.6158
    2719       2.4098
    2720       2.4103
    2721       2.5018
    2722       2.2120
    2723       2.4473
    2724       2.7373
    2725       2.3040
    2726       2.4409
    2727       2.4897
    2728       2.4094
    2729       2.5336
    2730       2.5797
    2731       2.3486
    2732       2.5335
    2733       2.5682
    2734       2.4526
    2735       2.5351
    2736       2.4280
    2737       2.2360
    2738       2.3233
    2739       2.1943
    2740       2.4891
    2741       2.3762
    2742       2.3035
    2743       2.4940
    2744       2.5146
    2745       2.6498
    2746       2.4931
    2747       2.2850
    2748       2.4564
    2749       2.5397
    2750       2.6111
    2751       2.2486
    2752       2.4954
    2753       2.4337
    2754       2.6298
    2755       2.5947
    2756       2.4976
    2757       2.5316
    2758       2.4004
    2759       2.5204
    2760       2.6501
    2761       2.5799
    2762       2.3592
    2763       2.4922
    2764       2.4563
    2765       2.4472
    2766       2.4065
    2767       2.4060
    2768       2.2014
    2769       2.2666
    2770       2.4275
    2771       2.3596
    2772       2.3319
    2773       2.3203
    2774       2.5092
    2775       2.5075
    2776       2.2398
    2777       2.2338
    2778       2.5753
    2779       2.5777
    2780       2.6443
    2781       2.6213
    2782       2.4325
    2783       2.5038
    2784       2.4008
    2785       2.4527
    2786       2.4475
    2787       2.5401
    2788       2.2935
    2789       2.4181
    2790       2.4078
    2791       2.5499
    2792       2.6631
    2793       2.2385
    2794       2.3561
    2795       2.2769
    2796       2.4270
    2797       2.4604
    2798       2.2951
    2799       2.4438
    2800       2.4456
    2801       2.5315
    2802       2.4220
    2803       2.4114
    2804       2.2405
    2805       2.2326
    2806       2.2730
    2807       2.4487
    2808       2.5018
    2809       2.4399
    2810       2.2839
    2811       2.0786
    2812       2.1803
    2813       2.3706
    2814       2.2003
    2815       2.2053
    2816       2.4434
    2817       2.3789
    2818       2.6160
    2819       2.6015
    2820       2.5635
    2821       2.6056
    2822       2.6588
    2823       2.5633
    2824       2.6180
    2825       2.5782
    2826       2.3899
    2827       2.5370
    2828       2.4532
    2829       2.5294
    2830       2.3630
    2831       2.5803
    2832       2.5949
    2833       2.4664
    2834       2.4246
    2835       2.5958
    2836       2.5280
    2837       2.6869
    2838       2.6136
    2839       2.8721
    2840       2.8867
    2841       2.7634
    2842       2.5765
    2843       2.5354
    2844       2.6649
    2845       2.6365
    2846       2.6351
    2847       2.8910
    2848       2.8928
    2849       2.8070
    2850       2.7651
    2851       2.5563
    2852       2.8228
    2853       2.8009
    2854       2.6984
    2855       2.6213
    2856       2.6663
    2857       2.9985
    2858       2.8167
    2859       2.7915
    2860       2.6177
    2861       2.5522
    2862       2.5550
    2863       2.5898
    2864       2.6358
    2865       2.6579
    2866       2.7737
    2867       2.7145
    2868       2.5292
    2869       2.9578
    2870       2.6674
    2871       2.7338
    2872       2.5831
    2873       2.6921
    2874       2.6486
    2875       2.8253
    2876       2.6384
    2877       2.8541
    2878       2.6738
    2879       2.7303
    2880       2.7063
    2881       2.5748
    2882       3.0874
    2883       2.7629
    2884       2.6805
    2885       2.7995
    2886       2.7912
    2887       2.9911
    2888       2.7931
    2889       2.9747
    2890       2.7678
    2891       2.9936
    2892       2.9810
    2893       2.8789
    2894       3.2541
    2895       2.8354
    2896       2.8056
    2897       2.8847
    2898       2.8457
    2899       2.8892
    2900       2.9750
    2901       2.8919
    2902       3.0347
    2903       2.9545
    2904       2.7840
    2905       3.0112
    2906       2.8178
    2907       2.9293
    2908       3.0315
    2909       2.7217
    2910       2.4194
    2911       2.5660
    2912       2.6079
    2913       2.5441
    2914       2.5409
    2915       2.6299
    2916       2.5763
    2917       2.3974
    2918       2.4141
    2919       2.4662
    2920       2.6291
    2921       2.5367
    2922       2.5819
    2923       2.6512
    2924       2.6221
    2925       2.5471
    2926       2.7991
    2927       2.4421
    2928       2.5237
    2929       2.5867
    2930       2.6373
    2931       2.6823
    2932       2.7805
    2933       2.8043
    2934       2.9345
    2935       2.7943
    2936       2.7114
    2937       2.8160
    2938       2.7426
    2939       2.5653
    2940       2.5864
    2941       2.6774
    2942       2.5759
    2943       2.5393
    2944       2.6094
    2945       2.7142
    2946       2.7349
    2947       2.6087
    2948       2.6442
    2949       2.4359
    2950       2.6882
    2951       2.6638
    2952       2.6608
    2953       2.6272
    2954       2.6317
    2955       2.6723
    2956       2.5866
    2957       2.4684
    2958       2.5768
    2959       2.6016
    2960       2.4999
    2961       2.5382
    2962       2.3986
    2963       2.4201
    2964       2.5497
    2965       2.5509
    2966       2.3803
    2967       2.4724
    2968       2.6977
    2969       2.4761
    2970       2.7322
    2971       2.7003
    2972       2.5736
    2973       2.7103
    2974       2.2889
    2975       2.5065
    2976       2.3046
    2977       2.6005
    2978       2.7463
    2979       2.6994
    2980       2.6226
    2981       2.5662
    2982       2.6824
    2983       2.8973
    2984       2.7296
    2985       2.8297
    2986       2.5987
    2987       2.7612
    2988       2.5343
    2989       2.8098
    2990       2.6313
    2991       2.3469
    2992       2.4898
    2993       2.4259
    2994       2.3529
    2995       2.4010
    2996       2.4189
    2997       2.5282
    2998       2.4972
    2999       2.7026
    3000       2.7207
    3001       2.5637
