0.290554
0.582648
0.895213
1.202687
1.490462
1.795176
2.106623
2.417684
2.718255
3.040343
3.390628
3.756769
4.088322
4.446457
4.776649
5.134333
5.490430
5.862142
6.174110
6.530110
6.883586
7.223882
7.566862
7.934444
8.268657
8.610222
8.971850
9.329922
9.693640
10.079236
10.467396
10.843644
11.219437
11.571383
11.951401
12.370381
12.768574
13.183269
13.609179
14.005243
14.419448
14.819931
15.194070
15.591321
15.977709
16.365513
16.768790
17.179938
17.579564
17.979754
18.381587
18.774961
19.197010
19.605294
20.026141
20.439392
20.872529
21.303251
21.743574
22.118823
22.491746
22.888921
23.311470
23.722820
24.154713
24.559863
25.030993
25.520184
25.988997
26.460684
26.914176
27.394500
27.830382
28.236421
28.716341
29.171104
29.644602
30.095773
30.559254
31.018138
31.488927
31.942441
32.352765
32.796720
33.210844
33.603226
34.076079
34.515506
34.971369
35.451627
35.895402
36.346620
36.800278
37.259992
37.678662
38.098734
38.510218
38.927187
39.357405
39.780280
40.212909
40.646737
41.056858
41.484143
41.888551
42.324709
42.782365
43.226076
43.662203
44.132116
44.605383
45.062169
45.520185
45.945860
46.379692
46.810866
47.200655
47.571025
47.987831
48.440704
48.902951
49.338216
49.790901
50.248739
50.725595
51.126012
51.555555
52.053905
52.479006
52.914581
53.362505
53.773728
54.214769
54.611488
55.045450
55.489807
55.910932
56.314053
56.750351
57.196129
57.632364
58.028625
58.484544
58.916591
59.374090
59.841419
60.307383
60.715989
61.182087
61.628784
62.064279
62.485793
62.946152
63.410892
63.850171
64.271068
64.718976
65.120226
65.547572
66.013659
66.449832
66.840888
67.258601
67.693144
68.175531
68.611094
69.103821
69.536506
69.946068
70.355168
70.777526
71.225145
71.667738
72.113811
72.600998
73.099283
73.567335
74.015924
74.473856
74.899339
75.345334
75.800460
76.243206
76.716357
77.177180
77.622571
78.107983
78.603490
79.079547
79.538362
80.033372
80.541978
81.004286
81.481195
81.934628
82.368049
82.787532
83.201538
83.678137
84.144638
84.643622
85.092612
85.549242
86.016001
86.485165
86.948819
87.434327
87.927638
88.427680
88.929464
89.439072
89.917303
90.345644
90.764349
91.220166
91.630435
92.049725
92.536002
92.988250
93.460410
93.906370
94.368794
94.823307
95.296683
95.782549
96.299446
96.771494
97.257444
97.762415
98.204083
98.635030
99.125621
99.580501
100.035166
100.488341
100.953353
101.401922
101.846758
102.293897
102.720720
103.228019
103.705334
104.161295
104.658780
105.127750
105.620968
106.092229
106.551729
107.009169
107.482571
107.927431
108.403376
108.881473
109.379217
109.856284
110.294465
110.749956
111.238854
111.725794
112.202616
112.604691
113.106449
113.570845
114.002539
114.452151
114.924341
115.371019
115.837416
116.324910
116.765773
117.240064
117.705491
118.178260
118.659346
119.106914
119.527417
120.031689
120.500872
120.981883
121.437606
121.932849
122.365406
122.784389
123.226140
123.672775
124.079356
124.531072
125.006953
125.472231
125.884142
126.330599
126.786317
127.246704
127.683328
128.121281
128.550525
129.011028
129.453557
129.930772
130.383776
130.818672
131.259645
131.682125
132.133499
132.578754
133.033027
133.537474
134.019234
134.460498
134.926250
135.371059
135.819589
136.280121
136.793034
137.275934
137.741686
138.251627
138.722249
139.211786
139.675347
140.127275
140.573424
141.014855
141.399454
141.821738
142.225859
142.625684
143.063132
143.473813
143.846977
144.277257
144.699336
145.104731
145.561901
146.013001
146.427150
146.870101
147.393599
147.841209
148.196159
148.523834
148.901688
149.275172
149.684260
150.093865
150.498282
150.911665
151.377469
151.793963
152.251303
152.689454
153.152228
153.616271
154.019267
154.465412
154.841879
155.322783
155.724540
156.147684
156.589513
157.025357
157.538964
157.973442
158.456418
158.864586
159.178529
159.560730
159.974682
160.389484
160.852730
161.266082
161.605909
161.922668
162.281379
162.628417
162.977951
163.394564
163.753344
164.093444
164.454359
164.822834
165.160668
165.533343
165.895390
166.308600
166.691951
167.076324
167.455238
167.810051
168.216327
168.701826
169.151224
169.551841
169.938369
170.340449
170.664152
171.006796
171.367849
171.720074
172.037461
172.353479
172.707031
173.027321
173.401367
173.727209
174.063121
174.419779
174.808059
175.239062
175.617422
176.019323
176.415607
176.876076
177.256593
177.636778
178.009995
178.405729
178.824348
179.271693
179.707702
180.068797
180.520262
181.003796
181.404279
181.879017
182.270888
182.678701
183.096286
183.524219
183.931296
184.371360
184.754760
185.185734
185.632636
186.005983
186.447621
186.841440
187.265057
187.712188
188.157960
188.592105
188.981319
189.368481
189.796019
190.202604
190.621475
191.070865
191.475853
191.929513
192.370865
192.788169
193.261128
193.671030
194.125335
194.533807
194.956276
195.424616
195.889463
196.328021
196.815525
197.247159
197.703531
198.103981
198.554190
198.958481
199.430612
199.840369
200.256241
200.702042
201.037146
201.464362
201.888464
202.288612
202.750850
203.212837
203.624529
204.035878
204.458506
204.933403
205.396750
205.845198
206.242634
206.704652
207.146778
207.608404
208.040956
208.482049
208.872685
209.298159
209.712096
210.080753
210.549901
210.960452
211.392203
211.855484
212.244061
212.771618
213.189355
213.659252
214.081992
214.575446
215.024806
215.409520
215.886093
216.231305
216.700336
217.145215
217.593784
218.062102
218.466464
218.875957
219.327214
219.692714
220.134770
220.528670
220.940937
221.406565
221.801164
222.243353
222.605269
223.012122
223.449414
223.813153
224.247720
224.624426
225.022165
225.438896
225.814741
226.235655
226.616963
226.999982
227.473859
227.896154
228.270251
228.724623
229.132010
229.591659
230.047628
230.404570
230.870422
231.236573
231.627836
232.077739
232.518379
232.991865
233.408438
233.856099
234.278445
234.682389
235.135010
235.528906
235.948448
236.371538
236.743649
237.156593
237.587640
238.017146
238.474672
238.875653
239.324101
239.740936
240.119372
240.574265
240.952421
241.378847
241.804109
242.201001
242.631526
243.048220
243.484621
243.923738
244.333964
244.788888
245.208151
245.579782
246.034846
246.410571
246.790979
247.219320
247.590618
248.037946
248.477786
248.886736
249.324159
249.668599
250.075860
250.483231
250.853035
251.289843
251.660813
252.099428
252.508506
252.858903
253.289021
253.630202
254.039410
254.484303
254.877535
255.303273
255.702629
256.088051
