#Frame         myrmsd
       1       0.0000
       2       1.2296
       3       1.2986
       4       1.3142
       5       1.3735
       6       1.2930
       7       1.3150
       8       1.1918
       9       1.2699
      10       1.2835
      11       1.3991
      12       1.3404
      13       1.4071
      14       1.2479
      15       1.2532
      16       1.1393
      17       1.2678
      18       1.2339
      19       1.2716
      20       1.1830
      21       1.3654
      22       1.3400
      23       1.3666
      24       1.3531
      25       1.2096
      26       1.3751
      27       1.3343
      28       1.2659
      29       1.4348
      30       1.3544
      31       1.2158
      32       1.3356
      33       1.4270
      34       1.3967
      35       1.4480
      36       1.5055
      37       1.3827
      38       1.4732
      39       1.3783
      40       1.5006
      41       1.3480
      42       1.4049
      43       1.3548
      44       1.3539
      45       1.3621
      46       1.4732
      47       1.4100
      48       1.4829
      49       1.3563
      50       1.3267
      51       1.3312
      52       1.3515
      53       1.3740
      54       1.4172
      55       1.4527
      56       1.3500
      57       1.4091
      58       1.4307
      59       1.2938
      60       1.2723
      61       1.2648
      62       1.2576
      63       1.1998
      64       1.1543
      65       1.2086
      66       1.1813
      67       1.3219
      68       1.3887
      69       1.3690
      70       1.3145
      71       1.3264
      72       1.3169
      73       1.3227
      74       1.3002
      75       1.4429
      76       1.3693
      77       1.3376
      78       1.4403
      79       1.3982
      80       1.3854
      81       1.3235
      82       1.3279
      83       1.3777
      84       1.3127
      85       1.2610
      86       1.3750
      87       1.3305
      88       1.4302
      89       1.4021
      90       1.3428
      91       1.3491
      92       1.3332
      93       1.4736
      94       1.5333
      95       1.2972
      96       1.2818
      97       1.4504
      98       1.5318
      99       1.4045
     100       1.3562
     101       1.3739
     102       1.2664
     103       1.2780
     104       1.2752
     105       1.3883
     106       1.4622
     107       1.3850
     108       1.4349
     109       1.4323
     110       1.4045
     111       1.3522
     112       1.3614
     113       1.5001
     114       1.3462
     115       1.4026
     116       1.3400
     117       1.3845
     118       1.3709
     119       1.4128
     120       1.3637
     121       1.2398
     122       1.3971
     123       1.4145
     124       1.3763
     125       1.3388
     126       1.3010
     127       1.3409
     128       1.4606
     129       1.3075
     130       1.3248
     131       1.3977
     132       1.2274
     133       1.3660
     134       1.4003
     135       1.3676
     136       1.3104
     137       1.4628
     138       1.4667
     139       1.4555
     140       1.4936
     141       1.4947
     142       1.4269
     143       1.4215
     144       1.3885
     145       1.4527
     146       1.3595
     147       1.4244
     148       1.4038
     149       1.3448
     150       1.4394
     151       1.4852
     152       1.3551
     153       1.4682
     154       1.4453
     155       1.3929
     156       1.4185
     157       1.5324
     158       1.4722
     159       1.4960
     160       1.5895
     161       1.4904
     162       1.5159
     163       1.4349
     164       1.4670
     165       1.3919
     166       1.4615
     167       1.4265
     168       1.4803
     169       1.4155
     170       1.4391
     171       1.3888
     172       1.3774
     173       1.3822
     174       1.3570
     175       1.3481
     176       1.4412
     177       1.3694
     178       1.3667
     179       1.4175
     180       1.4497
     181       1.3701
     182       1.4273
     183       1.4051
     184       1.5394
     185       1.3511
     186       1.4304
     187       1.4572
     188       1.4164
     189       1.4041
     190       1.3020
     191       1.4281
     192       1.5041
     193       1.5287
     194       1.4541
     195       1.4988
     196       1.5513
     197       1.3593
     198       1.5292
     199       1.4857
     200       1.3678
     201       1.3403
     202       1.3697
     203       1.4958
     204       1.4315
     205       1.4772
     206       1.4852
     207       1.4743
     208       1.4935
     209       1.5372
     210       1.3884
     211       1.4156
     212       1.3909
     213       1.3810
     214       1.4068
     215       1.6384
     216       1.5868
     217       1.6557
     218       1.5606
     219       1.5260
     220       1.5176
     221       1.6208
     222       1.6912
     223       1.6398
     224       1.5117
     225       1.4545
     226       1.5578
     227       1.5551
     228       1.5660
     229       1.7085
     230       1.6247
     231       1.5926
     232       1.7217
     233       1.5423
     234       1.5189
     235       1.5379
     236       1.6442
     237       1.5843
     238       1.5598
     239       1.6345
     240       1.5775
     241       1.5693
     242       1.5120
     243       1.5583
     244       1.5271
     245       1.5712
     246       1.6112
     247       1.6849
     248       1.6872
     249       1.5914
     250       1.5923
     251       1.5590
     252       1.5056
     253       1.4761
     254       1.4489
     255       1.5504
     256       1.5050
     257       1.4314
     258       1.4341
     259       1.4856
     260       1.4456
     261       1.6482
     262       1.4202
     263       1.5358
     264       1.4826
     265       1.6167
     266       1.4818
     267       1.5988
     268       1.6018
     269       1.6440
     270       1.4395
     271       1.5285
     272       1.4569
     273       1.5131
     274       1.4647
     275       1.5275
     276       1.5776
     277       1.5398
     278       1.5441
     279       1.4745
     280       1.3634
     281       1.4423
     282       1.4079
     283       1.5622
     284       1.6216
     285       1.4742
     286       1.5068
     287       1.6930
     288       1.4561
     289       1.4030
     290       1.3877
     291       1.3783
     292       1.3244
     293       1.3884
     294       1.3778
     295       1.3570
     296       1.3754
     297       1.3544
     298       1.4463
     299       1.3426
     300       1.4319
     301       1.4664
     302       1.4035
     303       1.4593
     304       1.4259
     305       1.3522
     306       1.4063
     307       1.3934
     308       1.4066
     309       1.4071
     310       1.4300
     311       1.4336
     312       1.4636
     313       1.4196
     314       1.3521
     315       1.3978
     316       1.4705
     317       1.4766
     318       1.6374
     319       1.4606
     320       1.4246
     321       1.4730
     322       1.4281
     323       1.5117
     324       1.3716
     325       1.3516
     326       1.4213
     327       1.5322
     328       1.3908
     329       1.4198
     330       1.5756
     331       1.3789
     332       1.5328
     333       1.4575
     334       1.3694
     335       1.5221
     336       1.5677
     337       1.4363
     338       1.4523
     339       1.5653
     340       1.4700
     341       1.5169
     342       1.5431
     343       1.4136
     344       1.6021
     345       1.6105
     346       1.5444
     347       1.5224
     348       1.5864
     349       1.6194
     350       1.5096
     351       1.6092
     352       1.5195
     353       1.5853
     354       1.4398
     355       1.4526
     356       1.4474
     357       1.4810
     358       1.4714
     359       1.5245
     360       1.4951
     361       1.5136
     362       1.6077
     363       1.4869
     364       1.4710
     365       1.5301
     366       1.4715
     367       1.4846
     368       1.6460
     369       1.6044
     370       1.5012
     371       1.6412
     372       1.4915
     373       1.5602
     374       1.5292
     375       1.5094
     376       1.5860
     377       1.5141
     378       1.4543
     379       1.4933
     380       1.5152
     381       1.5244
     382       1.4968
     383       1.5116
     384       1.4825
     385       1.5818
     386       1.4200
     387       1.3868
     388       1.4926
     389       1.5052
     390       1.4646
     391       1.5692
     392       1.4253
     393       1.4240
     394       1.4544
     395       1.4659
     396       1.4342
     397       1.4884
     398       1.4469
     399       1.5617
     400       1.3878
     401       1.6108
     402       1.5049
     403       1.4893
     404       1.5443
     405       1.5956
     406       1.5348
     407       1.5468
     408       1.5683
     409       1.6032
     410       1.5014
     411       1.3960
     412       1.5132
     413       1.4442
     414       1.3698
     415       1.5464
     416       1.3902
     417       1.5260
     418       1.3984
     419       1.3741
     420       1.4410
     421       1.5928
     422       1.5893
     423       1.4300
     424       1.4224
     425       1.4405
     426       1.4204
     427       1.4851
     428       1.5837
     429       1.4518
     430       1.4957
     431       1.4776
     432       1.4119
     433       1.4664
     434       1.4644
     435       1.4685
     436       1.5366
     437       1.5855
     438       1.4742
     439       1.4348
     440       1.5637
     441       1.3827
     442       1.3732
     443       1.3486
     444       1.5233
     445       1.3698
     446       1.3754
     447       1.4755
     448       1.4295
     449       1.3866
     450       1.4370
     451       1.4071
     452       1.4799
     453       1.3766
     454       1.4114
     455       1.4538
     456       1.5791
     457       1.5233
     458       1.4699
     459       1.4928
     460       1.4685
     461       1.4345
     462       1.4341
     463       1.4816
     464       1.4002
     465       1.4395
     466       1.3944
     467       1.4390
     468       1.4433
     469       1.3613
     470       1.3911
     471       1.3825
     472       1.3752
     473       1.5034
     474       1.4281
     475       1.3897
     476       1.4126
     477       1.3872
     478       1.5457
     479       1.5538
     480       1.5660
     481       1.4576
     482       1.6580
     483       1.4405
     484       1.5161
     485       1.5604
     486       1.4936
     487       1.6864
     488       1.6115
     489       1.6785
     490       1.5238
     491       1.7161
     492       1.4946
     493       1.5272
     494       1.4951
     495       1.6239
     496       1.6221
     497       1.4768
     498       1.4213
     499       1.4354
     500       1.5862
     501       1.4479
     502       1.5501
     503       1.4276
     504       1.5158
     505       1.3933
     506       1.3952
     507       1.4332
     508       1.4949
     509       1.4927
     510       1.5081
     511       1.5174
     512       1.4710
     513       1.4745
     514       1.3914
     515       1.4041
     516       1.4078
     517       1.4569
     518       1.5244
     519       1.3732
     520       1.4757
     521       1.4201
     522       1.3772
     523       1.4356
     524       1.3871
     525       1.2943
     526       1.3940
     527       1.2952
     528       1.3302
     529       1.3912
     530       1.3671
     531       1.3020
     532       1.3879
     533       1.2873
     534       1.3758
     535       1.3579
     536       1.4310
     537       1.4190
     538       1.4215
     539       1.3417
     540       1.3670
     541       1.3742
     542       1.2571
     543       1.3454
     544       1.3175
     545       1.2743
     546       1.3495
     547       1.3585
     548       1.3323
     549       1.3263
     550       1.3460
     551       1.4203
     552       1.3521
     553       1.4108
     554       1.3553
     555       1.3861
     556       1.5329
     557       1.3834
     558       1.4878
     559       1.2529
     560       1.3623
     561       1.4066
     562       1.5122
     563       1.3811
     564       1.3635
     565       1.3849
     566       1.5202
     567       1.5478
     568       1.3829
     569       1.6922
     570       1.4645
     571       1.4265
     572       1.4624
     573       1.4506
     574       1.4276
     575       1.4631
     576       1.4211
     577       1.5052
     578       1.5555
     579       1.5231
     580       1.4915
     581       1.6601
     582       1.4255
     583       1.4493
     584       1.6671
     585       1.6933
     586       1.6323
     587       1.6030
     588       1.4924
     589       1.5805
     590       1.5473
     591       1.6478
     592       1.4753
     593       1.5095
     594       1.7247
     595       1.6928
     596       1.5857
     597       1.4844
     598       1.5485
     599       1.4773
     600       1.4538
     601       1.5406
     602       1.4611
     603       1.5378
     604       1.5817
     605       1.6474
     606       1.5603
     607       1.5370
     608       1.6938
     609       1.6162
     610       1.5664
     611       1.6075
     612       1.5796
     613       1.5919
     614       1.5694
     615       1.7581
     616       1.6228
     617       1.5949
     618       1.6866
     619       1.7086
     620       1.5212
     621       1.5245
     622       1.6295
     623       1.6897
     624       1.5104
     625       1.7613
     626       1.7363
     627       1.7151
     628       1.7343
     629       1.6793
     630       1.6604
     631       1.6867
     632       1.7185
     633       1.7985
     634       1.6725
     635       1.7122
     636       1.6855
     637       1.8272
     638       1.6304
     639       1.7676
     640       1.6604
     641       1.6759
     642       1.6501
     643       1.6726
     644       1.7604
     645       1.7473
     646       1.7730
     647       1.7098
     648       1.8794
     649       1.6980
     650       1.7111
     651       1.9241
     652       1.9902
     653       1.8449
     654       1.8535
     655       1.7261
     656       1.8587
     657       1.7792
     658       1.7488
     659       1.8452
     660       1.7950
     661       1.9432
     662       1.7271
     663       1.7689
     664       1.7023
     665       1.6394
     666       1.5888
     667       1.5760
     668       1.6509
     669       1.7157
     670       1.6148
     671       1.7040
     672       1.5955
     673       1.5066
     674       1.5246
     675       1.4530
     676       1.5655
     677       1.4791
     678       1.6712
     679       1.5605
     680       1.7952
     681       1.8478
     682       1.7820
     683       1.5629
     684       1.6357
     685       1.7325
     686       1.6845
     687       1.5301
     688       1.5569
     689       1.7129
     690       1.7109
     691       1.7617
     692       1.6770
     693       1.8503
     694       1.8306
     695       1.6881
     696       1.7420
     697       1.7114
     698       1.6939
     699       1.4961
     700       1.5761
     701       1.6798
     702       1.6401
     703       1.5457
     704       1.6563
     705       1.6842
     706       1.5483
     707       1.6066
     708       1.5466
     709       1.6706
     710       1.8767
     711       1.6846
     712       1.7920
     713       1.5869
     714       1.8140
     715       1.7760
     716       1.9390
     717       1.8474
     718       1.7685
     719       1.6648
     720       1.9633
     721       1.6623
     722       1.6977
     723       1.7131
     724       1.6316
     725       1.5501
     726       1.5497
     727       1.5281
     728       1.7308
     729       1.6532
     730       1.7403
     731       1.8303
     732       1.7896
     733       1.7657
     734       1.8433
     735       1.9943
     736       1.6546
     737       1.7762
     738       1.7428
     739       1.8738
     740       1.6411
     741       1.8329
     742       1.8723
     743       1.7343
     744       1.9736
     745       1.9327
     746       2.1406
     747       1.7906
     748       1.7174
     749       1.6915
     750       1.6244
     751       1.6745
     752       1.5663
     753       1.7368
     754       1.6087
     755       1.9040
     756       1.7563
     757       1.5641
     758       1.5725
     759       1.7746
     760       1.6575
     761       1.7191
     762       1.6879
     763       1.7241
     764       1.6035
     765       1.7329
     766       1.8352
     767       1.6692
     768       1.7765
     769       1.6369
     770       1.5073
     771       1.6415
     772       1.5705
     773       1.6193
     774       1.4938
     775       1.6095
     776       1.6346
     777       1.5683
     778       1.4540
     779       1.5925
     780       1.6567
     781       1.6277
     782       1.6685
     783       1.6245
     784       1.5647
     785       1.6937
     786       1.5165
     787       1.5832
     788       1.6687
     789       1.6940
     790       1.7282
     791       1.5967
     792       1.8953
     793       1.8277
     794       1.8405
     795       1.6459
     796       1.6265
     797       1.5155
     798       1.5261
     799       1.5724
     800       1.6164
     801       1.5072
     802       1.6814
     803       1.8190
     804       1.7757
     805       1.6289
     806       1.7350
     807       1.8412
     808       1.5881
     809       1.9783
     810       1.6746
     811       1.8527
     812       1.9889
     813       1.7338
     814       1.7909
     815       1.8949
     816       1.9254
     817       1.7414
     818       1.9519
     819       1.7887
     820       1.8596
     821       1.8625
     822       1.6592
     823       2.0673
     824       1.8579
     825       1.7465
     826       1.7299
     827       1.7664
     828       1.6162
     829       1.7960
     830       1.7089
     831       1.6307
     832       1.8168
     833       1.8520
     834       1.6612
     835       2.0710
     836       1.9389
     837       1.8285
     838       1.8736
     839       1.8285
     840       1.8799
     841       1.8639
     842       1.8600
     843       1.9976
     844       2.0346
     845       1.9204
     846       1.7872
     847       1.7108
     848       1.9172
     849       1.7549
     850       1.7506
     851       1.9262
     852       1.8763
     853       1.8481
     854       1.8712
     855       1.8339
     856       1.8247
     857       1.9133
     858       1.8352
     859       1.8019
     860       1.9217
     861       1.9130
     862       1.8508
     863       1.9084
     864       1.8758
     865       1.9035
     866       1.8033
     867       1.5789
     868       1.7152
     869       1.6600
     870       1.6876
     871       1.8273
     872       1.7212
     873       1.7629
     874       1.6890
     875       1.6801
     876       1.6900
     877       1.7215
     878       1.8724
     879       1.7494
     880       1.5878
     881       1.8473
     882       1.9347
     883       1.7449
     884       1.7906
     885       1.6221
     886       1.6936
     887       1.7301
     888       1.7144
     889       1.6959
     890       1.6821
     891       1.9436
     892       1.8509
     893       1.7156
     894       1.8008
     895       1.6763
     896       1.7244
     897       1.6483
     898       1.6132
     899       1.7309
     900       1.9484
     901       1.8729
     902       1.8174
     903       1.6764
     904       1.7404
     905       1.7653
     906       1.7839
     907       1.6532
     908       1.6539
     909       1.6245
     910       1.5517
     911       1.6884
     912       1.6216
     913       1.9183
     914       1.6783
     915       1.8672
     916       2.0252
     917       1.8323
     918       1.7764
     919       1.6249
     920       1.7975
     921       1.8050
     922       1.6888
     923       1.6720
     924       1.7188
     925       1.7754
     926       1.7880
     927       1.5672
     928       1.7727
     929       1.5998
     930       1.6855
     931       1.6639
     932       1.6829
     933       1.7800
     934       1.8999
     935       1.8896
     936       1.9489
     937       1.8562
     938       1.9048
     939       1.8093
     940       1.6673
     941       1.8224
     942       1.6699
     943       1.8576
     944       1.7135
     945       1.8631
     946       1.7392
     947       1.7229
     948       1.8651
     949       1.9286
     950       1.8100
     951       1.7261
     952       1.7291
     953       1.7965
     954       1.7303
     955       1.8630
     956       1.8111
     957       1.5884
     958       1.6874
     959       1.9528
     960       1.8272
     961       1.7082
     962       1.7638
     963       1.7123
     964       1.7279
     965       1.9078
     966       1.9329
     967       1.6597
     968       1.6027
     969       1.5501
     970       1.4937
     971       1.6062
     972       1.6619
     973       1.6764
     974       1.9165
     975       1.6991
     976       1.7721
     977       1.7573
     978       1.6638
     979       1.6182
     980       1.7246
     981       1.6651
     982       1.7578
     983       1.7633
     984       1.7572
     985       1.7697
     986       1.6859
     987       1.7515
     988       1.8445
     989       1.7357
     990       1.5946
     991       1.5220
     992       1.5557
     993       1.6153
     994       1.6100
     995       1.6927
     996       1.6825
     997       1.5752
     998       1.7285
     999       1.7949
    1000       1.7990
    1001       1.6751
    1002       1.5926
    1003       2.0662
    1004       1.8293
    1005       1.5907
    1006       1.6909
    1007       1.6616
    1008       1.4779
    1009       1.6095
    1010       1.5435
    1011       1.6690
    1012       1.6468
    1013       1.6482
    1014       1.4879
    1015       1.4899
    1016       1.5393
    1017       1.5731
    1018       1.5848
    1019       1.4935
    1020       1.6163
    1021       1.6145
    1022       1.5264
    1023       1.7286
    1024       1.6644
    1025       1.6434
    1026       1.6295
    1027       1.7435
    1028       1.6798
    1029       1.7329
    1030       1.6916
    1031       1.9162
    1032       1.9292
    1033       1.9668
    1034       1.9153
    1035       1.8234
    1036       1.8606
    1037       1.9121
    1038       1.8166
    1039       1.9985
    1040       1.9498
    1041       1.8895
    1042       1.9166
    1043       1.8279
    1044       1.8906
    1045       1.8036
    1046       1.7928
    1047       1.8370
    1048       1.6799
    1049       1.8469
    1050       1.7528
    1051       1.7197
    1052       1.7605
    1053       1.8463
    1054       1.6846
    1055       1.8834
    1056       1.7334
    1057       1.9056
    1058       2.0593
    1059       1.9433
    1060       1.9360
    1061       1.8820
    1062       1.8676
    1063       1.9369
    1064       1.7953
    1065       2.0314
    1066       1.8556
    1067       1.9060
    1068       1.9184
    1069       1.8948
    1070       1.7920
    1071       1.8642
    1072       1.8162
    1073       1.8446
    1074       2.0723
    1075       1.9007
    1076       1.8880
    1077       1.9576
    1078       1.9104
    1079       1.9088
    1080       2.0704
    1081       1.8813
    1082       1.8612
    1083       1.9043
    1084       1.8343
    1085       1.5716
    1086       1.7575
    1087       1.7411
    1088       1.8061
    1089       1.9065
    1090       1.8001
    1091       1.8080
    1092       1.7740
    1093       1.8182
    1094       1.7790
    1095       1.6925
    1096       1.8231
    1097       1.6508
    1098       1.8405
    1099       1.8189
    1100       1.6250
    1101       1.6626
    1102       1.8277
    1103       1.6984
    1104       1.6471
    1105       1.6471
    1106       1.6284
    1107       1.8393
    1108       1.8002
    1109       1.8289
    1110       1.7635
    1111       1.7633
    1112       1.9299
    1113       1.7520
    1114       1.8062
    1115       2.0491
    1116       1.8478
    1117       1.7208
    1118       1.8283
    1119       1.7384
    1120       1.8511
    1121       1.8490
    1122       1.8284
    1123       1.7431
    1124       1.8276
    1125       1.7219
    1126       1.8930
    1127       1.5809
    1128       1.7382
    1129       1.7251
    1130       1.7389
    1131       1.7378
    1132       1.6161
    1133       1.7133
    1134       1.5496
    1135       1.7359
    1136       1.7843
    1137       1.8479
    1138       1.5843
    1139       1.6316
    1140       1.6312
    1141       1.9062
    1142       1.6315
    1143       1.7037
    1144       1.5780
    1145       1.5426
    1146       1.5746
    1147       1.7742
    1148       1.5905
    1149       1.6232
    1150       1.6974
    1151       1.7036
    1152       1.5572
    1153       1.5933
    1154       1.5474
    1155       1.4813
    1156       1.6650
    1157       1.5962
    1158       1.7433
    1159       1.5584
    1160       1.5834
    1161       1.6918
    1162       1.5623
    1163       1.6246
    1164       1.5831
    1165       1.5471
    1166       1.6049
    1167       1.6967
    1168       1.3880
    1169       1.4754
    1170       1.5425
    1171       1.5940
    1172       1.6517
    1173       1.4658
    1174       1.5453
    1175       1.8794
    1176       1.7725
    1177       1.6220
    1178       1.5567
    1179       1.7084
    1180       1.6805
    1181       1.6443
    1182       1.7972
    1183       1.6208
    1184       1.6709
    1185       1.6265
    1186       1.5849
    1187       1.6051
    1188       1.5837
    1189       1.5434
    1190       1.5939
    1191       1.5203
    1192       1.4690
    1193       1.6249
    1194       1.5430
    1195       1.5612
    1196       1.5488
    1197       1.5741
    1198       1.6199
    1199       1.4866
    1200       1.5910
    1201       1.6274
    1202       1.6856
    1203       1.4545
    1204       1.6829
    1205       1.4796
    1206       1.5734
    1207       1.5389
    1208       1.5962
    1209       1.7315
    1210       1.7496
    1211       1.7420
    1212       1.7288
    1213       1.5683
    1214       1.5807
    1215       1.6147
    1216       1.5766
    1217       1.7255
    1218       1.6389
    1219       1.8322
    1220       1.7348
    1221       1.6985
    1222       1.8165
    1223       1.8254
    1224       1.7307
    1225       1.8963
    1226       1.9813
    1227       1.7817
    1228       1.9072
    1229       2.0572
    1230       1.9355
    1231       1.8805
    1232       2.0831
    1233       1.9147
    1234       2.0595
    1235       1.8560
    1236       1.9393
    1237       1.7913
    1238       1.9261
    1239       2.0215
    1240       1.8381
    1241       1.9211
    1242       1.7789
    1243       1.8382
    1244       1.9644
    1245       2.0749
    1246       1.8973
    1247       1.9194
    1248       1.9862
    1249       1.8970
    1250       1.9218
    1251       1.8844
    1252       1.8324
    1253       1.9778
    1254       1.8640
    1255       1.6626
    1256       1.8141
    1257       1.7158
    1258       1.9042
    1259       1.8646
    1260       1.8753
    1261       1.9471
    1262       2.0500
    1263       2.0177
    1264       2.1154
    1265       2.0801
    1266       2.0253
    1267       1.8678
    1268       1.9002
    1269       2.0632
    1270       1.8450
    1271       1.9505
    1272       1.8475
    1273       1.8739
    1274       1.9419
    1275       1.8287
    1276       1.8419
    1277       1.8598
    1278       1.7733
    1279       1.9480
    1280       1.9541
    1281       2.0837
    1282       2.0115
    1283       1.8894
    1284       1.9759
    1285       1.8686
    1286       1.9475
    1287       1.9290
    1288       1.9050
    1289       2.0069
    1290       1.9071
    1291       1.9455
    1292       1.9777
    1293       1.9264
    1294       1.8524
    1295       1.7626
    1296       2.0899
    1297       1.6579
    1298       1.7449
    1299       1.7644
    1300       1.8651
    1301       1.8370
    1302       1.8486
    1303       1.8585
    1304       1.8762
    1305       1.7598
    1306       1.7050
    1307       1.5912
    1308       1.7338
    1309       1.7995
    1310       1.5978
    1311       1.6640
    1312       1.8420
    1313       1.8718
    1314       1.6347
    1315       1.8066
    1316       1.8306
    1317       1.6686
    1318       1.8368
    1319       1.8523
    1320       1.7661
    1321       1.6821
    1322       1.7468
    1323       1.6810
    1324       1.7493
    1325       1.7762
    1326       1.8962
    1327       1.8733
    1328       1.6946
    1329       1.8662
    1330       1.9528
    1331       1.8060
    1332       1.6903
    1333       1.8181
    1334       1.8266
    1335       1.6780
    1336       1.7614
    1337       1.7139
    1338       1.6562
    1339       1.9768
    1340       1.9032
    1341       1.7504
    1342       1.6712
    1343       2.0170
    1344       1.9125
    1345       1.8068
    1346       1.8989
    1347       1.8654
    1348       1.7610
    1349       1.7416
    1350       1.9633
    1351       1.7299
    1352       1.8309
    1353       1.8065
    1354       1.7654
    1355       1.7435
    1356       1.7593
    1357       1.8017
    1358       1.6927
    1359       1.6783
    1360       1.7371
    1361       1.7087
    1362       1.8661
    1363       1.8202
    1364       1.8971
    1365       1.7860
    1366       1.7749
    1367       1.6344
    1368       1.5556
    1369       1.6617
    1370       1.6307
    1371       1.6214
    1372       1.7592
    1373       1.7200
    1374       1.7135
    1375       1.7985
    1376       1.7798
    1377       1.6925
    1378       1.7395
    1379       1.9191
    1380       1.7907
    1381       1.9276
    1382       1.7433
    1383       1.7375
    1384       1.7840
    1385       1.9008
    1386       1.9624
    1387       1.7762
    1388       1.8677
    1389       1.9818
    1390       1.8002
    1391       1.9405
    1392       1.8166
    1393       1.9852
    1394       1.9379
    1395       1.7346
    1396       1.8516
    1397       1.8647
    1398       1.7113
    1399       1.8170
    1400       1.8313
    1401       1.7781
    1402       1.7672
    1403       1.7920
    1404       1.8893
    1405       1.8250
    1406       1.7955
    1407       1.9246
    1408       1.8702
    1409       1.8725
    1410       1.8059
    1411       1.9037
    1412       1.7268
    1413       1.7687
    1414       1.8068
    1415       1.9298
    1416       1.8234
    1417       1.7841
    1418       1.7021
    1419       1.7524
    1420       1.8905
    1421       1.7524
    1422       1.7547
    1423       1.9042
    1424       1.8361
    1425       1.8369
    1426       1.8693
    1427       1.7334
    1428       1.6772
    1429       1.6324
    1430       1.7776
    1431       1.8677
    1432       1.8666
    1433       1.8026
    1434       1.7773
    1435       1.7353
    1436       1.7072
    1437       1.8262
    1438       1.8054
    1439       1.9583
    1440       1.7750
    1441       1.8087
    1442       1.8939
    1443       1.7556
    1444       1.8894
    1445       1.7360
    1446       1.8452
    1447       1.9167
    1448       1.9037
    1449       1.7147
    1450       1.7978
    1451       1.8430
    1452       1.8467
    1453       1.7280
    1454       1.7888
    1455       1.7892
    1456       1.8132
    1457       1.7889
    1458       1.8293
    1459       1.7955
    1460       1.6900
    1461       1.9568
    1462       1.8154
    1463       1.8126
    1464       1.8684
    1465       1.7735
    1466       1.7993
    1467       2.0612
    1468       1.8693
    1469       1.8230
    1470       1.7841
    1471       1.9533
    1472       1.9031
    1473       1.9697
    1474       1.9233
    1475       1.8701
    1476       2.0146
    1477       1.7217
    1478       1.8643
    1479       1.8491
    1480       1.7667
    1481       1.8244
    1482       1.8427
    1483       1.8135
    1484       1.7948
    1485       1.7476
    1486       1.6686
    1487       1.7832
    1488       1.7391
    1489       1.7447
    1490       1.8055
    1491       1.7458
    1492       1.6771
    1493       1.7987
    1494       1.8476
    1495       1.8604
    1496       1.7819
    1497       1.7690
    1498       1.7620
    1499       1.7679
    1500       1.8730
    1501       1.9032
    1502       1.8107
    1503       1.7230
    1504       1.7342
    1505       1.6409
    1506       1.8226
    1507       1.8455
    1508       1.8141
    1509       1.9372
    1510       1.6963
    1511       1.9614
    1512       1.8795
    1513       1.8257
    1514       1.7695
    1515       1.7910
    1516       1.7934
    1517       1.6881
    1518       1.9251
    1519       1.8929
    1520       1.7714
    1521       1.8425
    1522       1.8787
    1523       1.6810
    1524       1.8104
    1525       1.7586
    1526       1.7665
    1527       1.8225
    1528       1.8845
    1529       1.8318
    1530       1.8733
    1531       1.8111
    1532       1.8687
    1533       1.9038
    1534       1.9509
    1535       1.8451
    1536       1.8647
    1537       1.9319
    1538       1.9570
    1539       1.9905
    1540       2.0572
    1541       1.7243
    1542       1.8135
    1543       1.8596
    1544       1.9749
    1545       1.7937
    1546       1.8181
    1547       1.9001
    1548       1.7631
    1549       1.8038
    1550       1.7402
    1551       1.8512
    1552       1.9209
    1553       1.7294
    1554       1.8072
    1555       1.7682
    1556       1.7607
    1557       1.7999
    1558       1.8034
    1559       1.7862
    1560       1.7981
    1561       1.6688
    1562       1.6944
    1563       1.7633
    1564       1.8068
    1565       1.8548
    1566       1.8792
    1567       1.7647
    1568       1.8503
    1569       1.6641
    1570       1.9113
    1571       1.7623
    1572       1.6171
    1573       1.6870
    1574       1.7559
    1575       1.8097
    1576       1.7230
    1577       1.6753
    1578       1.8464
    1579       1.7005
    1580       1.7080
    1581       1.6172
    1582       1.6846
    1583       1.8003
    1584       1.8395
    1585       1.6989
    1586       1.7158
    1587       1.7498
    1588       1.6298
    1589       1.7654
    1590       1.8105
    1591       1.7489
    1592       1.8041
    1593       1.8794
    1594       1.7798
    1595       1.7605
    1596       1.8065
    1597       1.6619
    1598       1.7932
    1599       1.7933
    1600       1.7934
    1601       1.7263
    1602       1.8001
    1603       1.7405
    1604       1.7517
    1605       1.6732
    1606       1.8647
    1607       1.7599
    1608       1.7711
    1609       1.8114
    1610       1.7782
    1611       1.7675
    1612       1.8595
    1613       1.6420
    1614       1.7268
    1615       1.8146
    1616       1.7456
    1617       1.6453
    1618       1.7428
    1619       1.7566
    1620       1.7544
    1621       1.9127
    1622       1.8465
    1623       1.6789
    1624       1.8165
    1625       1.8888
    1626       1.7472
    1627       1.9004
    1628       1.8024
    1629       1.7595
    1630       1.8354
    1631       1.8458
    1632       1.8665
    1633       1.7015
    1634       1.7658
    1635       1.7290
    1636       1.7454
    1637       1.7679
    1638       1.9105
    1639       1.8879
    1640       1.8683
    1641       1.7940
    1642       1.9504
    1643       1.9657
    1644       1.7552
    1645       1.8316
    1646       1.8782
    1647       1.8487
    1648       1.6913
    1649       1.8554
    1650       1.8501
    1651       1.8492
    1652       1.9895
    1653       1.9621
    1654       1.8836
    1655       1.8144
    1656       1.9339
    1657       1.8272
    1658       1.7749
    1659       1.8464
    1660       1.8611
    1661       1.7703
    1662       1.7559
    1663       1.9808
    1664       1.8923
    1665       1.9694
    1666       1.9834
    1667       1.9049
    1668       2.1407
    1669       2.0599
    1670       1.8638
    1671       1.9571
    1672       1.9773
    1673       1.9638
    1674       2.0077
    1675       1.9446
    1676       2.0832
    1677       1.9429
    1678       2.0345
    1679       2.0050
    1680       2.0326
    1681       1.9790
    1682       1.9311
    1683       1.8854
    1684       1.9118
    1685       2.0785
    1686       2.0833
    1687       1.8769
    1688       1.9910
    1689       2.0654
    1690       2.0881
    1691       1.9457
    1692       1.9483
    1693       1.8753
    1694       1.9604
    1695       2.0772
    1696       1.9507
    1697       1.9265
    1698       2.0399
    1699       1.9489
    1700       2.0320
    1701       1.9032
    1702       2.0582
    1703       2.0671
    1704       1.9404
    1705       2.1629
    1706       1.9589
    1707       2.1072
    1708       2.0219
    1709       2.0428
    1710       1.9211
    1711       1.8328
    1712       1.8638
    1713       1.9483
    1714       1.9418
    1715       1.9416
    1716       2.0722
    1717       1.9224
    1718       2.0514
    1719       1.9781
    1720       1.9761
    1721       1.8847
    1722       1.9201
    1723       2.0525
    1724       2.0495
    1725       1.9772
    1726       1.8652
    1727       1.9644
    1728       1.8530
    1729       1.9557
    1730       1.9298
    1731       1.9689
    1732       2.0582
    1733       1.9832
    1734       2.0385
    1735       2.0576
    1736       1.9267
    1737       1.9052
    1738       2.1166
    1739       2.0359
    1740       1.9880
    1741       1.8908
    1742       1.9728
    1743       1.9015
    1744       1.9989
    1745       1.9485
    1746       2.1553
    1747       1.9952
    1748       1.9534
    1749       1.9336
    1750       2.0342
    1751       1.9804
    1752       2.0776
    1753       1.8989
    1754       2.0824
    1755       1.9814
    1756       1.8616
    1757       1.9565
    1758       1.8503
    1759       1.8139
    1760       1.8718
    1761       1.9539
    1762       1.9833
    1763       2.0738
    1764       2.0080
    1765       1.9012
    1766       1.8786
    1767       1.9618
    1768       2.0490
    1769       2.0757
    1770       1.9281
    1771       1.9422
    1772       1.9426
    1773       2.0029
    1774       1.8220
    1775       1.8623
    1776       2.1578
    1777       1.9658
    1778       1.8867
    1779       1.9923
    1780       1.9922
    1781       2.0858
    1782       2.0021
    1783       1.9957
    1784       2.0311
    1785       2.1798
    1786       1.9002
    1787       2.0293
    1788       2.0085
    1789       2.1819
    1790       2.1353
    1791       1.9862
    1792       1.9880
    1793       1.9607
    1794       1.9401
    1795       1.9549
    1796       2.0041
    1797       2.1698
    1798       2.0617
    1799       1.9718
    1800       2.0447
    1801       2.0019
    1802       1.9924
    1803       2.0602
    1804       1.8915
    1805       2.0156
    1806       1.9154
    1807       1.9832
    1808       1.9889
    1809       1.9648
    1810       1.8509
    1811       1.9702
    1812       1.9820
    1813       1.9412
    1814       1.8716
    1815       1.9608
    1816       2.0291
    1817       1.9691
    1818       1.8917
    1819       1.9797
    1820       1.8897
    1821       2.0290
    1822       1.8904
    1823       1.8385
    1824       1.9735
    1825       1.9298
    1826       1.9986
    1827       2.0137
    1828       1.9757
    1829       1.9987
    1830       2.0208
    1831       1.8667
    1832       1.9063
    1833       1.7788
    1834       2.0757
    1835       2.0924
    1836       1.9037
    1837       2.0785
    1838       1.9276
    1839       1.9552
    1840       1.9064
    1841       1.9882
    1842       1.9347
    1843       1.9821
    1844       2.1668
    1845       2.0338
    1846       2.0320
    1847       1.9549
    1848       1.9396
    1849       2.0291
    1850       1.9582
    1851       1.9360
    1852       2.1094
    1853       2.0205
    1854       2.0099
    1855       2.1462
    1856       1.9911
    1857       1.9958
    1858       1.8463
    1859       1.9606
    1860       1.9727
    1861       1.9197
    1862       2.0436
    1863       1.9809
    1864       1.9454
    1865       2.0336
    1866       1.9190
    1867       2.1021
    1868       1.8948
    1869       1.9103
    1870       2.0936
    1871       2.0882
    1872       1.8993
    1873       1.9891
    1874       1.9465
    1875       1.8453
    1876       1.8481
    1877       1.9132
    1878       1.8354
    1879       1.8091
    1880       1.9697
    1881       2.1767
    1882       1.8935
    1883       1.8445
    1884       2.0087
    1885       2.0026
    1886       1.9469
    1887       2.0219
    1888       1.9202
    1889       2.0686
    1890       2.0189
    1891       1.9192
    1892       2.1118
    1893       1.9954
    1894       2.0191
    1895       1.9231
    1896       2.1919
    1897       1.9656
    1898       2.0040
    1899       1.8183
    1900       1.8187
    1901       1.8136
    1902       1.9862
    1903       1.8282
    1904       1.9357
    1905       2.0597
    1906       1.8563
    1907       1.9466
    1908       2.0327
    1909       1.9900
    1910       2.0509
    1911       1.9767
    1912       2.0055
    1913       1.9673
    1914       2.0320
    1915       2.0531
    1916       1.9472
    1917       2.0182
    1918       2.0057
    1919       1.9714
    1920       2.0143
    1921       2.0961
    1922       2.0976
    1923       2.1127
    1924       2.0567
    1925       2.0481
    1926       2.1229
    1927       2.0376
    1928       2.1059
    1929       2.0597
    1930       1.8652
    1931       1.8004
    1932       2.1164
    1933       1.9390
    1934       1.9172
    1935       1.9535
    1936       1.8760
    1937       1.9598
    1938       1.9945
    1939       2.0137
    1940       2.0035
    1941       2.0261
    1942       1.9783
    1943       1.9537
    1944       1.9521
    1945       1.7580
    1946       1.7542
    1947       1.8377
    1948       1.9438
    1949       2.0675
    1950       1.9296
    1951       1.9894
    1952       2.0694
    1953       1.8987
    1954       1.8077
    1955       1.9465
    1956       1.8520
    1957       1.7196
    1958       1.8807
    1959       1.7507
    1960       1.9816
    1961       1.8333
    1962       1.9347
    1963       1.8835
    1964       1.9816
    1965       1.8532
    1966       1.8840
    1967       1.9704
    1968       1.8630
    1969       1.8359
    1970       1.7530
    1971       1.8219
    1972       1.9549
    1973       1.8044
    1974       2.0954
    1975       2.0177
    1976       1.9799
    1977       1.9731
    1978       2.2697
    1979       2.0529
    1980       2.1429
    1981       2.1205
    1982       1.9079
    1983       2.0768
    1984       1.8669
    1985       1.8823
    1986       1.9302
    1987       2.0503
    1988       1.9172
    1989       1.9302
    1990       1.9079
    1991       1.9764
    1992       1.9161
    1993       2.0848
    1994       1.6865
    1995       2.0392
    1996       2.0391
    1997       2.0071
    1998       1.8758
    1999       1.7808
    2000       2.0841
    2001       1.9250
    2002       1.9896
    2003       1.8792
    2004       1.7703
    2005       1.8376
    2006       1.9291
    2007       2.0877
    2008       1.9789
    2009       1.8792
    2010       1.8712
    2011       1.9796
    2012       2.0472
    2013       2.0266
    2014       2.0279
    2015       1.8885
    2016       2.0314
    2017       1.8804
    2018       2.2133
    2019       2.0836
    2020       2.0134
    2021       2.0519
    2022       2.0712
    2023       2.0021
    2024       1.9572
    2025       2.0105
    2026       1.9612
    2027       2.1055
    2028       1.9084
    2029       1.8993
    2030       1.8823
    2031       1.8849
    2032       1.9877
    2033       2.0386
    2034       2.0404
    2035       1.8813
    2036       1.8850
    2037       1.8801
    2038       1.9111
    2039       1.8141
    2040       1.8978
    2041       1.8320
    2042       1.8671
    2043       1.8289
    2044       1.6973
    2045       1.8535
    2046       1.7829
    2047       1.8678
    2048       1.9130
    2049       1.8492
    2050       2.0273
    2051       1.9627
    2052       1.8501
    2053       1.8420
    2054       1.8954
    2055       1.9383
    2056       2.0575
    2057       1.8769
    2058       1.8986
    2059       1.8719
    2060       1.8014
    2061       1.7710
    2062       1.9056
    2063       2.0845
    2064       1.9482
    2065       1.8503
    2066       1.8394
    2067       1.8224
    2068       1.7550
    2069       1.9319
    2070       1.8977
    2071       2.1147
    2072       1.9166
    2073       1.7594
    2074       1.8909
    2075       1.8385
    2076       1.9863
    2077       2.1687
    2078       2.0190
    2079       1.7943
    2080       1.8375
    2081       1.8627
    2082       1.6595
    2083       1.9261
    2084       1.9050
    2085       2.1356
    2086       2.1125
    2087       1.9363
    2088       2.1046
    2089       1.8777
    2090       1.8352
    2091       1.8775
    2092       1.8765
    2093       1.8935
    2094       1.7719
    2095       1.9894
    2096       1.7914
    2097       1.9516
    2098       1.9145
    2099       1.8521
    2100       2.0228
    2101       2.0050
    2102       1.8769
    2103       1.7422
    2104       1.9194
    2105       1.8330
    2106       1.8463
    2107       1.8499
    2108       1.7615
    2109       2.0012
    2110       1.8335
    2111       1.8831
    2112       1.8152
    2113       1.8556
    2114       1.8173
    2115       1.8899
    2116       1.8335
    2117       1.7981
    2118       1.7241
    2119       1.7879
    2120       1.7574
    2121       1.8995
    2122       1.9934
    2123       1.8600
    2124       1.9865
    2125       1.9679
    2126       1.9313
    2127       1.9851
    2128       1.7430
    2129       1.8944
    2130       2.1133
    2131       1.9420
    2132       1.9200
    2133       2.0014
    2134       1.8442
    2135       2.0448
    2136       1.9364
    2137       1.8832
    2138       1.8473
    2139       1.9638
    2140       2.1442
    2141       1.9905
    2142       1.9848
    2143       1.8863
    2144       1.9765
    2145       1.9845
    2146       1.9663
    2147       2.0940
    2148       2.0566
    2149       2.2206
    2150       2.1646
    2151       1.9225
    2152       1.9219
    2153       1.9669
    2154       2.0227
    2155       1.9811
    2156       2.0293
    2157       1.8883
    2158       1.9786
    2159       1.9820
    2160       1.9470
    2161       1.8107
    2162       2.0211
    2163       1.9829
    2164       1.9932
    2165       2.0540
    2166       2.0170
    2167       2.0283
    2168       2.0346
    2169       2.2507
    2170       1.9940
    2171       2.1167
    2172       2.0470
    2173       1.9181
    2174       1.8895
    2175       2.0988
    2176       2.2103
    2177       2.1722
    2178       2.0117
    2179       2.1527
    2180       2.0516
    2181       1.9411
    2182       2.1014
    2183       2.0123
    2184       2.1349
    2185       1.9779
    2186       2.0385
    2187       1.9226
    2188       2.1034
    2189       2.1126
    2190       2.0307
    2191       2.1345
    2192       2.0134
    2193       2.0954
    2194       2.0519
    2195       2.0939
    2196       2.0764
    2197       2.0137
    2198       1.9594
    2199       1.9873
    2200       2.0462
    2201       1.9901
    2202       2.0777
    2203       1.8697
    2204       1.9226
    2205       1.8849
    2206       1.9623
    2207       2.0047
    2208       2.0184
    2209       2.0327
    2210       2.0826
    2211       2.0013
    2212       2.0341
    2213       2.0962
    2214       2.2126
    2215       1.9772
    2216       1.9861
    2217       2.0436
    2218       1.9682
    2219       1.8966
    2220       1.9339
    2221       1.9392
    2222       2.0567
    2223       2.0322
    2224       2.0779
    2225       2.1137
    2226       1.8793
    2227       2.0477
    2228       2.0650
    2229       2.1628
    2230       2.2323
    2231       2.0493
    2232       1.8760
    2233       2.0018
    2234       2.0440
    2235       2.0937
    2236       1.9536
    2237       2.0749
    2238       2.1005
    2239       2.0734
    2240       2.0957
    2241       2.2351
    2242       1.9383
    2243       2.0313
    2244       2.0010
    2245       2.0876
    2246       2.0304
    2247       1.9936
    2248       2.0255
    2249       1.9849
    2250       2.0410
    2251       2.2071
    2252       2.0666
    2253       2.0635
    2254       2.1304
    2255       2.0637
    2256       2.1301
    2257       1.9816
    2258       2.0301
    2259       2.0906
    2260       1.9789
    2261       1.8938
    2262       2.0108
    2263       1.9865
    2264       2.0727
    2265       2.0379
    2266       2.0938
    2267       2.0815
    2268       1.9305
    2269       2.0720
    2270       1.9817
    2271       1.9647
    2272       1.9830
    2273       2.1000
    2274       2.1198
    2275       1.9722
    2276       2.0103
    2277       2.1375
    2278       1.9171
    2279       2.0356
    2280       1.9973
    2281       1.9951
    2282       2.1303
    2283       2.0356
    2284       2.0115
    2285       1.9330
    2286       2.1334
    2287       1.9701
    2288       1.9726
    2289       2.0538
    2290       1.9343
    2291       2.0020
    2292       1.9366
    2293       2.0615
    2294       2.0103
    2295       1.7907
    2296       1.9120
    2297       1.9677
    2298       1.8687
    2299       1.9801
    2300       1.8994
    2301       1.9963
    2302       2.0778
    2303       1.9689
    2304       1.9788
    2305       1.9490
    2306       1.8859
    2307       2.0332
    2308       2.0088
    2309       1.9935
    2310       1.9263
    2311       2.0685
    2312       1.9822
    2313       2.0778
    2314       2.0098
    2315       1.9259
    2316       1.8542
    2317       1.9518
    2318       1.9654
    2319       1.9565
    2320       1.9934
    2321       1.9908
    2322       1.9612
    2323       2.1862
    2324       1.8382
    2325       1.8911
    2326       1.9880
    2327       1.9701
    2328       1.9620
    2329       2.0345
    2330       1.8088
    2331       1.8295
    2332       1.8115
    2333       1.7706
    2334       1.8105
    2335       1.8248
    2336       1.8624
    2337       1.9758
    2338       1.9939
    2339       1.9386
    2340       2.1281
    2341       2.1521
    2342       2.0894
    2343       1.8893
    2344       2.0922
    2345       2.0925
    2346       2.0987
    2347       1.9856
    2348       2.0816
    2349       2.0848
    2350       2.0091
    2351       1.9862
    2352       1.9786
    2353       2.0574
    2354       1.8491
    2355       2.0580
    2356       2.1109
    2357       2.0218
    2358       1.9986
    2359       1.9932
    2360       1.9101
    2361       2.0275
    2362       2.0062
    2363       2.1477
    2364       2.0574
    2365       2.1720
    2366       2.0438
    2367       1.9313
    2368       1.9274
    2369       1.9108
    2370       1.9306
    2371       1.7925
    2372       2.0184
    2373       1.9203
    2374       1.9036
    2375       2.0676
    2376       2.0306
    2377       2.0855
    2378       1.9403
    2379       2.0005
    2380       2.0903
    2381       2.0310
    2382       2.1057
    2383       1.8633
    2384       1.9678
    2385       2.1580
    2386       2.1154
    2387       2.1253
    2388       2.1479
    2389       2.0341
    2390       2.0244
    2391       2.2135
    2392       2.0690
    2393       2.0683
    2394       2.0496
    2395       2.1048
    2396       1.8670
    2397       1.9357
    2398       1.8906
    2399       1.9164
    2400       2.0729
    2401       1.9940
    2402       1.9810
    2403       1.9153
    2404       1.9702
    2405       1.8638
    2406       1.9847
    2407       1.8765
    2408       1.9344
    2409       1.9169
    2410       2.1382
    2411       1.9919
    2412       2.0195
    2413       2.0517
    2414       1.9452
    2415       2.0523
    2416       2.0090
    2417       1.9109
    2418       1.8256
    2419       1.9163
    2420       1.9160
    2421       1.8857
    2422       1.9703
    2423       2.0658
    2424       2.1347
    2425       2.0353
    2426       1.8855
    2427       1.9657
    2428       2.0217
    2429       2.0909
    2430       1.9482
    2431       2.0084
    2432       1.9227
    2433       1.8447
    2434       1.8297
    2435       1.9278
    2436       1.9677
    2437       1.9452
    2438       1.7546
    2439       1.9417
    2440       1.8764
    2441       1.8816
    2442       1.9943
    2443       2.0750
    2444       2.0674
    2445       1.9260
    2446       2.0635
    2447       1.9984
    2448       2.1215
    2449       1.9716
    2450       1.9154
    2451       1.8739
    2452       1.9139
    2453       1.9375
    2454       1.9016
    2455       2.0154
    2456       2.1773
    2457       2.0288
    2458       2.1613
    2459       2.0081
    2460       1.8885
    2461       1.9479
    2462       1.8696
    2463       2.0611
    2464       1.9856
    2465       2.0193
    2466       1.9820
    2467       1.9588
    2468       2.0327
    2469       2.1356
    2470       2.0500
    2471       2.1108
    2472       1.9545
    2473       1.9799
    2474       2.0078
    2475       1.9808
    2476       1.9237
    2477       1.8561
    2478       1.9910
    2479       2.0560
    2480       1.9595
    2481       2.0548
    2482       2.1575
    2483       1.9771
    2484       2.0358
    2485       2.0290
    2486       2.1233
    2487       1.9397
    2488       1.9660
    2489       2.0234
    2490       1.9433
    2491       1.8599
    2492       2.0200
    2493       2.0829
    2494       2.0220
    2495       2.0213
    2496       1.9806
    2497       1.7606
    2498       1.9418
    2499       1.9999
    2500       2.0123
    2501       1.8928
    2502       1.7400
    2503       1.8187
    2504       1.8122
    2505       1.8212
    2506       1.9430
    2507       1.8577
    2508       1.8695
    2509       1.9289
    2510       1.7956
    2511       1.7172
    2512       1.8485
    2513       1.9769
    2514       1.8507
    2515       1.8192
    2516       1.6639
    2517       1.9062
    2518       1.8236
    2519       1.8903
    2520       1.9197
    2521       1.9186
    2522       1.9480
    2523       1.9337
    2524       1.9457
    2525       1.9578
    2526       1.8278
    2527       1.8977
    2528       1.8242
    2529       1.8702
    2530       1.7969
    2531       1.8756
    2532       1.9413
    2533       1.7938
    2534       1.9212
    2535       1.8488
    2536       1.8833
    2537       1.8206
    2538       1.8351
    2539       2.1283
    2540       1.8728
    2541       1.9445
    2542       1.9561
    2543       1.9084
    2544       1.8378
    2545       1.8994
    2546       1.9324
    2547       1.9025
    2548       1.8704
    2549       2.0728
    2550       1.8390
    2551       1.8365
    2552       1.8254
    2553       1.8869
    2554       1.8512
    2555       1.7982
    2556       1.9240
    2557       2.0474
    2558       2.0158
    2559       1.8599
    2560       1.9347
    2561       2.2032
    2562       1.9416
    2563       2.0265
    2564       1.9917
    2565       2.1098
    2566       1.9583
    2567       2.0460
    2568       2.0391
    2569       1.8819
    2570       1.8292
    2571       1.9224
    2572       1.9994
    2573       1.9756
    2574       2.0970
    2575       2.1475
    2576       2.1345
    2577       2.0588
    2578       1.8671
    2579       2.0295
    2580       1.7242
    2581       1.8839
    2582       1.9370
    2583       1.8348
    2584       2.0261
    2585       2.0411
    2586       1.9226
    2587       1.9891
    2588       1.8650
    2589       1.9322
    2590       1.9352
    2591       1.9642
    2592       1.7387
    2593       1.9186
    2594       1.8813
    2595       1.9592
    2596       1.7979
    2597       1.6271
    2598       1.9594
    2599       1.9305
    2600       1.8835
    2601       1.8320
    2602       1.9174
    2603       1.9239
    2604       1.8926
    2605       1.7981
    2606       1.8803
    2607       1.7820
    2608       1.8814
    2609       1.9243
    2610       1.8124
    2611       1.9062
    2612       1.9637
    2613       1.9240
    2614       1.9989
    2615       2.0096
    2616       1.9527
    2617       1.8453
    2618       1.8041
    2619       1.9318
    2620       1.9306
    2621       1.9615
    2622       1.8878
    2623       2.0221
    2624       1.9251
    2625       2.1101
    2626       1.8637
    2627       2.1095
    2628       2.0164
    2629       2.0438
    2630       1.8019
    2631       1.8693
    2632       1.7294
    2633       1.8081
    2634       1.8585
    2635       2.0114
    2636       1.8807
    2637       1.7206
    2638       1.8772
    2639       1.9986
    2640       1.9383
    2641       2.1074
    2642       1.9937
    2643       1.9750
    2644       1.8789
    2645       1.8358
    2646       1.9983
    2647       1.9696
    2648       1.9267
    2649       2.0289
    2650       1.8698
    2651       1.8975
    2652       1.7255
    2653       1.8663
    2654       1.7739
    2655       1.7315
    2656       1.6927
    2657       1.8764
    2658       1.7650
    2659       1.7904
    2660       1.9369
    2661       1.9552
    2662       1.8247
    2663       1.9946
    2664       2.0493
    2665       1.8486
    2666       1.8647
    2667       1.9560
    2668       1.9119
    2669       2.0343
    2670       1.9834
    2671       2.0764
    2672       2.0469
    2673       2.0343
    2674       1.8640
    2675       1.9926
    2676       1.9812
    2677       1.9902
    2678       2.1294
    2679       2.0346
    2680       2.0762
    2681       2.0935
    2682       2.2031
    2683       2.0078
    2684       2.0862
    2685       1.8881
    2686       1.8867
    2687       1.8672
    2688       1.8973
    2689       1.9761
    2690       1.8985
    2691       1.8905
    2692       1.9443
    2693       1.8811
    2694       1.9771
    2695       2.0262
    2696       1.8989
    2697       1.8967
    2698       1.8879
    2699       1.9082
    2700       1.8922
    2701       1.9700
    2702       1.9426
    2703       1.9684
    2704       2.1369
    2705       1.8469
    2706       1.8925
    2707       2.0053
    2708       1.8807
    2709       2.0682
    2710       1.9646
    2711       1.9107
    2712       2.0285
    2713       1.9323
    2714       2.0043
    2715       2.0843
    2716       1.8520
    2717       1.8876
    2718       2.2272
    2719       2.1575
    2720       2.0918
    2721       1.9408
    2722       2.0341
    2723       2.0253
    2724       1.9457
    2725       1.8629
    2726       1.9271
    2727       1.9330
    2728       1.9235
    2729       1.9912
    2730       1.9783
    2731       1.9833
    2732       1.8866
    2733       1.7696
    2734       1.8903
    2735       1.9962
    2736       1.9330
    2737       2.0217
    2738       2.0215
    2739       2.0167
    2740       2.0189
    2741       1.9527
    2742       2.0330
    2743       2.0786
    2744       1.8580
    2745       2.0131
    2746       1.9360
    2747       2.0390
    2748       1.8618
    2749       1.9932
    2750       1.9638
    2751       1.9991
    2752       2.0380
    2753       1.9324
    2754       1.8479
    2755       1.8891
    2756       2.0176
    2757       1.9485
    2758       1.8955
    2759       2.0860
    2760       1.8923
    2761       2.1146
    2762       1.9184
    2763       2.0970
    2764       1.9567
    2765       2.0317
    2766       1.8942
    2767       2.0342
    2768       2.1065
    2769       2.0338
    2770       1.9327
    2771       1.9287
    2772       1.8165
    2773       1.8576
    2774       2.1988
    2775       2.0337
    2776       2.0689
    2777       1.9002
    2778       2.0759
    2779       1.8616
    2780       1.9722
    2781       2.0732
    2782       2.0396
    2783       1.9306
    2784       2.0191
    2785       1.8070
    2786       2.0052
    2787       1.7965
    2788       2.0036
    2789       1.8993
    2790       2.0345
    2791       1.9713
    2792       2.0591
    2793       1.9873
    2794       2.1645
    2795       2.0627
    2796       1.9491
    2797       1.8478
    2798       1.8480
    2799       2.0661
    2800       1.9942
    2801       1.9573
    2802       1.9486
    2803       2.1014
    2804       2.0411
    2805       1.9205
    2806       2.1761
    2807       1.9259
    2808       2.1307
    2809       2.0381
    2810       2.0684
    2811       2.1355
    2812       2.1727
    2813       2.0351
    2814       1.9174
    2815       2.0109
    2816       1.9073
    2817       1.9886
    2818       1.9953
    2819       1.9180
    2820       1.9833
    2821       2.0401
    2822       1.9539
    2823       2.0210
    2824       2.1832
    2825       1.9118
    2826       1.9871
    2827       2.0999
    2828       1.9767
    2829       2.1129
    2830       2.0111
    2831       2.0979
    2832       2.1375
    2833       1.9944
    2834       1.9746
    2835       1.9716
    2836       2.0320
    2837       2.0556
    2838       1.8693
    2839       2.0837
    2840       1.9615
    2841       2.2442
    2842       2.2066
    2843       2.1201
    2844       2.1094
    2845       2.0400
    2846       2.0736
    2847       2.1564
    2848       2.2129
    2849       2.1208
    2850       2.1193
    2851       1.9377
    2852       1.7478
    2853       1.9604
    2854       2.0132
    2855       2.1124
    2856       2.0705
    2857       1.9216
    2858       2.1142
    2859       1.9851
    2860       1.9665
    2861       1.8258
    2862       2.0371
    2863       1.8807
    2864       1.9968
    2865       1.8982
    2866       1.9739
    2867       1.8610
    2868       1.9051
    2869       1.9604
    2870       1.9284
    2871       1.9204
    2872       2.1349
    2873       1.7955
    2874       1.8011
    2875       1.9142
    2876       2.1319
    2877       1.9918
    2878       2.1139
    2879       1.9304
    2880       1.9851
    2881       2.0845
    2882       2.1120
    2883       1.8935
    2884       2.0803
    2885       2.1029
    2886       2.0619
    2887       1.8832
    2888       1.8302
    2889       2.0159
    2890       1.8744
    2891       1.7153
    2892       1.7504
    2893       1.7872
    2894       1.8102
    2895       1.7305
    2896       1.9319
    2897       1.8679
    2898       1.8957
    2899       1.9175
    2900       1.8744
    2901       1.7842
    2902       1.9662
    2903       1.8047
    2904       1.9837
    2905       1.7663
    2906       1.7180
    2907       2.0063
    2908       1.8637
    2909       1.8883
    2910       1.7585
    2911       1.8573
    2912       1.8330
    2913       2.0709
    2914       1.8179
    2915       1.7979
    2916       1.9622
    2917       1.9994
    2918       1.9321
    2919       1.9256
    2920       1.9519
    2921       2.0861
    2922       1.8779
    2923       2.0451
    2924       1.8570
    2925       2.1677
    2926       2.1541
    2927       2.1479
    2928       2.1789
    2929       2.2223
    2930       1.9770
    2931       1.9619
    2932       1.8404
    2933       1.8801
    2934       1.9587
    2935       1.7440
    2936       1.7774
    2937       1.9833
    2938       1.7681
    2939       1.9139
    2940       2.0250
    2941       2.0154
    2942       1.9491
    2943       1.9164
    2944       1.9882
    2945       1.8987
    2946       1.8144
    2947       1.8772
    2948       1.9248
    2949       1.9314
    2950       2.0167
    2951       1.9186
    2952       1.9021
    2953       1.8148
    2954       1.9211
    2955       1.8196
    2956       1.8773
    2957       1.8248
    2958       1.9167
    2959       1.9447
    2960       1.9008
    2961       1.8978
    2962       1.8756
    2963       1.8326
    2964       1.9631
    2965       2.0683
    2966       1.9887
    2967       1.8328
    2968       1.8865
    2969       1.8927
    2970       1.7822
    2971       1.9412
    2972       1.9539
    2973       2.0695
    2974       2.0728
    2975       1.9407
    2976       1.9924
    2977       1.9228
    2978       1.9326
    2979       1.9210
    2980       2.0410
    2981       1.8673
    2982       2.0960
    2983       2.0353
    2984       1.9888
    2985       1.9990
    2986       1.8407
    2987       1.7883
    2988       2.0265
    2989       1.8909
    2990       1.8935
    2991       2.0188
    2992       2.0824
    2993       1.9099
    2994       2.1469
    2995       1.9051
    2996       1.9615
    2997       1.9438
    2998       2.1290
    2999       2.0841
    3000       2.2674
    3001       2.0428
