0.312269
0.647651
0.975365
1.281517
1.596609
1.926681
2.283637
2.630365
2.996956
3.388155
3.769693
4.145346
4.509354
4.890535
5.307383
5.652662
6.023986
6.405973
6.839628
7.217989
7.611531
8.009456
8.417430
8.822565
9.236439
9.661983
10.124151
10.509540
10.890938
11.278734
11.649269
12.043078
12.448693
12.844054
13.243152
13.622409
14.019764
14.439250
14.857405
15.283920
15.685196
16.061493
16.466966
16.869954
17.326557
17.812483
18.318359
18.710948
19.166636
19.657163
20.126217
20.667566
21.184787
21.681365
22.175618
22.627186
23.073865
23.477311
23.917503
24.324686
24.722460
25.138605
25.565213
26.022046
26.526222
26.952510
27.396001
27.818199
28.209681
28.621084
29.040979
29.451292
29.912240
30.364102
30.721833
31.132148
31.556735
31.964757
32.401589
32.848757
33.261949
33.732954
34.170651
34.625000
35.127205
35.585651
35.979578
36.405160
36.884274
37.306172
37.692556
38.119178
38.613933
39.085109
39.566647
40.065774
40.517917
40.954779
41.379481
41.739793
42.162986
42.585159
43.018483
43.487435
43.911035
44.318009
44.735336
45.152345
45.581528
46.009302
46.404032
46.825491
47.233771
47.723887
48.156450
48.593166
49.003107
49.445782
49.870081
50.305361
50.728975
51.155306
51.550113
51.968731
52.387746
52.837684
53.300685
53.715333
54.151994
54.604694
55.036354
55.445484
55.879987
56.319408
56.777525
57.222602
57.631963
58.051529
58.494985
58.932994
59.336590
59.751540
60.155912
60.561298
60.998746
61.418783
61.838296
62.263876
62.642560
63.019538
63.370102
63.736849
64.096651
64.466074
64.854901
65.308876
65.711046
66.096304
66.482726
66.883936
67.263826
67.679603
68.084173
68.451844
68.819026
69.235760
69.642307
70.026092
70.364429
70.734870
71.099558
71.459968
71.835550
72.223938
72.578494
72.928894
73.285934
73.706011
74.088366
74.502120
74.895456
75.270060
75.634105
76.019979
76.410392
76.804503
77.209483
77.582731
77.946399
78.298218
78.677341
79.046185
79.425274
79.803874
80.186218
80.530646
80.846036
81.199794
81.540434
81.853868
82.210613
82.534964
82.916151
83.332938
83.684986
84.072031
84.461189
84.796434
85.147256
85.503192
85.907454
86.280329
86.653624
87.021057
87.433376
87.876102
88.265868
88.648136
89.039517
89.471954
89.877342
90.308189
90.700137
91.119711
91.538419
91.956587
92.355707
92.752633
93.124379
93.537355
93.921932
94.386852
94.772581
95.181289
95.591942
96.021171
96.425110
96.821255
97.230734
97.627280
98.046317
98.464148
98.842138
99.261403
99.685383
100.102864
100.562086
100.999857
101.460723
101.884732
102.230294
102.583615
102.918900
103.290640
103.702625
104.098081
104.527402
104.908492
105.340980
105.736041
106.118249
106.548934
106.960973
107.371478
107.773815
108.174781
108.554387
108.925477
109.349728
109.757887
110.143649
110.569375
111.006248
111.428553
111.823981
112.245486
112.668087
113.114597
113.546444
113.965398
114.365270
114.782499
115.181001
115.588192
115.983713
116.390865
116.815263
117.232564
117.628521
118.042860
118.455207
118.892166
119.271702
119.739525
120.189970
120.617943
121.091765
121.580196
122.033357
122.507956
122.941484
123.359185
123.774340
124.193949
124.615697
125.078561
125.519325
125.922408
126.318792
126.724438
127.123384
127.555801
127.960531
128.377061
128.791093
129.161597
129.509651
129.964704
130.358807
130.731139
131.083520
131.472652
131.866811
132.246488
132.624208
133.054677
133.480722
133.893674
134.360100
134.839285
135.317878
135.777914
136.206811
136.663411
137.116295
137.569411
137.989392
138.441076
138.871053
139.363511
139.822839
140.258180
140.652527
141.098990
141.516273
141.912985
142.322359
142.734952
143.153490
143.566237
143.966027
144.371954
144.795574
145.219721
145.665465
146.089477
146.524104
146.947547
147.387618
147.825957
148.222149
148.698413
149.148348
149.583686
149.993272
150.375126
150.793807
151.231414
151.679624
152.123287
152.517488
152.937382
153.343436
153.805102
154.244507
154.660002
155.067140
155.512258
155.923195
156.344993
156.790667
157.219954
157.658035
158.104786
158.519301
158.931428
159.396414
159.827698
160.262087
160.726884
161.173884
161.619521
162.049678
162.464813
162.905960
163.327881
163.733318
164.156958
164.578101
165.040906
165.494359
165.900053
166.359817
166.779659
167.183690
167.630841
168.085336
168.549999
168.971718
169.420153
169.861505
170.271889
170.707190
171.132506
171.573777
172.017935
172.419486
172.874393
173.302048
173.751125
174.185825
174.621767
175.027888
175.458862
175.864268
176.301923
176.725467
177.214241
177.672760
178.107139
178.568590
179.007970
179.445732
179.862299
180.312779
180.747370
181.153307
181.613540
182.086392
182.520765
182.964737
183.397818
183.854891
184.292037
184.727562
185.168364
185.649108
186.133596
186.560680
186.943475
187.354924
187.751232
188.141488
188.598116
189.060498
189.463052
189.873565
190.269195
190.663889
191.059537
191.464243
191.839302
192.206782
192.559534
193.029160
193.429806
193.858866
194.245801
194.618159
194.999389
195.366148
195.734063
196.137999
196.492785
196.853981
197.169952
197.523647
197.876469
198.183182
198.481926
198.771116
199.059760
199.390219
199.763463
200.098630
200.458197
200.770728
201.088076
201.371157
201.689660
201.998465
202.318758
202.622534
202.942197
203.238249
203.569218
203.887972
204.220471
204.539199
204.893672
205.209378
205.570171
205.872472
206.166157
206.446511
206.709878
206.966964
207.232613
207.500450
207.758561
208.061522
208.350658
208.631717
208.925526
209.196919
209.473417
209.739379
210.024042
210.300374
210.581039
210.865851
211.168144
211.469099
211.757624
212.057229
212.368737
212.666772
212.943546
213.230128
213.540494
213.817750
214.118086
214.419053
214.754800
215.083885
215.363398
215.644060
215.941413
216.231243
216.523123
216.808031
217.075664
217.350409
217.654045
217.941444
218.199921
218.481693
218.756761
219.024067
219.265933
219.520309
219.814759
220.074165
220.340472
220.627537
220.912308
221.171168
221.422048
221.698155
221.941319
222.197666
222.443574
222.722167
222.969783
223.239754
223.502882
223.763789
224.044007
224.304699
224.553475
224.814610
225.096898
225.359996
225.636609
225.911006
226.175608
226.445059
226.728652
226.995204
227.268520
227.556282
227.812840
228.078644
228.345571
228.655877
228.963314
229.244613
229.528856
229.832348
230.110908
230.398960
230.660713
230.952300
231.249507
231.524992
231.809697
232.053514
232.322319
232.600700
232.861466
233.128400
