#Frame         myrmsd
       1       0.0000
       2       1.2395
       3       1.5610
       4       1.3923
       5       1.3591
       6       1.2829
       7       1.3138
       8       1.4064
       9       1.4518
      10       1.4900
      11       1.5203
      12       1.5203
      13       1.4687
      14       1.4250
      15       1.5203
      16       1.2982
      17       1.4076
      18       1.4143
      19       1.4460
      20       1.4683
      21       1.5089
      22       1.5597
      23       1.6704
      24       1.6733
      25       1.4640
      26       1.4414
      27       1.3747
      28       1.5775
      29       1.4436
      30       1.4028
      31       1.4561
      32       1.4223
      33       1.4460
      34       1.4866
      35       1.5575
      36       1.5123
      37       1.5422
      38       1.4664
      39       1.4949
      40       1.6487
      41       1.5553
      42       1.3853
      43       1.5190
      44       1.3970
      45       1.4369
      46       1.4687
      47       1.5158
      48       1.4814
      49       1.4107
      50       1.3686
      51       1.4123
      52       1.4100
      53       1.5554
      54       1.5030
      55       1.5012
      56       1.4713
      57       1.6194
      58       1.5817
      59       1.4905
      60       1.6034
      61       1.5719
      62       1.5371
      63       1.5692
      64       1.5045
      65       1.5850
      66       1.6133
      67       1.4770
      68       1.5907
      69       1.5645
      70       1.5562
      71       1.5138
      72       1.6471
      73       1.6612
      74       1.6863
      75       1.6032
      76       1.6608
      77       1.6604
      78       1.8180
      79       1.6878
      80       1.6876
      81       1.6992
      82       1.6953
      83       1.7130
      84       1.6666
      85       1.6971
      86       1.6364
      87       1.6931
      88       1.7078
      89       1.7096
      90       1.7587
      91       1.8429
      92       1.7827
      93       1.7983
      94       1.9416
      95       1.9911
      96       1.9160
      97       1.8213
      98       1.8213
      99       1.7250
     100       1.7415
     101       1.7795
     102       1.7109
     103       1.6959
     104       1.8717
     105       1.7307
     106       1.8321
     107       1.8235
     108       1.6802
     109       1.8298
     110       1.6917
     111       1.7457
     112       1.9059
     113       1.7696
     114       1.6592
     115       1.7956
     116       1.8146
     117       1.7058
     118       1.7586
     119       1.8606
     120       1.8131
     121       1.9254
     122       1.8333
     123       1.8230
     124       1.7871
     125       1.8616
     126       1.8817
     127       1.7377
     128       1.8328
     129       1.9687
     130       1.6858
     131       1.7586
     132       1.7703
     133       1.7809
     134       1.7860
     135       1.7046
     136       1.8721
     137       1.8570
     138       1.7895
     139       1.9907
     140       1.7988
     141       1.7113
     142       1.8250
     143       1.8634
     144       1.8806
     145       2.0078
     146       2.0792
     147       1.9556
     148       2.0247
     149       2.1858
     150       2.1531
     151       2.0524
     152       2.1446
     153       2.3777
     154       2.2827
     155       2.1803
     156       2.1082
     157       2.1815
     158       2.2404
     159       2.0929
     160       2.0623
     161       2.2622
     162       1.9665
     163       1.9306
     164       2.1525
     165       2.0432
     166       2.0171
     167       2.0716
     168       2.1504
     169       2.1173
     170       2.1470
     171       2.1751
     172       2.2690
     173       2.4135
     174       2.2650
     175       2.2628
     176       2.3253
     177       2.3795
     178       2.1468
     179       2.1929
     180       2.1160
     181       2.2065
     182       2.1700
     183       2.1841
     184       2.3465
     185       2.4311
     186       2.2088
     187       2.1641
     188       2.1843
     189       2.1162
     190       2.2235
     191       2.2473
     192       2.3036
     193       2.1833
     194       2.1429
     195       2.2412
     196       2.2259
     197       2.2093
     198       2.1987
     199       2.0997
     200       2.1599
     201       2.1183
     202       2.2871
     203       2.3491
     204       2.1685
     205       2.2535
     206       2.1777
     207       2.2042
     208       2.0990
     209       2.2326
     210       2.1824
     211       1.9879
     212       2.1598
     213       2.2397
     214       2.0316
     215       2.0423
     216       2.0343
     217       2.1368
     218       2.2174
     219       2.1228
     220       2.1451
     221       2.1611
     222       2.1745
     223       2.0616
     224       2.2049
     225       2.0848
     226       2.1322
     227       2.1131
     228       2.0855
     229       2.1740
     230       2.0028
     231       1.8913
     232       1.9835
     233       2.1113
     234       1.9942
     235       2.0932
     236       1.9900
     237       2.0305
     238       2.1393
     239       2.1475
     240       2.1296
     241       2.0722
     242       2.0772
     243       1.9446
     244       2.1799
     245       2.1112
     246       2.1928
     247       2.1147
     248       2.0251
     249       2.0562
     250       2.0670
     251       1.9937
     252       2.0812
     253       2.2569
     254       2.2023
     255       2.0644
     256       2.1285
     257       2.0456
     258       1.9810
     259       2.0711
     260       2.0159
     261       1.9748
     262       2.0466
     263       2.0986
     264       1.8771
     265       1.9044
     266       1.9647
     267       2.0791
     268       1.9559
     269       2.0234
     270       2.2193
     271       2.0515
     272       2.0724
     273       1.9976
     274       1.9652
     275       1.9905
     276       2.1063
     277       2.1293
     278       2.1743
     279       2.0687
     280       1.9798
     281       2.1238
     282       2.1145
     283       2.2085
     284       1.9428
     285       2.0021
     286       2.1905
     287       2.0008
     288       2.0568
     289       1.9594
     290       2.1083
     291       2.0933
     292       2.0292
     293       2.1536
     294       2.1390
     295       2.1587
     296       2.1094
     297       2.0544
     298       2.1842
     299       2.1548
     300       2.1319
     301       2.2022
     302       2.1376
     303       2.1775
     304       2.0439
     305       2.2501
     306       2.1118
     307       1.9564
     308       2.0428
     309       2.0561
     310       2.0147
     311       2.1346
     312       2.0919
     313       2.0842
     314       2.0629
     315       2.0157
     316       2.2092
     317       2.1769
     318       1.9664
     319       2.1044
     320       2.0256
     321       2.0576
     322       2.1152
     323       2.0153
     324       1.9299
     325       1.9906
     326       2.0584
     327       2.1586
     328       2.1055
     329       2.1480
     330       2.2490
     331       2.0834
     332       2.2417
     333       2.1193
     334       2.0875
     335       2.1471
     336       2.1428
     337       2.2474
     338       2.2282
     339       2.0973
     340       2.0971
     341       2.1675
     342       2.2232
     343       2.1449
     344       2.1686
     345       2.0729
     346       2.0563
     347       2.0635
     348       2.0669
     349       2.1471
     350       2.1432
     351       2.0897
     352       2.1849
     353       2.1483
     354       2.0787
     355       2.0612
     356       1.9923
     357       2.0162
     358       2.0517
     359       2.1775
     360       2.1582
     361       2.0256
     362       1.9830
     363       2.0470
     364       2.1193
     365       2.1731
     366       2.0658
     367       2.2074
     368       2.1717
     369       2.0440
     370       2.1635
     371       2.0548
     372       2.2118
     373       2.1709
     374       2.1374
     375       2.0837
     376       2.0982
     377       2.1926
     378       2.1086
     379       1.9770
     380       2.1515
     381       2.2713
     382       2.1299
     383       2.1039
     384       2.1824
     385       2.2599
     386       2.0761
     387       2.2348
     388       2.1647
     389       2.1310
     390       2.4332
     391       2.2466
     392       2.2427
     393       2.2161
     394       2.0618
     395       2.2263
     396       2.1696
     397       2.1206
     398       2.1251
     399       2.1156
     400       2.2396
     401       2.1367
     402       2.1180
     403       2.2560
     404       2.2252
     405       2.0922
     406       2.2546
     407       2.2605
     408       2.1954
     409       2.1726
     410       2.1821
     411       2.3875
     412       2.1967
     413       2.2032
     414       2.1385
     415       2.1326
     416       2.2242
     417       2.0775
     418       2.1544
     419       2.1947
     420       2.0988
     421       2.1511
     422       2.2105
     423       2.2201
     424       2.2442
     425       2.2656
     426       2.1365
     427       2.1100
     428       2.2220
     429       2.2618
     430       2.1917
     431       2.2708
     432       2.2846
     433       2.2600
     434       2.2193
     435       2.1727
     436       2.1204
     437       2.1400
     438       2.2058
     439       2.1744
     440       2.2005
     441       2.2597
     442       2.3681
     443       2.2507
     444       2.3390
     445       2.2803
     446       2.2589
     447       2.2243
     448       2.1082
     449       2.1368
     450       2.2184
     451       2.1774
     452       2.2317
     453       2.1694
     454       2.2482
     455       2.3459
     456       2.2063
     457       2.2537
     458       2.1969
     459       2.2297
     460       2.1399
     461       2.1922
     462       2.2711
     463       2.2609
     464       2.1860
     465       2.1865
     466       2.2232
     467       2.1832
     468       2.2308
     469       2.2971
     470       2.3065
     471       2.2421
     472       2.2675
     473       2.2713
     474       2.2036
     475       2.1942
     476       2.3234
     477       2.2988
     478       2.2142
     479       2.4235
     480       2.2460
     481       2.1700
     482       2.1687
     483       2.3074
     484       2.3520
     485       2.2215
     486       2.2650
     487       2.1332
     488       2.2031
     489       2.2486
     490       2.1982
     491       2.2297
     492       2.4282
     493       2.2955
     494       2.3689
     495       2.2726
     496       2.3062
     497       2.2855
     498       2.3855
     499       2.2743
     500       2.4145
     501       2.2965
     502       2.2318
     503       2.3525
     504       2.2513
     505       2.4051
     506       2.3654
     507       2.3919
     508       2.2295
     509       2.1483
     510       2.1233
     511       2.2533
     512       2.2591
     513       2.1721
     514       2.1120
     515       2.2068
     516       2.2737
     517       2.2317
     518       2.4540
     519       2.2839
     520       2.2540
     521       2.1643
     522       2.2565
     523       2.1674
     524       2.1778
     525       2.1486
     526       2.2652
     527       2.1616
     528       2.2780
     529       2.1729
     530       2.2233
     531       2.4399
     532       2.3117
     533       2.3265
     534       2.2955
     535       2.2497
     536       2.2560
     537       2.3638
     538       2.2654
     539       2.3565
     540       2.5306
     541       2.3184
     542       2.2907
     543       2.3429
     544       2.3919
     545       2.2690
     546       2.2592
     547       2.3500
     548       2.1264
     549       2.1696
     550       2.1764
     551       2.1459
     552       2.2637
     553       2.2234
     554       2.2529
     555       2.2523
     556       2.3545
     557       2.2438
     558       2.3023
     559       2.3346
     560       2.4675
     561       2.4930
     562       2.4182
     563       2.3334
     564       2.3982
     565       2.4904
     566       2.3086
     567       2.2788
     568       2.2236
     569       2.3121
     570       2.3335
     571       2.3726
     572       2.3243
     573       2.4105
     574       2.4158
     575       2.2469
     576       2.2559
     577       2.3071
     578       2.3343
     579       2.2303
     580       2.3295
     581       2.3394
     582       2.4355
     583       2.4380
     584       2.3647
     585       2.4677
     586       2.2806
     587       2.4032
     588       2.6098
     589       2.5175
     590       2.3382
     591       2.3117
     592       2.4551
     593       2.3884
     594       2.4336
     595       2.4260
     596       2.4737
     597       2.4933
     598       2.2422
     599       2.3954
     600       2.4132
     601       2.4586
     602       2.4336
     603       2.4414
     604       2.3220
     605       2.5082
     606       2.4882
     607       2.2942
     608       2.2275
     609       2.1953
     610       2.4012
     611       2.3241
     612       2.3281
     613       2.3937
     614       2.5186
     615       2.3765
     616       2.4459
     617       2.4805
     618       2.3811
     619       2.5583
     620       2.6497
     621       2.7068
     622       2.4196
     623       2.3745
     624       2.4179
     625       2.3955
     626       2.4664
     627       2.5978
     628       2.5734
     629       2.4514
     630       2.6422
     631       2.5487
     632       2.5922
     633       2.4764
     634       2.4833
     635       2.3282
     636       2.4152
     637       2.3902
     638       2.2149
     639       2.2231
     640       2.2889
     641       2.1914
     642       2.3639
     643       2.2275
     644       2.3157
     645       2.1898
     646       2.3469
     647       2.1871
     648       2.3795
     649       2.2075
     650       2.4393
     651       2.3353
     652       2.3110
     653       2.4868
     654       2.2725
     655       2.3594
     656       2.3253
     657       2.3698
     658       2.2109
     659       2.2850
     660       2.3144
     661       2.3782
     662       2.3608
     663       2.3303
     664       2.3852
     665       2.4340
     666       2.3912
     667       2.3065
     668       2.3628
     669       2.3957
     670       2.5053
     671       2.3902
     672       2.5295
     673       2.4381
     674       2.4201
     675       2.4979
     676       2.6494
     677       2.4099
     678       2.4518
     679       2.4422
     680       2.4722
     681       2.4251
     682       2.5196
     683       2.3914
     684       2.5715
     685       2.3817
     686       2.4942
     687       2.5719
     688       2.4957
     689       2.4767
     690       2.4310
     691       2.4728
     692       2.3647
     693       2.3613
     694       2.2859
     695       2.2807
     696       2.2704
     697       2.2991
     698       2.2692
     699       2.3601
     700       2.1982
     701       2.3973
     702       2.1733
     703       2.3034
     704       2.3811
     705       2.3353
     706       2.1203
     707       2.2954
     708       2.2232
     709       2.2309
     710       2.1510
     711       2.2299
     712       2.2860
     713       2.3558
     714       2.3319
     715       2.3959
     716       2.5430
     717       2.3160
     718       2.4638
     719       2.4684
     720       2.6222
     721       2.5677
     722       2.3865
     723       2.3301
     724       2.3551
     725       2.5185
     726       2.3948
     727       2.2341
     728       2.3376
     729       2.1501
     730       2.1905
     731       2.0472
     732       2.2270
     733       2.2999
     734       2.2089
     735       2.2556
     736       2.2246
     737       2.1988
     738       2.2323
     739       2.1779
     740       2.2962
     741       2.3099
     742       2.3682
     743       2.1728
     744       2.1552
     745       2.2566
     746       2.2579
     747       2.3246
     748       2.2618
     749       2.2175
     750       2.1954
     751       2.1858
     752       2.2152
     753       2.1783
     754       2.1832
     755       2.1515
     756       2.3047
     757       2.2775
     758       2.3106
     759       2.1913
     760       2.2075
     761       2.2803
     762       2.2140
     763       2.2950
     764       2.3392
     765       2.2067
     766       2.2980
     767       2.2201
     768       2.3462
     769       2.1148
     770       2.1321
     771       2.4492
     772       2.7247
     773       2.4891
     774       2.2873
     775       2.3196
     776       2.3273
     777       2.2763
     778       2.4281
     779       2.2588
     780       2.2487
     781       2.2971
     782       2.1943
     783       2.2943
     784       2.4059
     785       2.4318
     786       2.3067
     787       2.3521
     788       2.2030
     789       2.5585
     790       2.5457
     791       2.5520
     792       2.4859
     793       2.4338
     794       2.4583
     795       2.4419
     796       2.4272
     797       2.3882
     798       2.3759
     799       2.3468
     800       2.3429
     801       2.3664
     802       2.3821
     803       2.4029
     804       2.3194
     805       2.2260
     806       2.2503
     807       2.1552
     808       2.2469
     809       2.3976
     810       2.4685
     811       2.4705
     812       2.3233
     813       2.2927
     814       2.3277
     815       2.4223
     816       2.4016
     817       2.5041
     818       2.5422
     819       2.5591
     820       2.4133
     821       2.3586
     822       2.4306
     823       2.4267
     824       2.4286
     825       2.4936
     826       2.3848
     827       2.5840
     828       2.4008
     829       2.4553
     830       2.4186
     831       2.3480
     832       2.2990
     833       2.5798
     834       2.4052
     835       2.3522
     836       2.3674
     837       2.4414
     838       2.4458
     839       2.4716
     840       2.3933
     841       2.3782
     842       2.3327
     843       2.4932
     844       2.4367
     845       2.3242
     846       2.4533
     847       2.3486
     848       2.2865
     849       2.4953
     850       2.4246
     851       2.2028
     852       2.4252
     853       2.3262
     854       2.4610
     855       2.4493
     856       2.3363
     857       2.4306
     858       2.2916
     859       2.3969
     860       2.2350
     861       2.4473
     862       2.4082
     863       2.2859
     864       2.2907
     865       2.2191
     866       2.2216
     867       2.4215
     868       2.3819
     869       2.2198
     870       2.2692
     871       2.2282
     872       2.2478
     873       2.3377
     874       2.2792
     875       2.2577
     876       2.2914
     877       2.3141
     878       2.5029
     879       2.2973
     880       2.3955
     881       2.2338
     882       2.2260
     883       2.2266
     884       2.0998
     885       2.3334
     886       2.3817
     887       2.2763
     888       2.2807
     889       2.3362
     890       2.2633
     891       2.3822
     892       2.4680
     893       2.2463
     894       2.3334
     895       2.4506
     896       2.3578
     897       2.2229
     898       2.2438
     899       2.3693
     900       2.1760
     901       2.2938
     902       2.1310
     903       2.1923
     904       2.2459
     905       2.2565
     906       2.4034
     907       2.3490
     908       2.2221
     909       2.1995
     910       2.1165
     911       2.2079
     912       2.1914
     913       2.0904
     914       2.3528
     915       2.2225
     916       2.2270
     917       2.2870
     918       2.1978
     919       2.0992
     920       2.0310
     921       2.0604
     922       2.2236
     923       2.1864
     924       2.0858
     925       2.3765
     926       2.1413
     927       2.0567
     928       2.1610
     929       2.0324
     930       2.2330
     931       2.1551
     932       2.1176
     933       2.1567
     934       2.1094
     935       2.1135
     936       2.1165
     937       2.2811
     938       2.2363
     939       2.2216
     940       2.2808
     941       2.1384
     942       2.3601
     943       2.0980
     944       2.1813
     945       2.2489
     946       2.2981
     947       2.1235
     948       2.2155
     949       2.0723
     950       2.2074
     951       2.0997
     952       2.0290
     953       2.0131
     954       2.0877
     955       2.0490
     956       1.8504
     957       1.9918
     958       1.9613
     959       2.0787
     960       2.0770
     961       2.1443
     962       2.0611
     963       2.1485
     964       2.0722
     965       2.0699
     966       2.0942
     967       2.1026
     968       2.2583
     969       2.0415
     970       2.2498
     971       1.9787
     972       2.1783
     973       2.0591
     974       2.0951
     975       2.1210
     976       2.0570
     977       2.0596
     978       2.0954
     979       2.1322
     980       2.1623
     981       2.2199
     982       2.1006
     983       2.1671
     984       2.0104
     985       2.0192
     986       2.1707
     987       2.0470
     988       2.0984
     989       2.0770
     990       1.9830
     991       1.9312
     992       2.1019
     993       2.0797
     994       1.9778
     995       1.9271
     996       2.0617
     997       2.2034
     998       2.0595
     999       2.0285
    1000       2.0416
    1001       2.1058
    1002       2.1920
    1003       2.2978
    1004       2.1973
    1005       2.1364
    1006       2.1717
    1007       2.0711
    1008       2.0648
    1009       2.1037
    1010       2.1074
    1011       2.0952
    1012       2.1246
    1013       2.2298
    1014       2.2074
    1015       2.0708
    1016       2.0874
    1017       2.0817
    1018       1.9980
    1019       2.1339
    1020       2.0707
    1021       2.1259
    1022       2.1444
    1023       2.2517
    1024       2.1817
    1025       2.2181
    1026       2.2232
    1027       2.2253
    1028       2.1744
    1029       2.1688
    1030       2.1151
    1031       2.0404
    1032       2.1638
    1033       2.0551
    1034       2.1903
    1035       2.0832
    1036       2.1982
    1037       2.1322
    1038       2.1412
    1039       2.1760
    1040       2.0466
    1041       2.1826
    1042       2.2052
    1043       2.1511
    1044       2.2221
    1045       2.1358
    1046       2.1095
    1047       2.1918
    1048       2.1998
    1049       2.1566
    1050       2.2307
    1051       2.1065
    1052       2.0808
    1053       2.0692
    1054       2.2077
    1055       2.1706
    1056       1.9591
    1057       2.0795
    1058       2.0460
    1059       2.1997
    1060       2.1141
    1061       2.2569
    1062       2.1221
    1063       2.1582
    1064       2.1432
    1065       2.1175
    1066       2.1075
    1067       2.0966
    1068       2.0727
    1069       2.0999
    1070       2.2334
    1071       2.1085
    1072       2.1027
    1073       2.2679
    1074       2.1077
    1075       1.9891
    1076       2.0877
    1077       2.1445
    1078       2.2026
    1079       2.1220
    1080       2.1059
    1081       2.0701
    1082       2.0559
    1083       2.1307
    1084       2.1534
    1085       2.0977
    1086       2.0688
    1087       2.0847
    1088       2.1103
    1089       2.0361
    1090       2.0512
    1091       2.0517
    1092       2.0764
    1093       2.0616
    1094       1.8833
    1095       2.0066
    1096       2.0134
    1097       2.1272
    1098       2.0268
    1099       2.0150
    1100       2.0814
    1101       1.9485
    1102       1.9892
    1103       2.0001
    1104       1.8997
    1105       2.0257
    1106       2.0231
    1107       2.1479
    1108       2.0844
    1109       2.0772
    1110       2.0261
    1111       2.1313
    1112       2.1284
    1113       2.2209
    1114       2.0938
    1115       2.0774
    1116       2.1052
    1117       2.1437
    1118       2.1822
    1119       2.1671
    1120       2.2168
    1121       2.0331
    1122       2.0738
    1123       2.1054
    1124       1.9485
    1125       2.1029
    1126       2.0582
    1127       1.9899
    1128       2.0864
    1129       2.1156
    1130       2.1090
    1131       2.0108
    1132       2.1206
    1133       2.1199
    1134       2.0055
    1135       1.9958
    1136       2.0851
    1137       2.0224
    1138       2.0527
    1139       2.1469
    1140       2.0423
    1141       2.0636
    1142       2.1097
    1143       1.9906
    1144       2.1434
    1145       2.1036
    1146       2.0564
    1147       2.1468
    1148       1.9919
    1149       2.0293
    1150       2.1771
    1151       2.0948
    1152       2.0879
    1153       2.1524
    1154       2.1197
    1155       2.2064
    1156       2.0911
    1157       2.1953
    1158       2.1357
    1159       1.9986
    1160       2.1000
    1161       2.2317
    1162       2.1601
    1163       2.1214
    1164       2.2729
    1165       2.2633
    1166       2.1901
    1167       2.2317
    1168       2.0960
    1169       2.0222
    1170       2.1631
    1171       2.1160
    1172       2.1797
    1173       1.9917
    1174       2.0389
    1175       2.1459
    1176       2.0733
    1177       2.2018
    1178       2.0967
    1179       2.1718
    1180       2.2408
    1181       2.2049
    1182       2.1464
    1183       2.1669
    1184       2.2209
    1185       2.1040
    1186       2.2013
    1187       2.0502
    1188       2.1758
    1189       2.0733
    1190       2.1184
    1191       2.1482
    1192       2.1161
    1193       2.1197
    1194       2.1381
    1195       2.1839
    1196       2.2682
    1197       2.2411
    1198       2.1889
    1199       2.1857
    1200       2.3679
    1201       2.3673
    1202       2.2419
    1203       2.1280
    1204       1.9827
    1205       1.9725
    1206       2.0324
    1207       2.0982
    1208       2.2595
    1209       2.0103
    1210       2.0045
    1211       2.2613
    1212       2.1546
    1213       2.1521
    1214       2.1767
    1215       1.9845
    1216       2.1121
    1217       2.1686
    1218       2.1638
    1219       2.0904
    1220       2.0990
    1221       2.1278
    1222       2.0795
    1223       2.1161
    1224       2.1090
    1225       2.0451
    1226       2.0250
    1227       2.0729
    1228       1.8947
    1229       2.0169
    1230       1.8946
    1231       2.0024
    1232       2.0294
    1233       2.2421
    1234       2.0924
    1235       2.0951
    1236       2.1940
    1237       2.0751
    1238       2.0567
    1239       1.9732
    1240       1.9869
    1241       2.0806
    1242       2.0038
    1243       2.0756
    1244       2.1790
    1245       2.1216
    1246       2.1015
    1247       2.0359
    1248       2.0885
    1249       2.1567
    1250       2.0352
    1251       2.0003
    1252       2.0917
    1253       2.1902
    1254       2.0681
    1255       2.0301
    1256       2.1041
    1257       2.0604
    1258       2.0061
    1259       1.9516
    1260       2.0338
    1261       2.0327
    1262       1.9932
    1263       2.0617
    1264       1.8810
    1265       1.9689
    1266       1.9350
    1267       2.0214
    1268       2.1114
    1269       1.9807
    1270       2.0731
    1271       2.0653
    1272       1.9927
    1273       2.0268
    1274       1.9649
    1275       1.8855
    1276       1.9769
    1277       2.1309
    1278       2.0417
    1279       2.0933
    1280       2.0529
    1281       1.7358
    1282       1.9291
    1283       1.9499
    1284       1.9322
    1285       2.0203
    1286       2.0284
    1287       2.1288
    1288       1.9519
    1289       1.9622
    1290       2.0014
    1291       2.0495
    1292       2.0183
    1293       2.1019
    1294       2.0710
    1295       2.0528
    1296       1.9814
    1297       2.0709
    1298       2.0708
    1299       2.0000
    1300       2.0724
    1301       2.0177
    1302       2.0420
    1303       1.9417
    1304       2.0117
    1305       1.9790
    1306       1.9646
    1307       2.0429
    1308       2.0612
    1309       1.9150
    1310       2.1193
    1311       2.0122
    1312       1.9644
    1313       2.1890
    1314       2.0389
    1315       2.0810
    1316       2.0875
    1317       2.1239
    1318       2.2172
    1319       2.0827
    1320       2.2544
    1321       2.3465
    1322       2.0946
    1323       2.1220
    1324       2.1226
    1325       2.2007
    1326       2.1116
    1327       2.0646
    1328       2.1082
    1329       1.9662
    1330       2.0321
    1331       2.2129
    1332       2.0488
    1333       2.1757
    1334       2.1527
    1335       2.0217
    1336       2.0339
    1337       2.0469
    1338       2.2102
    1339       2.1343
    1340       2.0823
    1341       2.2479
    1342       2.0578
    1343       1.9889
    1344       2.0956
    1345       1.8692
    1346       2.0158
    1347       2.0039
    1348       1.9889
    1349       2.0235
    1350       1.8718
    1351       2.0052
    1352       1.9882
    1353       1.9397
    1354       1.9189
    1355       2.0319
    1356       2.0667
    1357       1.9120
    1358       1.9836
    1359       2.0403
    1360       2.1466
    1361       1.9933
    1362       2.1652
    1363       2.0523
    1364       2.0982
    1365       2.0520
    1366       2.0383
    1367       2.0914
    1368       1.9837
    1369       2.1562
    1370       2.1353
    1371       2.1101
    1372       2.0934
    1373       2.0636
    1374       2.1146
    1375       2.0666
    1376       2.1943
    1377       2.1270
    1378       2.1760
    1379       2.1074
    1380       2.0358
    1381       2.1475
    1382       2.0268
    1383       2.0755
    1384       2.0144
    1385       2.0302
    1386       2.0582
    1387       2.0231
    1388       2.0023
    1389       1.9873
    1390       2.1531
    1391       2.0469
    1392       1.9930
    1393       2.0643
    1394       2.0317
    1395       2.0186
    1396       1.9838
    1397       1.9682
    1398       1.9991
    1399       2.0594
    1400       2.0290
    1401       2.0400
    1402       1.9642
    1403       1.9052
    1404       2.0472
    1405       2.0074
    1406       2.0497
    1407       2.0364
    1408       2.0784
    1409       1.9770
    1410       2.0299
    1411       2.0738
    1412       2.0083
    1413       2.0663
    1414       2.0225
    1415       2.1576
    1416       2.2085
    1417       2.1769
    1418       2.1176
    1419       2.0935
    1420       2.0331
    1421       1.9848
    1422       2.0526
    1423       2.0158
    1424       1.9992
    1425       1.9992
    1426       1.9002
    1427       1.8698
    1428       2.0517
    1429       2.0291
    1430       1.9455
    1431       2.0426
    1432       2.1010
    1433       2.1277
    1434       1.9591
    1435       2.0033
    1436       2.1422
    1437       2.0660
    1438       1.9633
    1439       1.9353
    1440       1.9364
    1441       1.9825
    1442       2.0292
    1443       1.9251
    1444       1.9952
    1445       2.0083
    1446       2.0205
    1447       2.0242
    1448       2.1589
    1449       2.1274
    1450       2.0329
    1451       2.0534
    1452       2.0049
    1453       1.8470
    1454       1.9557
    1455       1.9568
    1456       1.9108
    1457       2.0526
    1458       2.0256
    1459       2.0126
    1460       2.1943
    1461       2.0539
    1462       1.9944
    1463       1.9386
    1464       1.9993
    1465       1.9328
    1466       2.0053
    1467       2.1033
    1468       1.9708
    1469       1.9819
    1470       2.0359
    1471       2.0485
    1472       2.0036
    1473       1.9725
    1474       1.9447
    1475       2.0811
    1476       2.1029
    1477       2.0438
    1478       2.0145
    1479       1.9542
    1480       1.9634
    1481       1.9124
    1482       2.0015
    1483       2.0819
    1484       2.1036
    1485       2.0652
    1486       1.9657
    1487       1.9302
    1488       2.0151
    1489       1.8435
    1490       2.0098
    1491       1.8964
    1492       2.0204
    1493       1.9172
    1494       1.8814
    1495       2.1537
    1496       1.9780
    1497       1.9179
    1498       1.9930
    1499       2.0902
    1500       2.0606
    1501       1.8758
    1502       1.8942
    1503       1.8955
    1504       2.0991
    1505       1.8484
    1506       1.9215
    1507       1.9521
    1508       1.9567
    1509       1.9630
    1510       1.9797
    1511       1.9276
    1512       1.9718
    1513       1.9167
    1514       1.9605
    1515       1.9891
    1516       1.9709
    1517       1.9672
    1518       2.0607
    1519       1.9509
    1520       1.8711
    1521       1.9486
    1522       1.7857
    1523       1.7902
    1524       2.0415
    1525       1.9123
    1526       1.9058
    1527       1.9917
    1528       2.0621
    1529       1.8348
    1530       1.8983
    1531       1.8538
    1532       1.8593
    1533       1.9380
    1534       1.8848
    1535       1.9708
    1536       1.9518
    1537       1.9811
    1538       1.9165
    1539       1.8086
    1540       1.9417
    1541       1.9248
    1542       1.9276
    1543       1.9190
    1544       1.8776
    1545       1.9663
    1546       1.9115
    1547       1.9971
    1548       2.1741
    1549       2.2656
    1550       2.1826
    1551       2.0134
    1552       2.1187
    1553       2.1992
    1554       2.1217
    1555       1.9989
    1556       2.0269
    1557       2.0472
    1558       2.0770
    1559       1.9779
    1560       1.9583
    1561       2.0669
    1562       2.0893
    1563       1.9898
    1564       2.0164
    1565       1.9831
    1566       2.0434
    1567       1.9932
    1568       2.0018
    1569       1.9110
    1570       2.0043
    1571       2.0276
    1572       1.9871
    1573       2.0667
    1574       2.0418
    1575       2.0052
    1576       1.9733
    1577       1.9851
    1578       2.0539
    1579       2.0129
    1580       1.9601
    1581       1.9536
    1582       2.1152
    1583       2.0257
    1584       2.0765
    1585       2.0669
    1586       1.9774
    1587       2.0002
    1588       1.9880
    1589       2.0129
    1590       2.0131
    1591       1.8458
    1592       2.0716
    1593       2.0562
    1594       2.1528
    1595       2.2684
    1596       1.9877
    1597       2.0226
    1598       1.9848
    1599       1.9748
    1600       1.9651
    1601       2.1700
    1602       2.0410
    1603       2.1046
    1604       2.0122
    1605       2.0232
    1606       2.0272
    1607       2.0846
    1608       2.0296
    1609       1.9762
    1610       1.9770
    1611       1.9901
    1612       1.9383
    1613       2.0153
    1614       2.0217
    1615       1.8628
    1616       1.9376
    1617       1.9437
    1618       2.0100
    1619       1.9835
    1620       1.8271
    1621       1.9564
    1622       1.9874
    1623       1.8920
    1624       1.9025
    1625       1.8949
    1626       1.8731
    1627       1.9342
    1628       1.9815
    1629       1.9023
    1630       1.8453
    1631       1.8467
    1632       1.8727
    1633       1.9297
    1634       1.9857
    1635       1.8813
    1636       1.9819
    1637       1.8875
    1638       1.9766
    1639       1.8845
    1640       1.8972
    1641       1.8837
    1642       1.8920
    1643       1.9460
    1644       2.0657
    1645       2.0203
    1646       2.0039
    1647       1.9492
    1648       1.9685
    1649       1.9655
    1650       1.9674
    1651       2.0094
    1652       1.8634
    1653       1.9275
    1654       2.0661
    1655       1.9011
    1656       1.9395
    1657       1.8943
    1658       1.8455
    1659       1.9527
    1660       1.8855
    1661       1.8012
    1662       1.9817
    1663       2.1159
    1664       2.0108
    1665       1.9813
    1666       1.9863
    1667       1.9848
    1668       1.9335
    1669       1.9642
    1670       1.8327
    1671       1.9018
    1672       1.9482
    1673       2.0072
    1674       2.0139
    1675       2.1530
    1676       2.1801
    1677       2.0772
    1678       2.1023
    1679       2.0687
    1680       2.0838
    1681       2.0320
    1682       2.1230
    1683       2.1041
    1684       2.0819
    1685       2.0623
    1686       2.1311
    1687       2.0655
    1688       1.9888
    1689       2.0115
    1690       2.1071
    1691       2.1604
    1692       2.0801
    1693       2.0391
    1694       2.0508
    1695       2.1067
    1696       2.0567
    1697       2.1317
    1698       2.0789
    1699       2.1029
    1700       2.0543
    1701       2.0859
    1702       2.0223
    1703       2.0570
    1704       2.1548
    1705       2.1090
    1706       2.1214
    1707       1.8647
    1708       1.9885
    1709       2.0080
    1710       1.8983
    1711       1.9802
    1712       1.9305
    1713       2.0281
    1714       1.9310
    1715       1.9887
    1716       2.0096
    1717       1.9130
    1718       1.9121
    1719       1.8245
    1720       1.9561
    1721       1.8780
    1722       2.0366
    1723       2.0588
    1724       2.0531
    1725       1.9605
    1726       1.9844
    1727       2.0046
    1728       2.0474
    1729       2.0396
    1730       1.9846
    1731       2.0916
    1732       1.8932
    1733       1.8571
    1734       2.0111
    1735       1.9463
    1736       2.0086
    1737       2.0283
    1738       1.9995
    1739       1.9680
    1740       2.2567
    1741       1.9695
    1742       2.1149
    1743       2.1659
    1744       1.9622
    1745       2.0680
    1746       2.0345
    1747       2.0447
    1748       1.8875
    1749       1.9365
    1750       2.0376
    1751       1.9797
    1752       2.0589
    1753       2.0238
    1754       2.0781
    1755       2.0424
    1756       1.9690
    1757       1.9492
    1758       1.9840
    1759       2.0611
    1760       2.0609
    1761       1.9932
    1762       1.9935
    1763       2.0213
    1764       1.9570
    1765       1.9569
    1766       1.9852
    1767       1.8251
    1768       1.8765
    1769       1.8687
    1770       1.9379
    1771       1.9991
    1772       1.8805
    1773       2.0660
    1774       2.0027
    1775       1.9381
    1776       2.0492
    1777       2.0558
    1778       1.9078
    1779       1.8761
    1780       2.0605
    1781       1.9767
    1782       2.1377
    1783       2.0113
    1784       1.9672
    1785       2.0358
    1786       2.0922
    1787       2.0633
    1788       2.1429
    1789       2.0456
    1790       2.1900
    1791       2.1101
    1792       2.0172
    1793       2.0334
    1794       2.0830
    1795       2.0222
    1796       2.0083
    1797       2.1457
    1798       1.9799
    1799       1.9844
    1800       2.0928
    1801       1.9468
    1802       1.9192
    1803       1.9600
    1804       1.9738
    1805       1.9762
    1806       1.8825
    1807       2.0081
    1808       1.9243
    1809       1.9157
    1810       1.9273
    1811       2.0470
    1812       2.0253
    1813       1.9809
    1814       1.9971
    1815       2.0954
    1816       2.0077
    1817       2.0162
    1818       1.9419
    1819       2.0901
    1820       1.9461
    1821       2.0301
    1822       1.9522
    1823       2.0981
    1824       1.9857
    1825       1.9378
    1826       1.9275
    1827       2.0411
    1828       1.9078
    1829       2.1204
    1830       1.9612
    1831       1.9874
    1832       2.0939
    1833       1.9704
    1834       1.9161
    1835       2.0484
    1836       1.9697
    1837       2.0517
    1838       2.0493
    1839       2.0206
    1840       2.1102
    1841       2.0652
    1842       2.0385
    1843       2.1153
    1844       2.0319
    1845       2.0818
    1846       1.9783
    1847       1.9758
    1848       1.9754
    1849       2.0999
    1850       2.0758
    1851       2.0804
    1852       2.0650
    1853       2.1370
    1854       2.0968
    1855       2.1269
    1856       2.0755
    1857       1.9725
    1858       2.0124
    1859       1.9244
    1860       2.0580
    1861       2.0890
    1862       1.9509
    1863       1.9877
    1864       1.8963
    1865       1.9307
    1866       1.9924
    1867       1.8323
    1868       1.9114
    1869       1.9170
    1870       1.9335
    1871       1.8460
    1872       2.0289
    1873       1.8811
    1874       1.9476
    1875       1.9334
    1876       2.0670
    1877       1.9538
    1878       2.0505
    1879       2.0478
    1880       1.9945
    1881       1.9665
    1882       1.9103
    1883       2.0294
    1884       1.8937
    1885       1.9111
    1886       1.9447
    1887       1.9312
    1888       2.0311
    1889       1.9415
    1890       2.0211
    1891       1.9302
    1892       1.8834
    1893       1.9060
    1894       1.9070
    1895       1.9848
    1896       2.0097
    1897       2.0227
    1898       1.9529
    1899       1.9354
    1900       2.0985
    1901       1.9482
    1902       1.9488
    1903       1.9425
    1904       1.9551
    1905       1.8568
    1906       1.9428
    1907       1.8736
    1908       1.9266
    1909       2.0136
    1910       1.9516
    1911       1.9134
    1912       1.8850
    1913       1.9705
    1914       1.9240
    1915       1.7963
    1916       1.9310
    1917       1.8699
    1918       1.9394
    1919       1.9300
    1920       1.9461
    1921       2.0020
    1922       1.9900
    1923       1.9263
    1924       1.8886
    1925       1.9828
    1926       1.9768
    1927       1.9166
    1928       1.9943
    1929       1.8419
    1930       2.1025
    1931       2.0622
    1932       1.9193
    1933       2.0126
    1934       2.1346
    1935       1.9469
    1936       1.9054
    1937       1.9086
    1938       1.9994
    1939       2.0224
    1940       1.9562
    1941       2.0701
    1942       1.9751
    1943       1.8649
    1944       1.8754
    1945       1.9699
    1946       1.7980
    1947       1.7659
    1948       1.8428
    1949       1.8043
    1950       1.9072
    1951       1.8836
    1952       2.0061
    1953       1.8946
    1954       1.9435
    1955       1.9497
    1956       1.8002
    1957       1.8565
    1958       1.8166
    1959       1.8427
    1960       1.9717
    1961       2.0351
    1962       1.8675
    1963       1.9536
    1964       1.9661
    1965       2.0207
    1966       2.0220
    1967       1.9425
    1968       1.9162
    1969       1.9310
    1970       1.9272
    1971       1.9394
    1972       1.9108
    1973       1.9968
    1974       1.8776
    1975       2.0022
    1976       1.7573
    1977       1.9494
    1978       1.8207
    1979       1.8479
    1980       1.7855
    1981       1.8134
    1982       1.9149
    1983       1.9309
    1984       1.9696
    1985       1.7873
    1986       2.0028
    1987       1.8711
    1988       1.8656
    1989       1.9496
    1990       1.8441
    1991       1.8596
    1992       1.8880
    1993       1.9471
    1994       1.9540
    1995       2.1121
    1996       1.9492
    1997       2.0747
    1998       1.9603
    1999       1.9466
    2000       1.9055
    2001       1.9689
    2002       2.0830
    2003       1.9736
    2004       1.9545
    2005       2.0265
    2006       2.0001
    2007       1.9989
    2008       1.9273
    2009       1.9860
    2010       1.9139
    2011       2.0174
    2012       1.9202
    2013       2.1371
    2014       2.1733
    2015       2.0375
    2016       1.8967
    2017       1.9222
    2018       1.9436
    2019       1.9628
    2020       2.0048
    2021       2.0696
    2022       2.0710
    2023       1.9944
    2024       1.9915
    2025       2.0748
    2026       1.9154
    2027       1.9333
    2028       1.9433
    2029       2.0163
    2030       1.9134
    2031       1.9900
    2032       1.9767
    2033       2.0001
    2034       1.9431
    2035       1.9699
    2036       2.0343
    2037       1.9453
    2038       1.9864
    2039       2.0604
    2040       2.0450
    2041       1.9869
    2042       2.0603
    2043       1.9863
    2044       1.9542
    2045       2.0010
    2046       1.9217
    2047       1.9269
    2048       1.9361
    2049       2.0335
    2050       1.9838
    2051       1.8568
    2052       1.8627
    2053       1.9418
    2054       1.9820
    2055       2.0569
    2056       1.9515
    2057       1.9288
    2058       1.9287
    2059       1.9034
    2060       2.0241
    2061       1.9568
    2062       1.9774
    2063       1.8920
    2064       1.9543
    2065       1.9243
    2066       1.9924
    2067       1.9493
    2068       2.0771
    2069       2.0896
    2070       2.0203
    2071       2.0872
    2072       2.0501
    2073       2.1515
    2074       2.0161
    2075       2.1543
    2076       2.0824
    2077       2.0106
    2078       1.9776
    2079       1.9849
    2080       2.0248
    2081       1.8870
    2082       2.0162
    2083       1.9322
    2084       2.1152
    2085       1.9464
    2086       2.0244
    2087       2.0615
    2088       2.1442
    2089       2.1361
    2090       1.9790
    2091       1.9286
    2092       1.9662
    2093       1.9707
    2094       1.9555
    2095       2.0707
    2096       2.0113
    2097       2.0007
    2098       2.0125
    2099       1.8780
    2100       1.9195
    2101       1.8509
    2102       1.8913
    2103       2.0737
    2104       1.9943
    2105       1.9606
    2106       2.0339
    2107       2.1070
    2108       2.0698
    2109       2.0210
    2110       2.0855
    2111       1.8649
    2112       2.1074
    2113       2.1384
    2114       2.1701
    2115       1.9772
    2116       1.9912
    2117       2.1422
    2118       2.2560
    2119       2.1265
    2120       2.0235
    2121       1.9492
    2122       1.9071
    2123       1.8808
    2124       1.8487
    2125       1.9119
    2126       1.9358
    2127       1.9544
    2128       1.9217
    2129       1.9524
    2130       1.9717
    2131       2.0342
    2132       2.0079
    2133       2.0165
    2134       1.9313
    2135       2.0222
    2136       1.9383
    2137       1.9882
    2138       1.9665
    2139       1.9655
    2140       1.9122
    2141       1.8710
    2142       1.8203
    2143       1.9117
    2144       1.9171
    2145       2.0297
    2146       1.9763
    2147       1.9093
    2148       1.9379
    2149       1.8457
    2150       1.8579
    2151       1.9160
    2152       1.9233
    2153       1.8987
    2154       1.8958
    2155       1.9053
    2156       1.8562
    2157       1.7624
    2158       1.9499
    2159       1.8898
    2160       1.9283
    2161       1.9549
    2162       1.9115
    2163       1.9496
    2164       1.8534
    2165       1.8779
    2166       1.9712
    2167       2.0325
    2168       1.9549
    2169       1.9896
    2170       1.9404
    2171       1.9493
    2172       1.8669
    2173       1.8712
    2174       1.9490
    2175       1.8942
    2176       1.9250
    2177       1.8820
    2178       1.9700
    2179       2.0278
    2180       2.1573
    2181       1.9634
    2182       2.0295
    2183       1.9997
    2184       1.9586
    2185       1.9787
    2186       1.9597
    2187       1.9851
    2188       2.1573
    2189       1.9724
    2190       1.9630
    2191       1.9536
    2192       1.8534
    2193       1.8482
    2194       1.7476
    2195       1.8877
    2196       1.9741
    2197       1.8045
    2198       1.9410
    2199       1.8692
    2200       1.8324
    2201       1.9243
    2202       1.7642
    2203       1.8500
    2204       1.8487
    2205       1.9668
    2206       1.9715
    2207       1.9312
    2208       1.9162
    2209       1.9195
    2210       1.9843
    2211       2.0204
    2212       1.9111
    2213       1.9447
    2214       1.9250
    2215       1.9443
    2216       1.8934
    2217       2.0071
    2218       1.9411
    2219       2.0227
    2220       2.0146
    2221       2.0155
    2222       1.9406
    2223       1.8495
    2224       1.9352
    2225       1.9684
    2226       1.9930
    2227       1.9844
    2228       1.9380
    2229       1.9936
    2230       1.9143
    2231       1.9940
    2232       2.0711
    2233       2.0434
    2234       1.9950
    2235       2.0080
    2236       2.0674
    2237       1.9645
    2238       1.9684
    2239       2.0392
    2240       1.9776
    2241       1.9537
    2242       1.9075
    2243       2.0020
    2244       1.9864
    2245       1.9411
    2246       1.9704
    2247       1.9427
    2248       1.8840
    2249       1.8083
    2250       1.9236
    2251       1.9197
    2252       1.8840
    2253       1.8270
    2254       1.8877
    2255       1.8575
    2256       1.7865
    2257       1.9034
    2258       1.9862
    2259       1.9541
    2260       1.9279
    2261       1.8862
    2262       1.8573
    2263       1.8319
    2264       1.8595
    2265       1.8491
    2266       1.8242
    2267       1.8597
    2268       1.8291
    2269       1.8989
    2270       1.8742
    2271       1.8971
    2272       1.7847
    2273       1.9010
    2274       1.8484
    2275       1.8596
    2276       1.7894
    2277       1.8869
    2278       1.8863
    2279       1.8346
    2280       1.8374
    2281       1.8277
    2282       1.8425
    2283       1.9437
    2284       1.9787
    2285       1.8634
    2286       1.9002
    2287       1.8251
    2288       1.8919
    2289       1.8332
    2290       1.8741
    2291       1.8477
    2292       1.8054
    2293       1.8260
    2294       1.8395
    2295       1.9069
    2296       1.9128
    2297       1.8547
    2298       1.8936
    2299       1.9640
    2300       1.8503
    2301       1.8964
    2302       1.9737
    2303       1.9179
    2304       1.7642
    2305       1.7810
    2306       1.9429
    2307       1.8633
    2308       1.8407
    2309       1.8744
    2310       2.0156
    2311       1.8940
    2312       1.8933
    2313       1.8225
    2314       1.9486
    2315       1.9489
    2316       2.0494
    2317       1.9692
    2318       2.0175
    2319       1.9937
    2320       1.8964
    2321       2.1007
    2322       1.9331
    2323       2.0020
    2324       1.9154
    2325       1.8543
    2326       1.8811
    2327       1.8909
    2328       1.9651
    2329       1.8908
    2330       1.8956
    2331       1.9712
    2332       1.9026
    2333       1.9420
    2334       2.0317
    2335       2.0288
    2336       2.0022
    2337       1.7980
    2338       1.8933
    2339       2.0254
    2340       1.9127
    2341       1.9896
    2342       1.9484
    2343       2.0454
    2344       2.0713
    2345       1.9643
    2346       2.0464
    2347       1.9891
    2348       1.9559
    2349       1.9745
    2350       2.0787
    2351       2.0135
    2352       2.0317
    2353       2.0498
    2354       2.0578
    2355       1.9859
    2356       1.9166
    2357       2.0854
    2358       1.8644
    2359       2.1022
    2360       1.9970
    2361       2.0304
    2362       1.9586
    2363       1.8709
    2364       1.9102
    2365       1.8288
    2366       1.8372
    2367       1.9078
    2368       1.9336
    2369       1.8367
    2370       1.8706
    2371       1.9747
    2372       1.7607
    2373       1.8740
    2374       2.0034
    2375       1.8571
    2376       1.8945
    2377       1.8509
    2378       1.9133
    2379       2.0320
    2380       1.9484
    2381       1.9738
    2382       1.9850
    2383       1.8489
    2384       1.9601
    2385       1.9788
    2386       1.8707
    2387       2.0753
    2388       2.0794
    2389       1.8856
    2390       1.8211
    2391       1.9686
    2392       1.8519
    2393       1.8510
    2394       1.8477
    2395       1.8484
    2396       1.9536
    2397       1.8855
    2398       1.9224
    2399       2.0506
    2400       1.9326
    2401       1.8547
    2402       1.8754
    2403       1.9338
    2404       1.9241
    2405       1.9233
    2406       1.9177
    2407       1.9325
    2408       1.9096
    2409       1.9270
    2410       1.9088
    2411       1.9446
    2412       1.8930
    2413       1.7972
    2414       1.8963
    2415       1.8411
    2416       1.9280
    2417       1.8333
    2418       1.8275
    2419       1.8200
    2420       1.8905
    2421       1.8555
    2422       1.9769
    2423       1.9855
    2424       1.8712
    2425       1.8759
    2426       1.8917
    2427       1.9258
    2428       1.9514
    2429       1.9129
    2430       1.8636
    2431       1.8901
    2432       1.9017
    2433       2.0453
    2434       1.9653
    2435       1.8919
    2436       1.8211
    2437       1.8368
    2438       1.9688
    2439       1.8326
    2440       1.8058
    2441       1.8930
    2442       1.8430
    2443       1.7965
    2444       1.8717
    2445       1.8200
    2446       1.9006
    2447       2.0073
    2448       1.9621
    2449       1.9431
    2450       1.9369
    2451       1.8485
    2452       1.8767
    2453       1.8011
    2454       1.8979
    2455       1.9137
    2456       1.9124
    2457       1.8640
    2458       1.9035
    2459       1.8126
    2460       1.8939
    2461       1.8548
    2462       2.0018
    2463       1.9276
    2464       1.8166
    2465       1.8574
    2466       1.8582
    2467       1.8584
    2468       1.8431
    2469       1.8800
    2470       2.0052
    2471       1.9415
    2472       1.9082
    2473       1.9831
    2474       1.9631
    2475       1.9291
    2476       1.9930
    2477       1.8563
    2478       1.9225
    2479       1.9666
    2480       2.0579
    2481       1.9172
    2482       1.8849
    2483       1.9254
    2484       1.8603
    2485       1.9050
    2486       1.9362
    2487       1.9787
    2488       1.9240
    2489       2.0679
    2490       1.9000
    2491       2.0086
    2492       1.8511
    2493       1.9340
    2494       1.8343
    2495       1.8472
    2496       1.9231
    2497       1.9138
    2498       1.9282
    2499       1.9168
    2500       1.8780
    2501       1.8434
    2502       2.0161
    2503       1.9306
    2504       1.9162
    2505       2.0281
    2506       1.9704
    2507       1.8769
    2508       1.9653
    2509       1.9955
    2510       2.0222
    2511       2.0995
    2512       1.9254
    2513       2.0090
    2514       1.8501
    2515       1.9144
    2516       1.9322
    2517       2.0574
    2518       1.9924
    2519       1.9743
    2520       2.0027
    2521       1.9229
    2522       1.9925
    2523       2.0874
    2524       1.9628
    2525       2.0168
    2526       1.9594
    2527       2.0594
    2528       1.9490
    2529       1.9617
    2530       1.8615
    2531       1.9381
    2532       1.9167
    2533       1.8515
    2534       1.9313
    2535       2.0000
    2536       1.8878
    2537       1.8902
    2538       1.9547
    2539       1.9239
    2540       1.9786
    2541       1.9889
    2542       1.9222
    2543       1.9286
    2544       1.9448
    2545       1.9629
    2546       1.9519
    2547       1.9820
    2548       1.8300
    2549       1.8924
    2550       1.9893
    2551       1.9881
    2552       1.9417
    2553       1.9253
    2554       1.8922
    2555       1.9123
    2556       1.8839
    2557       1.9973
    2558       1.9239
    2559       1.9257
    2560       1.9400
    2561       1.8936
    2562       1.9226
    2563       1.8242
    2564       1.8738
    2565       1.8810
    2566       1.9847
    2567       1.9195
    2568       1.9318
    2569       1.8619
    2570       1.8627
    2571       1.9684
    2572       1.8871
    2573       1.9022
    2574       1.8915
    2575       2.1184
    2576       2.0299
    2577       2.0134
    2578       1.9456
    2579       1.9952
    2580       1.9310
    2581       1.9980
    2582       2.0353
    2583       1.9926
    2584       1.9969
    2585       2.0578
    2586       2.0191
    2587       1.9215
    2588       1.9207
    2589       2.0439
    2590       2.0031
    2591       1.8807
    2592       1.9860
    2593       1.9681
    2594       1.9681
    2595       1.9324
    2596       1.9179
    2597       1.8657
    2598       2.0260
    2599       1.9111
    2600       1.9022
    2601       1.8504
    2602       2.0439
    2603       1.9556
    2604       1.9098
    2605       1.9784
    2606       1.8745
    2607       1.9679
    2608       2.0443
    2609       1.9947
    2610       2.0411
    2611       1.9146
    2612       1.8824
    2613       1.9139
    2614       1.9699
    2615       1.9584
    2616       1.9994
    2617       2.0043
    2618       1.9136
    2619       1.9621
    2620       1.9476
    2621       1.9603
    2622       1.8990
    2623       1.9006
    2624       1.9637
    2625       1.9239
    2626       1.9932
    2627       1.9895
    2628       2.0477
    2629       1.9165
    2630       1.9950
    2631       1.9887
    2632       1.9716
    2633       2.0711
    2634       2.0914
    2635       1.9424
    2636       1.9458
    2637       1.9690
    2638       1.8608
    2639       1.9552
    2640       1.9925
    2641       1.8964
    2642       1.8950
    2643       1.9389
    2644       1.8920
    2645       1.9381
    2646       2.0192
    2647       1.9267
    2648       1.9853
    2649       1.9868
    2650       1.9209
    2651       2.0103
    2652       1.9052
    2653       1.9652
    2654       1.9909
    2655       1.9837
    2656       1.9951
    2657       2.0794
    2658       2.0112
    2659       1.9128
    2660       1.9841
    2661       1.9987
    2662       2.0221
    2663       1.9987
    2664       1.8944
    2665       1.9274
    2666       2.0656
    2667       1.9745
    2668       2.0122
    2669       1.9616
    2670       1.9557
    2671       1.9433
    2672       2.0562
    2673       2.0316
    2674       1.9994
    2675       1.9515
    2676       2.1358
    2677       2.0029
    2678       2.0172
    2679       2.0045
    2680       2.0376
    2681       2.1365
    2682       2.0088
    2683       2.0617
    2684       1.9463
    2685       1.9454
    2686       1.9949
    2687       1.9310
    2688       1.9787
    2689       2.0048
    2690       2.0369
    2691       2.0468
    2692       2.0783
    2693       2.0604
    2694       1.9908
    2695       1.9959
    2696       1.9646
    2697       1.9816
    2698       2.0146
    2699       1.9124
    2700       1.8725
    2701       2.0039
    2702       1.8566
    2703       1.9663
    2704       1.9264
    2705       2.0594
    2706       1.9449
    2707       1.9125
    2708       1.9321
    2709       1.9017
    2710       1.9012
    2711       2.0302
    2712       1.9811
    2713       1.9521
    2714       1.9348
    2715       2.1466
    2716       1.9671
    2717       1.8574
    2718       1.9282
    2719       1.9913
    2720       1.9460
    2721       1.9365
    2722       1.9351
    2723       1.9390
    2724       2.0277
    2725       1.8582
    2726       1.8586
    2727       2.0172
    2728       1.9938
    2729       2.0186
    2730       1.9579
    2731       1.9472
    2732       1.9602
    2733       1.9654
    2734       2.0823
    2735       1.9186
    2736       1.9528
    2737       1.9862
    2738       1.9388
    2739       1.9291
    2740       1.9071
    2741       1.8996
    2742       2.0021
    2743       1.9850
    2744       1.9139
    2745       1.9488
    2746       1.8779
    2747       1.9771
    2748       1.9239
    2749       1.9524
    2750       1.8843
    2751       1.8162
    2752       1.9731
    2753       1.8716
    2754       1.9374
    2755       1.9431
    2756       1.8901
    2757       1.9475
    2758       1.8971
    2759       1.9235
    2760       2.0590
    2761       1.8913
    2762       1.8859
    2763       1.9280
    2764       1.9041
    2765       2.0252
    2766       2.0407
    2767       1.9646
    2768       1.8973
    2769       1.9377
    2770       2.0000
    2771       2.0074
    2772       2.0992
    2773       2.0048
    2774       1.9784
    2775       1.9948
    2776       2.0372
    2777       2.0488
    2778       2.0206
    2779       2.1256
    2780       2.0333
    2781       2.0435
    2782       1.9552
    2783       1.9774
    2784       1.9636
    2785       2.0590
    2786       2.1081
    2787       2.0294
    2788       2.0473
    2789       2.0771
    2790       2.0380
    2791       1.9648
    2792       1.9723
    2793       2.0799
    2794       1.9854
    2795       1.9431
    2796       2.0901
    2797       1.9314
    2798       2.0039
    2799       2.0253
    2800       1.9789
    2801       2.0637
    2802       1.9722
    2803       2.0141
    2804       2.0246
    2805       2.0124
    2806       2.0701
    2807       2.1332
    2808       2.1365
    2809       2.0816
    2810       2.1763
    2811       2.1046
    2812       2.0864
    2813       2.2871
    2814       2.1105
    2815       2.0095
    2816       2.1262
    2817       2.0088
    2818       2.0462
    2819       2.0583
    2820       2.0841
    2821       2.1249
    2822       2.1222
    2823       2.0827
    2824       2.0505
    2825       2.0857
    2826       2.0782
    2827       2.0831
    2828       2.1310
    2829       2.0433
    2830       2.2424
    2831       2.1459
    2832       2.0363
    2833       2.0763
    2834       2.0640
    2835       2.1934
    2836       2.1278
    2837       2.2169
    2838       2.1986
    2839       2.3110
    2840       2.1863
    2841       2.0949
    2842       2.1098
    2843       2.1753
    2844       2.2004
    2845       2.1931
    2846       2.1793
    2847       2.2445
    2848       2.2022
    2849       2.1446
    2850       2.1289
    2851       2.1976
    2852       2.2228
    2853       2.1418
    2854       2.1851
    2855       2.2188
    2856       2.2768
    2857       2.2599
    2858       2.2265
    2859       2.2266
    2860       2.1616
    2861       2.1315
    2862       2.0191
    2863       2.2073
    2864       2.0546
    2865       2.1084
    2866       2.1729
    2867       2.0703
    2868       2.0282
    2869       2.1367
    2870       2.0449
    2871       2.0529
    2872       2.0283
    2873       2.0980
    2874       2.0896
    2875       2.0823
    2876       2.1653
    2877       2.0910
    2878       2.1633
    2879       2.0562
    2880       2.1214
    2881       2.1678
    2882       2.0449
    2883       2.1625
    2884       2.1103
    2885       2.2814
    2886       2.0559
    2887       2.1131
    2888       2.1947
    2889       2.1499
    2890       2.0904
    2891       2.1074
    2892       2.1334
    2893       2.0943
    2894       2.0053
    2895       2.0542
    2896       2.1403
    2897       2.1717
    2898       2.1002
    2899       2.1750
    2900       2.2329
    2901       2.1838
    2902       2.0570
    2903       2.0640
    2904       2.1049
    2905       2.0873
    2906       2.1479
    2907       2.0502
    2908       2.0936
    2909       2.0760
    2910       2.0945
    2911       2.1091
    2912       2.0696
    2913       2.1512
    2914       2.0540
    2915       2.1287
    2916       2.0648
    2917       2.0447
    2918       2.0739
    2919       2.0948
    2920       1.9986
    2921       1.9770
    2922       2.0087
    2923       2.0502
    2924       2.1867
    2925       2.0574
    2926       2.1136
    2927       2.1207
    2928       2.1039
    2929       2.0843
    2930       1.9591
    2931       2.0049
    2932       2.0881
    2933       2.1758
    2934       2.1759
    2935       2.2175
    2936       2.0536
    2937       2.0668
    2938       2.1758
    2939       2.1875
    2940       2.3362
    2941       2.1756
    2942       2.0985
    2943       2.1820
    2944       2.2123
    2945       2.1270
    2946       2.2608
    2947       2.1400
    2948       2.1454
    2949       2.2215
    2950       2.1879
    2951       2.2718
    2952       2.1772
    2953       2.0662
    2954       2.0774
    2955       2.1507
    2956       2.1159
    2957       2.1075
    2958       2.1240
    2959       1.9960
    2960       2.2017
    2961       2.1373
    2962       2.3041
    2963       2.3490
    2964       2.2629
    2965       2.3376
    2966       2.3038
    2967       2.2369
    2968       2.2809
    2969       2.0517
    2970       2.0891
    2971       2.1145
    2972       2.1710
    2973       2.2506
    2974       2.3490
    2975       2.1937
    2976       2.2767
    2977       2.1316
    2978       2.2110
    2979       2.2524
    2980       2.1796
    2981       2.2584
    2982       2.1792
    2983       2.1412
    2984       2.0519
    2985       2.2025
    2986       2.1288
    2987       2.0428
    2988       2.0955
    2989       2.1608
    2990       2.1779
    2991       2.2037
    2992       2.2419
    2993       2.0676
    2994       2.1387
    2995       2.1112
    2996       2.0769
    2997       2.1068
    2998       2.2184
    2999       2.2098
    3000       2.1324
    3001       2.1544
