0.249153
0.561047
0.862026
1.158701
1.434279
1.737339
2.024887
2.313830
2.597845
2.889054
3.182223
3.470457
3.751403
4.039830
4.344219
4.645610
4.955335
5.259267
5.578155
5.913207
6.225285
6.572733
6.948013
7.394166
7.773425
8.125216
8.492896
8.854516
9.236842
9.615951
9.940942
10.325321
10.699302
11.067886
11.421306
11.811951
12.171437
12.521278
12.918193
13.302036
13.655652
14.051855
14.448653
14.838321
15.284701
15.659844
16.032897
16.438178
16.863836
17.281004
17.687596
18.084726
18.485227
18.908413
19.270197
19.621353
20.024648
20.402982
20.812945
21.180564
21.579531
22.026496
22.411376
22.778200
23.135178
23.507126
23.840093
24.246725
24.660648
25.007842
25.395486
25.806985
26.159919
26.561109
26.931948
27.272332
27.625194
28.024977
28.393527
28.771651
29.150939
29.491221
29.864321
30.205924
30.516962
30.875140
31.245747
31.607665
31.971891
32.357684
32.698205
33.061065
33.429745
33.788044
34.139693
34.509596
34.897188
35.286396
35.686606
36.052623
36.436980
36.847043
37.182991
37.568132
37.944892
38.280906
38.668152
39.082003
39.452991
39.867582
40.220677
40.706452
41.136646
41.505439
41.883773
42.301566
42.712720
43.112243
43.503770
43.910747
44.296296
44.668208
45.040576
45.441012
45.838818
46.244250
46.621809
47.016660
47.457297
47.835179
48.273735
48.644707
49.060121
49.502421
49.854359
50.230826
50.654866
51.045764
51.454712
51.834836
52.233509
52.603043
53.021076
53.376654
53.712319
54.110397
54.459614
54.886807
55.295051
55.650174
56.024236
56.373921
56.744946
57.118890
57.504368
57.873633
58.267082
58.631289
58.971680
59.323548
59.704487
60.085194
60.450637
60.808097
61.186790
61.580403
61.958239
62.337115
62.705199
63.134218
63.516352
63.934103
64.344910
64.779450
65.236852
65.637489
66.033487
66.444288
66.823748
67.204645
67.614858
68.005253
68.407181
68.827031
69.260555
69.612524
69.977238
70.320988
70.721929
71.119321
71.513951
71.898874
72.287068
72.699119
73.056293
73.445727
73.794288
74.220702
74.646750
75.043150
75.464472
75.863982
76.268329
76.722686
77.148921
77.537386
77.930036
78.324805
78.757086
79.229808
79.726527
80.156988
80.571909
80.980375
81.379906
81.795969
82.235810
82.659298
83.099239
83.581876
84.032467
84.453975
84.892796
85.368265
85.772159
86.202882
86.621532
87.075305
87.531512
87.955068
88.351035
88.699104
89.122627
89.490821
89.878586
90.228483
90.554641
90.880393
91.211874
91.531656
91.884575
92.219800
92.579589
92.942775
93.296718
93.643322
94.045476
94.466651
94.901614
95.324653
95.704508
96.066293
96.430014
96.774663
97.125617
97.480441
97.797705
98.106383
98.451849
98.833021
99.136174
99.414033
99.721974
100.048682
100.404866
100.757299
101.123446
101.485897
101.859639
102.183488
102.557862
102.891254
103.205875
103.572253
103.913170
104.363046
104.809430
105.164779
105.455379
105.743086
106.038560
106.333275
106.655223
106.953280
107.219857
107.507123
107.805233
108.108795
108.411318
108.756615
109.075665
109.387657
109.694539
110.031205
110.343684
110.695267
110.996496
111.358397
111.660994
111.991271
112.297888
112.627715
112.971452
113.288774
113.618340
113.959100
114.231831
114.521504
114.810967
115.105948
115.423230
115.735069
116.055723
116.386615
116.688720
117.016513
117.369619
117.703497
118.061580
118.419873
118.761717
119.093836
119.431868
119.809944
120.183274
120.552966
120.925007
121.383669
121.770348
122.126013
122.480840
122.806724
123.154023
123.457384
123.853083
124.221367
124.515194
124.805699
125.121516
125.416976
125.746069
126.076244
126.389419
126.724318
127.043758
127.347257
127.659174
127.968708
128.273774
128.580415
128.877395
129.197206
129.490690
129.791857
130.140445
130.492577
130.859071
131.238807
131.586352
131.906816
132.253740
132.524551
132.770421
133.041389
133.309527
133.661141
133.913255
134.214979
134.520720
134.823294
135.140463
135.424594
135.710647
135.970846
136.276674
136.574028
136.859002
137.142454
137.444164
137.742679
138.019763
138.289775
138.561857
138.849623
139.171925
139.486803
139.796571
140.085741
140.360996
140.674288
140.984805
141.278590
141.576161
141.832476
142.130221
142.379130
142.692728
142.984263
143.261578
143.569239
143.856887
144.140147
144.439132
144.712486
145.019860
145.296658
145.559469
145.852104
146.125233
146.403386
146.692995
146.970562
147.309165
147.569429
147.899884
148.297684
148.589347
148.922547
149.223476
149.510043
149.776787
150.099704
150.414585
150.713353
151.009393
151.310940
151.637162
151.940290
152.244078
152.535654
152.824288
153.092577
153.439762
153.740476
154.029440
154.317631
154.609138
154.903514
155.224075
155.584889
155.941539
156.268059
156.569585
156.933392
157.231319
157.567619
157.878443
158.197723
158.505990
158.829659
159.239334
159.657411
160.074337
160.421214
160.761378
161.092671
161.407245
161.723696
162.063933
162.378478
162.666159
162.985812
163.293345
163.677822
164.086598
164.482932
164.797912
165.077292
165.394341
165.698272
165.991281
166.270796
166.619192
166.931529
167.229459
167.556289
167.887250
168.243380
168.540322
168.863275
169.166690
169.523400
169.829653
170.162840
170.509705
170.844635
171.158980
171.518607
171.867274
172.183321
172.451120
172.735960
173.033795
173.286577
173.559481
173.841859
174.116368
174.446213
174.790589
175.169759
175.592057
175.948979
176.287578
176.627610
176.987604
177.338004
177.671177
177.993164
178.316378
178.635699
179.033512
179.353546
179.679089
179.989325
180.294217
180.632540
180.922870
181.182913
181.469118
181.776395
182.067367
182.379358
182.711680
183.025374
183.340570
183.663938
183.982713
184.291651
184.612124
184.903161
185.232980
185.545627
185.879682
186.181641
186.479645
186.804389
187.128067
187.442827
187.753127
188.078027
188.383465
188.756242
189.076463
189.381684
189.700390
190.002811
190.321149
190.622280
190.915383
191.231352
191.515962
191.824197
192.116329
192.443008
192.795739
193.160488
193.593909
193.973052
194.345596
194.682119
195.008900
195.368653
195.686335
196.022191
196.440872
196.770063
197.078931
197.396771
197.760998
198.088038
198.394486
198.736043
199.050401
199.379937
199.742352
200.064346
200.387233
200.713479
201.031253
201.360337
201.700518
202.036970
202.359876
202.684179
202.967926
203.293684
203.638812
203.967794
204.307901
204.607919
204.925593
205.234778
205.528538
205.836743
206.149215
206.486401
206.882282
207.206214
207.575565
207.913169
208.225305
