#Frame         myrmsd
       1       0.0000
       2       1.0975
       3       1.2664
       4       1.2379
       5       1.1795
       6       1.2019
       7       1.1754
       8       1.2167
       9       1.1932
      10       1.2296
      11       1.2674
      12       1.1780
      13       1.2800
      14       1.2943
      15       1.2456
      16       1.1941
      17       1.2871
      18       1.3760
      19       1.4004
      20       1.2235
      21       1.2377
      22       1.5089
      23       1.4765
      24       1.4681
      25       1.3740
      26       1.4815
      27       1.3199
      28       1.3990
      29       1.4310
      30       1.4012
      31       1.4174
      32       1.3030
      33       1.1786
      34       1.3143
      35       1.3009
      36       1.3591
      37       1.3083
      38       1.3816
      39       1.2962
      40       1.4188
      41       1.4194
      42       1.4087
      43       1.2884
      44       1.3297
      45       1.4026
      46       1.4241
      47       1.3139
      48       1.5923
      49       1.4766
      50       1.5278
      51       1.4822
      52       1.5344
      53       1.5619
      54       1.3739
      55       1.3868
      56       1.4156
      57       1.3868
      58       1.5093
      59       1.4721
      60       1.4928
      61       1.6043
      62       1.4344
      63       1.4662
      64       1.4381
      65       1.4231
      66       1.4195
      67       1.3480
      68       1.4894
      69       1.5524
      70       1.4856
      71       1.4256
      72       1.4529
      73       1.3630
      74       1.4140
      75       1.4429
      76       1.5564
      77       1.3869
      78       1.4132
      79       1.4770
      80       1.4257
      81       1.6330
      82       1.3908
      83       1.5279
      84       1.2539
      85       1.4157
      86       1.6256
      87       1.4740
      88       1.4109
      89       1.3088
      90       1.3925
      91       1.5253
      92       1.4685
      93       1.4394
      94       1.5928
      95       1.4778
      96       1.4860
      97       1.3930
      98       1.3344
      99       1.4564
     100       1.4815
     101       1.4037
     102       1.3321
     103       1.3768
     104       1.5316
     105       1.4576
     106       1.4128
     107       1.3552
     108       1.4333
     109       1.4095
     110       1.3731
     111       1.4050
     112       1.3938
     113       1.3810
     114       1.2916
     115       1.2957
     116       1.5425
     117       1.3980
     118       1.4752
     119       1.6130
     120       1.6100
     121       1.5008
     122       1.3855
     123       1.4009
     124       1.3508
     125       1.4115
     126       1.3144
     127       1.4192
     128       1.4228
     129       1.3481
     130       1.5317
     131       1.5959
     132       1.5782
     133       1.4057
     134       1.4372
     135       1.4694
     136       1.3819
     137       1.3514
     138       1.3778
     139       1.6393
     140       1.3952
     141       1.3956
     142       1.3985
     143       1.4460
     144       1.3469
     145       1.4375
     146       1.5270
     147       1.4804
     148       1.3336
     149       1.5995
     150       1.5599
     151       1.3880
     152       1.4591
     153       1.5224
     154       1.4217
     155       1.4605
     156       1.4121
     157       1.6197
     158       1.6214
     159       1.4399
     160       1.5158
     161       1.4978
     162       1.4285
     163       1.4312
     164       1.5063
     165       1.5854
     166       1.6681
     167       1.4990
     168       1.4102
     169       1.5500
     170       1.4912
     171       1.5496
     172       1.4960
     173       1.3556
     174       1.5224
     175       1.4967
     176       1.6228
     177       1.5803
     178       1.5248
     179       1.5115
     180       1.4571
     181       1.4086
     182       1.5136
     183       1.4832
     184       1.5563
     185       1.5417
     186       1.4390
     187       1.5769
     188       1.4770
     189       1.4732
     190       1.5951
     191       1.5822
     192       1.3723
     193       1.7117
     194       1.5178
     195       1.4984
     196       1.5508
     197       1.4681
     198       1.5269
     199       1.5595
     200       1.5037
     201       1.4371
     202       1.3761
     203       1.4347
     204       1.3563
     205       1.4043
     206       1.6097
     207       1.4533
     208       1.5335
     209       1.4654
     210       1.6016
     211       1.4187
     212       1.4651
     213       1.4576
     214       1.3655
     215       1.3944
     216       1.6037
     217       1.3505
     218       1.3627
     219       1.5388
     220       1.5065
     221       1.5329
     222       1.4273
     223       1.4125
     224       1.3841
     225       1.5084
     226       1.4816
     227       1.4895
     228       1.4876
     229       1.5259
     230       1.6197
     231       1.5452
     232       1.5354
     233       1.5551
     234       1.6672
     235       1.5836
     236       1.6105
     237       1.5349
     238       1.5123
     239       1.4827
     240       1.5139
     241       1.5737
     242       1.5925
     243       1.4994
     244       1.5603
     245       1.4248
     246       1.4354
     247       1.3678
     248       1.3882
     249       1.3117
     250       1.4610
     251       1.5712
     252       1.4960
     253       1.3371
     254       1.4322
     255       1.4562
     256       1.5212
     257       1.4928
     258       1.6085
     259       1.3514
     260       1.4839
     261       1.4005
     262       1.4711
     263       1.3201
     264       1.4154
     265       1.5773
     266       1.4873
     267       1.6125
     268       1.4635
     269       1.5602
     270       1.5329
     271       1.5722
     272       1.4954
     273       1.5047
     274       1.4574
     275       1.6439
     276       1.4478
     277       1.4898
     278       1.4203
     279       1.3788
     280       1.3865
     281       1.4134
     282       1.6290
     283       1.5193
     284       1.5303
     285       1.3348
     286       1.4081
     287       1.4812
     288       1.4019
     289       1.6287
     290       1.4978
     291       1.4529
     292       1.4065
     293       1.4464
     294       1.4701
     295       1.3616
     296       1.3748
     297       1.3835
     298       1.3063
     299       1.3326
     300       1.3799
     301       1.3326
     302       1.4369
     303       1.3543
     304       1.3905
     305       1.3286
     306       1.2814
     307       1.2439
     308       1.4334
     309       1.2889
     310       1.2509
     311       1.5182
     312       1.4243
     313       1.3538
     314       1.2618
     315       1.2502
     316       1.2226
     317       1.3857
     318       1.2813
     319       1.3579
     320       1.2582
     321       1.3352
     322       1.4030
     323       1.3862
     324       1.3093
     325       1.3774
     326       1.4072
     327       1.3762
     328       1.2924
     329       1.3775
     330       1.3610
     331       1.5011
     332       1.4549
     333       1.4639
     334       1.5415
     335       1.3977
     336       1.4108
     337       1.3777
     338       1.3642
     339       1.4573
     340       1.4491
     341       1.3947
     342       1.4658
     343       1.3533
     344       1.4503
     345       1.4182
     346       1.4709
     347       1.4189
     348       1.4421
     349       1.4743
     350       1.3976
     351       1.3845
     352       1.4630
     353       1.4680
     354       1.5470
     355       1.4130
     356       1.5392
     357       1.4750
     358       1.4891
     359       1.5338
     360       1.5419
     361       1.5894
     362       1.4119
     363       1.6050
     364       1.4651
     365       1.4566
     366       1.4939
     367       1.4458
     368       1.4552
     369       1.5158
     370       1.7262
     371       1.6517
     372       1.6158
     373       1.6153
     374       1.7182
     375       1.7147
     376       1.6069
     377       1.6216
     378       1.5442
     379       1.5752
     380       1.6463
     381       1.6438
     382       1.4774
     383       1.6164
     384       1.5120
     385       1.5943
     386       1.5379
     387       1.5171
     388       1.5054
     389       1.6872
     390       1.5831
     391       1.5766
     392       1.5482
     393       1.5328
     394       1.6332
     395       1.5432
     396       1.6019
     397       1.6715
     398       1.5174
     399       1.6025
     400       1.6101
     401       1.6069
     402       1.6568
     403       1.6999
     404       1.5450
     405       1.5767
     406       1.6553
     407       1.6465
     408       1.5217
     409       1.6170
     410       1.7204
     411       1.6372
     412       1.6763
     413       1.6495
     414       1.6016
     415       1.6386
     416       1.6277
     417       1.6417
     418       1.5585
     419       1.8015
     420       1.6602
     421       1.6450
     422       1.7022
     423       1.7146
     424       1.6465
     425       1.6165
     426       1.6429
     427       1.5856
     428       1.4884
     429       1.5715
     430       1.4851
     431       1.5027
     432       1.5527
     433       1.5244
     434       1.5740
     435       1.7022
     436       1.5899
     437       1.6562
     438       1.6541
     439       1.6965
     440       1.5487
     441       1.7271
     442       1.6634
     443       1.6296
     444       1.6361
     445       1.7354
     446       1.7301
     447       1.6800
     448       1.6344
     449       1.6377
     450       1.6439
     451       1.6362
     452       1.7580
     453       1.6180
     454       1.6267
     455       1.8250
     456       1.6694
     457       1.5030
     458       1.5184
     459       1.6202
     460       1.7420
     461       1.5425
     462       1.6275
     463       1.6347
     464       1.5195
     465       1.7211
     466       1.6095
     467       1.7053
     468       1.7156
     469       1.6830
     470       1.6518
     471       1.7115
     472       1.7706
     473       1.6278
     474       1.6539
     475       1.6199
     476       1.5164
     477       1.7023
     478       1.5649
     479       1.6325
     480       1.5573
     481       1.8085
     482       1.6029
     483       1.7101
     484       1.6454
     485       1.6194
     486       1.7488
     487       1.6280
     488       1.6899
     489       1.5495
     490       1.7371
     491       1.7185
     492       1.7526
     493       1.7979
     494       1.8988
     495       1.7084
     496       1.6902
     497       1.8591
     498       1.6961
     499       1.6922
     500       1.8475
     501       1.7675
     502       1.6586
     503       1.8033
     504       1.7413
     505       1.6796
     506       1.8388
     507       1.6022
     508       1.7649
     509       1.8486
     510       1.6750
     511       1.7249
     512       1.8224
     513       1.7748
     514       1.7819
     515       1.6873
     516       1.7078
     517       1.6184
     518       1.8391
     519       1.6723
     520       1.7738
     521       1.7804
     522       1.7184
     523       1.7598
     524       1.9140
     525       1.7690
     526       1.8114
     527       2.0070
     528       1.8708
     529       1.8424
     530       1.8659
     531       1.7264
     532       1.8958
     533       1.8510
     534       1.7358
     535       1.8973
     536       1.8326
     537       1.8539
     538       1.8117
     539       1.7645
     540       1.7282
     541       1.7891
     542       1.7503
     543       1.7438
     544       1.7678
     545       1.7910
     546       1.8284
     547       1.8125
     548       1.7068
     549       1.7438
     550       1.6246
     551       1.7825
     552       1.8396
     553       1.6971
     554       1.7955
     555       1.9306
     556       1.8028
     557       1.6810
     558       1.7451
     559       1.6907
     560       1.7924
     561       1.8976
     562       1.7964
     563       1.7429
     564       1.7487
     565       1.7586
     566       1.8774
     567       1.8694
     568       1.9477
     569       1.8489
     570       1.9018
     571       1.7567
     572       1.7802
     573       1.9130
     574       1.8352
     575       1.8390
     576       1.8399
     577       1.9357
     578       1.7715
     579       1.9116
     580       1.9812
     581       1.8040
     582       2.0436
     583       1.8427
     584       1.6911
     585       1.7911
     586       1.6851
     587       1.8618
     588       1.8223
     589       1.8054
     590       1.8391
     591       1.7322
     592       1.8100
     593       1.5880
     594       1.7473
     595       1.6340
     596       1.6026
     597       1.6678
     598       1.6079
     599       1.5967
     600       1.5802
     601       1.7067
     602       1.6244
     603       1.7880
     604       1.7946
     605       1.7725
     606       1.7315
     607       1.7893
     608       1.8163
     609       1.5859
     610       1.6316
     611       1.6799
     612       1.6846
     613       1.8510
     614       1.7685
     615       1.8135
     616       1.6792
     617       1.7299
     618       1.7516
     619       1.7327
     620       1.7350
     621       1.5949
     622       1.7189
     623       1.6138
     624       1.5526
     625       1.6418
     626       1.7578
     627       1.6466
     628       1.4302
     629       1.6177
     630       1.5376
     631       1.6225
     632       1.5880
     633       1.5355
     634       1.5198
     635       1.5435
     636       1.6463
     637       1.5675
     638       1.5488
     639       1.6058
     640       1.7044
     641       1.5302
     642       1.6325
     643       1.6867
     644       1.6204
     645       1.8084
     646       1.6862
     647       1.6829
     648       1.7194
     649       1.6273
     650       1.6413
     651       1.6550
     652       1.5732
     653       1.6585
     654       1.6015
     655       1.6230
     656       1.6559
     657       1.5842
     658       1.6741
     659       1.5730
     660       1.5769
     661       1.6894
     662       1.5472
     663       1.7842
     664       1.6727
     665       1.6285
     666       1.7980
     667       1.6704
     668       1.8247
     669       1.7304
     670       1.7080
     671       1.6429
     672       1.7121
     673       1.6485
     674       1.7543
     675       1.7117
     676       1.6721
     677       1.5760
     678       1.6383
     679       1.8517
     680       1.7396
     681       1.7004
     682       1.6490
     683       1.6486
     684       1.8916
     685       1.7552
     686       1.6693
     687       1.7100
     688       1.7473
     689       1.6848
     690       1.6518
     691       1.6872
     692       1.6767
     693       1.5409
     694       1.8007
     695       1.6244
     696       1.6618
     697       1.8796
     698       1.7512
     699       1.7869
     700       1.7596
     701       1.7451
     702       1.7309
     703       1.6501
     704       1.6649
     705       1.7467
     706       1.7474
     707       1.6203
     708       1.7113
     709       1.7487
     710       1.6760
     711       1.6331
     712       1.8441
     713       1.7134
     714       1.6407
     715       1.6424
     716       1.5753
     717       1.6726
     718       1.8520
     719       1.6827
     720       1.5974
     721       1.6338
     722       1.7416
     723       1.6591
     724       1.5832
     725       1.6768
     726       1.6416
     727       1.6620
     728       1.7686
     729       1.6948
     730       1.6445
     731       1.5005
     732       1.6730
     733       1.6312
     734       1.4945
     735       1.6072
     736       1.5890
     737       1.5748
     738       1.6728
     739       1.5747
     740       1.8203
     741       1.6937
     742       1.9065
     743       1.7490
     744       1.6425
     745       1.6313
     746       1.5827
     747       1.5507
     748       1.5871
     749       1.7182
     750       1.7543
     751       1.6790
     752       1.7151
     753       1.7351
     754       1.6525
     755       1.5750
     756       1.8518
     757       1.6456
     758       1.5832
     759       1.6995
     760       1.7709
     761       1.7636
     762       1.6223
     763       1.6674
     764       1.7930
     765       1.9121
     766       1.8157
     767       1.8126
     768       1.7229
     769       1.7222
     770       1.7820
     771       1.6327
     772       1.7655
     773       1.6812
     774       1.6762
     775       1.9168
     776       1.7856
     777       1.7158
     778       1.6759
     779       1.7081
     780       1.8275
     781       1.6710
     782       1.7778
     783       1.8527
     784       1.6695
     785       1.7850
     786       1.7190
     787       1.7390
     788       1.6818
     789       1.7012
     790       1.7630
     791       1.8347
     792       1.7761
     793       1.7522
     794       1.6374
     795       1.8984
     796       1.6600
     797       1.8034
     798       1.7571
     799       1.8335
     800       1.7945
     801       1.8354
     802       1.6709
     803       1.7604
     804       1.8048
     805       1.7259
     806       1.8735
     807       1.7949
     808       1.8655
     809       1.7465
     810       1.7819
     811       1.7704
     812       1.7322
     813       1.6353
     814       1.7426
     815       1.7803
     816       1.8172
     817       1.7699
     818       1.8272
     819       1.7905
     820       1.8000
     821       1.9518
     822       1.9184
     823       1.7567
     824       1.8704
     825       1.9315
     826       1.7411
     827       1.7713
     828       1.8134
     829       1.7196
     830       1.8161
     831       1.7223
     832       1.7552
     833       1.7484
     834       1.6698
     835       1.5935
     836       1.7024
     837       1.6334
     838       1.6847
     839       1.6488
     840       1.6475
     841       1.7706
     842       1.7395
     843       1.8630
     844       1.7215
     845       1.6789
     846       1.6547
     847       1.6827
     848       1.8459
     849       1.6359
     850       1.7166
     851       1.7140
     852       1.6474
     853       1.8802
     854       1.9643
     855       1.7749
     856       1.7953
     857       1.9469
     858       1.8376
     859       1.9246
     860       1.7673
     861       2.0557
     862       1.8542
     863       1.8848
     864       1.7331
     865       1.7274
     866       1.8189
     867       1.7938
     868       1.6806
     869       1.8396
     870       1.6334
     871       1.6225
     872       1.8865
     873       1.9652
     874       2.0885
     875       1.8607
     876       1.8133
     877       1.8541
     878       1.8885
     879       1.8354
     880       1.8252
     881       1.7097
     882       1.8084
     883       1.8041
     884       1.6944
     885       1.7471
     886       1.8348
     887       1.7016
     888       1.6832
     889       1.7907
     890       1.7688
     891       1.6629
     892       1.7726
     893       1.9221
     894       1.8924
     895       1.7909
     896       1.8653
     897       1.7127
     898       1.7631
     899       1.6739
     900       1.7100
     901       1.7597
     902       1.7403
     903       1.6058
     904       1.6966
     905       1.6457
     906       1.6325
     907       1.6381
     908       1.7482
     909       1.7244
     910       1.7277
     911       1.7224
     912       1.6254
     913       1.6446
     914       1.6813
     915       1.5909
     916       1.7724
     917       1.6199
     918       1.5889
     919       1.6897
     920       1.5501
     921       1.6982
     922       1.5927
     923       1.6195
     924       1.5147
     925       1.6160
     926       1.5596
     927       1.6614
     928       1.6135
     929       1.6336
     930       1.6358
     931       1.4959
     932       1.6822
     933       1.5135
     934       1.7205
     935       1.5845
     936       1.4486
     937       1.5056
     938       1.5435
     939       1.5042
     940       1.8794
     941       1.7804
     942       1.8010
     943       1.7060
     944       1.7466
     945       1.7092
     946       1.5869
     947       1.6217
     948       1.7625
     949       1.7314
     950       1.7452
     951       1.6774
     952       1.7165
     953       1.7401
     954       1.7446
     955       1.7186
     956       1.7601
     957       1.7337
     958       1.5331
     959       1.5941
     960       1.6921
     961       1.7147
     962       1.5320
     963       1.5315
     964       1.6099
     965       1.6812
     966       1.6448
     967       1.6003
     968       1.6371
     969       1.8763
     970       1.5839
     971       1.7081
     972       1.7577
     973       1.7768
     974       1.6773
     975       1.6734
     976       1.6978
     977       1.6497
     978       1.6498
     979       1.6722
     980       1.5357
     981       1.6210
     982       1.5263
     983       1.7359
     984       1.6979
     985       1.6434
     986       1.5824
     987       1.6288
     988       1.6573
     989       1.6245
     990       1.6067
     991       1.7790
     992       1.6783
     993       1.6754
     994       1.6307
     995       1.7304
     996       1.7563
     997       1.7244
     998       1.7314
     999       1.7042
    1000       1.7510
    1001       1.6419
    1002       1.7279
    1003       1.6282
    1004       1.5691
    1005       1.5093
    1006       1.7513
    1007       1.7298
    1008       1.6805
    1009       1.8535
    1010       1.8297
    1011       1.8442
    1012       1.6668
    1013       1.9292
    1014       1.7507
    1015       1.7542
    1016       1.6501
    1017       1.6163
    1018       1.6494
    1019       1.7732
    1020       1.6906
    1021       1.5435
    1022       1.6684
    1023       1.6487
    1024       1.7050
    1025       1.5801
    1026       1.6084
    1027       1.5402
    1028       1.6370
    1029       1.5116
    1030       1.5111
    1031       1.5871
    1032       1.7065
    1033       1.5998
    1034       1.6959
    1035       1.6033
    1036       1.4821
    1037       1.6155
    1038       1.7811
    1039       1.7404
    1040       1.6781
    1041       1.6491
    1042       1.6749
    1043       1.5560
    1044       1.6460
    1045       1.7870
    1046       1.7783
    1047       1.7611
    1048       1.6964
    1049       1.6915
    1050       1.6930
    1051       1.6557
    1052       1.7499
    1053       1.7002
    1054       1.7639
    1055       1.8751
    1056       1.8239
    1057       1.7565
    1058       1.7661
    1059       1.5790
    1060       1.8590
    1061       1.7757
    1062       1.7409
    1063       1.8029
    1064       1.7310
    1065       1.7534
    1066       1.7211
    1067       1.5834
    1068       1.6581
    1069       1.7414
    1070       1.7244
    1071       1.7442
    1072       1.7478
    1073       1.7377
    1074       1.6413
    1075       1.6908
    1076       1.7043
    1077       1.6442
    1078       1.6563
    1079       1.5652
    1080       1.6593
    1081       1.6978
    1082       1.6570
    1083       1.6464
    1084       1.6027
    1085       1.5575
    1086       1.7204
    1087       1.5190
    1088       1.6510
    1089       1.7669
    1090       1.6636
    1091       1.6279
    1092       1.6952
    1093       1.6868
    1094       1.6678
    1095       1.7380
    1096       1.6904
    1097       1.6184
    1098       1.7124
    1099       1.7941
    1100       1.7763
    1101       1.7038
    1102       1.8029
    1103       1.6686
    1104       1.6983
    1105       1.6178
    1106       1.6290
    1107       1.5865
    1108       1.6631
    1109       1.6420
    1110       1.7434
    1111       1.6464
    1112       1.6984
    1113       1.7577
    1114       1.7516
    1115       1.7064
    1116       1.7809
    1117       1.6457
    1118       1.6254
    1119       1.7025
    1120       1.6586
    1121       1.4906
    1122       1.6090
    1123       1.6467
    1124       1.6309
    1125       1.6371
    1126       1.5795
    1127       1.5590
    1128       1.6431
    1129       1.6004
    1130       1.5469
    1131       1.5205
    1132       1.6235
    1133       1.5278
    1134       1.6251
    1135       1.7046
    1136       1.7433
    1137       1.6909
    1138       1.6617
    1139       1.7770
    1140       1.4854
    1141       1.5678
    1142       1.5493
    1143       1.6731
    1144       1.5832
    1145       1.6600
    1146       1.6793
    1147       1.5844
    1148       1.6520
    1149       1.6240
    1150       1.6228
    1151       1.6218
    1152       1.6203
    1153       1.6860
    1154       1.6672
    1155       1.6257
    1156       1.6095
    1157       1.4585
    1158       1.6992
    1159       1.7390
    1160       1.7956
    1161       1.6515
    1162       1.5973
    1163       1.6562
    1164       1.6114
    1165       1.6111
    1166       1.8149
    1167       1.7489
    1168       1.6913
    1169       1.7600
    1170       1.9307
    1171       1.7622
    1172       1.7762
    1173       1.8405
    1174       1.8231
    1175       1.8566
    1176       1.8209
    1177       1.8160
    1178       1.6888
    1179       1.8543
    1180       1.8595
    1181       1.6440
    1182       1.6347
    1183       1.7067
    1184       1.6426
    1185       1.7192
    1186       1.6833
    1187       1.7726
    1188       1.6993
    1189       1.6978
    1190       1.8823
    1191       1.7254
    1192       1.8282
    1193       1.8835
    1194       1.7806
    1195       1.8171
    1196       1.7884
    1197       1.8758
    1198       1.7222
    1199       1.6801
    1200       1.7473
    1201       1.7267
    1202       1.6978
    1203       1.7698
    1204       1.6675
    1205       1.8560
    1206       1.8711
    1207       1.7348
    1208       1.8030
    1209       1.8306
    1210       1.6729
    1211       1.7958
    1212       1.7689
    1213       1.7432
    1214       1.8583
    1215       1.7519
    1216       1.7820
    1217       1.8147
    1218       1.7877
    1219       1.7501
    1220       1.8137
    1221       1.8425
    1222       1.8509
    1223       1.7006
    1224       1.7948
    1225       1.7793
    1226       1.8584
    1227       1.8565
    1228       1.9288
    1229       1.8562
    1230       1.9176
    1231       1.6203
    1232       1.6693
    1233       1.6799
    1234       1.7630
    1235       1.7734
    1236       1.7155
    1237       1.8962
    1238       1.8676
    1239       1.8470
    1240       1.7914
    1241       1.6951
    1242       1.5877
    1243       1.8057
    1244       1.6586
    1245       1.7069
    1246       1.6131
    1247       1.8601
    1248       1.8934
    1249       1.7482
    1250       1.7113
    1251       1.7496
    1252       1.8764
    1253       1.8179
    1254       1.7905
    1255       1.6492
    1256       1.8726
    1257       1.8791
    1258       1.7017
    1259       1.9377
    1260       1.8885
    1261       1.8284
    1262       1.6888
    1263       1.6848
    1264       1.7370
    1265       1.6592
    1266       1.7175
    1267       1.7167
    1268       1.8333
    1269       1.6432
    1270       1.8452
    1271       1.8940
    1272       1.8242
    1273       1.7809
    1274       1.6844
    1275       1.6597
    1276       1.7675
    1277       1.7898
    1278       1.7903
    1279       1.8284
    1280       1.7834
    1281       1.9170
    1282       1.9042
    1283       1.9275
    1284       1.8655
    1285       1.8367
    1286       1.7076
    1287       1.7845
    1288       1.9158
    1289       1.6828
    1290       1.7572
    1291       1.7465
    1292       1.7316
    1293       1.7892
    1294       1.7578
    1295       1.8962
    1296       1.8323
    1297       2.0496
    1298       1.8555
    1299       1.8512
    1300       1.7631
    1301       1.7499
    1302       1.7177
    1303       1.7116
    1304       1.8123
    1305       1.8282
    1306       1.8765
    1307       1.8328
    1308       1.8525
    1309       1.8381
    1310       1.6763
    1311       1.7052
    1312       1.6775
    1313       1.8756
    1314       1.7305
    1315       1.9032
    1316       1.8150
    1317       1.8595
    1318       1.9069
    1319       1.7605
    1320       1.8230
    1321       1.6854
    1322       1.7464
    1323       1.7648
    1324       1.8237
    1325       2.0700
    1326       2.0341
    1327       1.9225
    1328       1.7399
    1329       1.9622
    1330       2.0085
    1331       1.9957
    1332       1.7544
    1333       1.8483
    1334       1.7757
    1335       1.8264
    1336       1.8632
    1337       1.8091
    1338       1.9345
    1339       2.0018
    1340       1.8980
    1341       1.9788
    1342       1.9915
    1343       2.0662
    1344       1.8729
    1345       2.0617
    1346       1.9000
    1347       1.9674
    1348       1.8086
    1349       1.8855
    1350       2.0100
    1351       1.9308
    1352       1.9815
    1353       1.9449
    1354       1.9256
    1355       1.8806
    1356       1.8976
    1357       1.8511
    1358       1.8312
    1359       1.8011
    1360       1.8980
    1361       1.9182
    1362       1.7786
    1363       1.9638
    1364       1.9403
    1365       1.7652
    1366       1.8647
    1367       1.8361
    1368       1.9753
    1369       1.9587
    1370       2.0490
    1371       2.0117
    1372       1.9501
    1373       2.0650
    1374       1.9205
    1375       2.0009
    1376       2.0282
    1377       2.0288
    1378       2.0990
    1379       2.0636
    1380       2.0217
    1381       2.0376
    1382       2.0212
    1383       1.9215
    1384       1.9127
    1385       2.1002
    1386       1.9374
    1387       1.9984
    1388       1.9935
    1389       1.9383
    1390       2.0914
    1391       1.8955
    1392       1.9889
    1393       2.0114
    1394       1.9441
    1395       1.9032
    1396       2.0862
    1397       1.9521
    1398       1.8154
    1399       1.8383
    1400       1.7647
    1401       1.7945
    1402       1.9920
    1403       1.7973
    1404       1.8962
    1405       1.9836
    1406       1.8846
    1407       1.8586
    1408       1.8582
    1409       1.8203
    1410       1.9994
    1411       1.8977
    1412       1.9176
    1413       1.9741
    1414       2.0016
    1415       2.0271
    1416       1.9996
    1417       2.0379
    1418       1.9779
    1419       1.7899
    1420       1.7821
    1421       1.9503
    1422       1.7884
    1423       1.8205
    1424       1.9071
    1425       1.8528
    1426       1.9621
    1427       1.9889
    1428       1.8554
    1429       1.7450
    1430       1.8548
    1431       1.8984
    1432       1.8760
    1433       1.7695
    1434       1.8685
    1435       1.9156
    1436       1.8224
    1437       1.8526
    1438       1.8892
    1439       1.8677
    1440       1.8560
    1441       1.7895
    1442       1.6926
    1443       1.6906
    1444       1.8532
    1445       1.9052
    1446       1.7300
    1447       1.7353
    1448       1.6696
    1449       1.7687
    1450       1.8952
    1451       1.8078
    1452       1.9707
    1453       1.8025
    1454       1.8535
    1455       1.6933
    1456       1.7593
    1457       1.7969
    1458       1.7663
    1459       1.6170
    1460       1.7742
    1461       1.5887
    1462       1.9007
    1463       1.7897
    1464       1.8465
    1465       1.7823
    1466       1.8172
    1467       1.8606
    1468       1.8714
    1469       1.8911
    1470       1.7801
    1471       1.8417
    1472       1.8488
    1473       1.8838
    1474       1.7841
    1475       1.8960
    1476       1.8179
    1477       1.7075
    1478       1.8259
    1479       1.6792
    1480       1.7806
    1481       1.8098
    1482       1.5916
    1483       1.7210
    1484       1.6754
    1485       1.7864
    1486       1.7270
    1487       1.7947
    1488       1.8757
    1489       1.8153
    1490       1.9654
    1491       1.8856
    1492       1.7181
    1493       1.7511
    1494       1.9750
    1495       1.6763
    1496       1.7360
    1497       1.7030
    1498       1.8229
    1499       1.8791
    1500       1.6884
    1501       1.8470
    1502       1.8191
    1503       1.7711
    1504       1.7103
    1505       1.8144
    1506       1.7037
    1507       1.9308
    1508       1.8081
    1509       1.7807
    1510       1.8372
    1511       1.7809
    1512       1.8528
    1513       1.7790
    1514       1.7374
    1515       1.8150
    1516       1.8925
    1517       1.7431
    1518       1.6509
    1519       1.6762
    1520       1.7550
    1521       1.7387
    1522       1.8571
    1523       1.7937
    1524       1.9720
    1525       1.9381
    1526       1.7102
    1527       1.8135
    1528       1.8122
    1529       1.7349
    1530       1.6745
    1531       1.7244
    1532       1.6362
    1533       1.7594
    1534       1.7958
    1535       1.8722
    1536       1.7409
    1537       1.7982
    1538       1.7889
    1539       1.7210
    1540       1.8082
    1541       1.7287
    1542       1.7309
    1543       1.7638
    1544       1.8464
    1545       1.8558
    1546       1.8135
    1547       1.8208
    1548       1.8511
    1549       1.6668
    1550       1.8656
    1551       1.7382
    1552       1.7550
    1553       1.7811
    1554       1.9771
    1555       1.7911
    1556       1.7300
    1557       1.7338
    1558       1.6951
    1559       1.8814
    1560       1.8655
    1561       1.7018
    1562       1.7649
    1563       1.8731
    1564       1.8067
    1565       1.6592
    1566       1.7673
    1567       1.6994
    1568       1.6287
    1569       1.8188
    1570       1.6288
    1571       1.6189
    1572       1.6555
    1573       1.6694
    1574       1.7795
    1575       1.7074
    1576       1.8851
    1577       1.7801
    1578       1.6582
    1579       1.8157
    1580       1.9172
    1581       1.7861
    1582       1.7999
    1583       1.8378
    1584       1.6402
    1585       1.6943
    1586       1.7435
    1587       1.8490
    1588       1.7333
    1589       1.8964
    1590       1.8970
    1591       1.7276
    1592       1.9787
    1593       1.8834
    1594       1.8071
    1595       1.8419
    1596       1.8526
    1597       1.9741
    1598       1.7720
    1599       1.8352
    1600       1.8497
    1601       1.8919
    1602       1.8445
    1603       1.9422
    1604       1.8224
    1605       1.7309
    1606       1.7006
    1607       1.6103
    1608       1.7899
    1609       1.7413
    1610       1.7295
    1611       1.9161
    1612       1.7956
    1613       1.7099
    1614       1.8417
    1615       1.8686
    1616       1.7044
    1617       1.7903
    1618       1.7822
    1619       1.7964
    1620       1.6468
    1621       1.6376
    1622       1.6953
    1623       1.6706
    1624       1.8306
    1625       1.7266
    1626       1.8357
    1627       1.8469
    1628       2.0559
    1629       1.8282
    1630       1.8494
    1631       1.9393
    1632       1.9733
    1633       1.9810
    1634       1.7711
    1635       1.7567
    1636       1.7608
    1637       1.8104
    1638       1.7864
    1639       1.9178
    1640       1.8275
    1641       1.8932
    1642       1.9196
    1643       1.8469
    1644       1.8931
    1645       1.7674
    1646       1.9595
    1647       1.9024
    1648       1.8951
    1649       1.9021
    1650       1.8703
    1651       1.8973
    1652       1.8396
    1653       1.8303
    1654       1.9532
    1655       1.9143
    1656       1.9799
    1657       1.9102
    1658       1.8791
    1659       1.8577
    1660       1.9536
    1661       1.9628
    1662       1.9950
    1663       1.9545
    1664       1.9241
    1665       1.9214
    1666       1.9653
    1667       2.0481
    1668       2.0216
    1669       2.1090
    1670       1.9130
    1671       1.8560
    1672       1.8808
    1673       2.1228
    1674       2.0214
    1675       2.0337
    1676       1.9572
    1677       1.9363
    1678       1.9590
    1679       1.8987
    1680       1.8926
    1681       1.9246
    1682       1.6559
    1683       1.7783
    1684       1.7939
    1685       1.8903
    1686       1.7799
    1687       1.9379
    1688       1.8776
    1689       1.8563
    1690       1.9313
    1691       1.8988
    1692       1.7817
    1693       1.8493
    1694       1.8859
    1695       1.9273
    1696       1.9154
    1697       2.0114
    1698       1.9678
    1699       1.9643
    1700       1.8890
    1701       1.8951
    1702       1.9401
    1703       1.8828
    1704       1.9929
    1705       2.0447
    1706       2.1788
    1707       2.0585
    1708       2.1251
    1709       2.1031
    1710       1.9721
    1711       2.1077
    1712       2.0210
    1713       2.0280
    1714       2.0993
    1715       2.0786
    1716       2.1272
    1717       1.9225
    1718       2.1143
    1719       1.9971
    1720       2.1011
    1721       2.0423
    1722       2.2467
    1723       2.0535
    1724       2.0841
    1725       2.0388
    1726       2.0807
    1727       1.9868
    1728       1.9472
    1729       2.0813
    1730       2.0515
    1731       1.9806
    1732       2.0791
    1733       1.9186
    1734       1.9544
    1735       2.1302
    1736       1.9607
    1737       2.0648
    1738       2.0047
    1739       1.9720
    1740       1.9532
    1741       1.8143
    1742       1.9045
    1743       2.0536
    1744       2.0262
    1745       1.9937
    1746       2.1381
    1747       2.0650
    1748       2.1066
    1749       2.0050
    1750       2.0070
    1751       2.1439
    1752       2.0395
    1753       1.8177
    1754       1.8970
    1755       2.0535
    1756       1.9572
    1757       1.9390
    1758       1.9442
    1759       2.0559
    1760       2.0136
    1761       2.0143
    1762       1.9949
    1763       2.0236
    1764       1.9807
    1765       2.0144
    1766       1.9168
    1767       1.9068
    1768       1.9806
    1769       1.9493
    1770       1.9771
    1771       1.9516
    1772       2.0329
    1773       1.9690
    1774       1.9807
    1775       2.0124
    1776       2.0874
    1777       1.8941
    1778       1.7951
    1779       1.9187
    1780       1.9429
    1781       1.8812
    1782       2.0744
    1783       1.9271
    1784       1.9788
    1785       1.9241
    1786       1.9532
    1787       1.8977
    1788       1.9857
    1789       2.0295
    1790       2.1214
    1791       1.9362
    1792       1.9949
    1793       1.8279
    1794       1.9801
    1795       1.9042
    1796       1.9077
    1797       1.9856
    1798       1.9607
    1799       2.0690
    1800       1.9970
    1801       1.8648
    1802       1.8058
    1803       1.9843
    1804       2.0273
    1805       2.0043
    1806       1.9900
    1807       2.0724
    1808       2.0747
    1809       2.1192
    1810       2.0195
    1811       2.0086
    1812       2.0077
    1813       2.0106
    1814       2.0220
    1815       1.8970
    1816       1.8547
    1817       2.0647
    1818       2.0945
    1819       1.8733
    1820       2.2069
    1821       1.9379
    1822       1.9407
    1823       2.0131
    1824       2.1091
    1825       2.0507
    1826       1.9379
    1827       1.9814
    1828       1.8190
    1829       1.9427
    1830       2.0895
    1831       2.0329
    1832       1.8590
    1833       1.9891
    1834       1.9514
    1835       1.9675
    1836       1.8341
    1837       1.9785
    1838       1.9530
    1839       1.9653
    1840       2.0573
    1841       1.9966
    1842       1.9671
    1843       1.9448
    1844       1.9651
    1845       2.0391
    1846       2.1164
    1847       2.1260
    1848       2.0056
    1849       2.0521
    1850       1.6469
    1851       2.0341
    1852       1.8058
    1853       2.0127
    1854       1.9424
    1855       1.8849
    1856       1.9564
    1857       2.0195
    1858       2.0180
    1859       2.0298
    1860       2.0336
    1861       2.0709
    1862       2.1183
    1863       2.0743
    1864       1.8863
    1865       2.1439
    1866       1.9390
    1867       1.9628
    1868       1.9749
    1869       2.0358
    1870       2.0133
    1871       2.1056
    1872       2.0569
    1873       2.0755
    1874       2.2107
    1875       2.0812
    1876       1.9820
    1877       1.9357
    1878       1.9343
    1879       1.9515
    1880       2.1901
    1881       2.0419
    1882       1.9848
    1883       2.0049
    1884       2.1538
    1885       2.1290
    1886       2.1615
    1887       2.1087
    1888       2.0828
    1889       2.0774
    1890       2.2481
    1891       2.0302
    1892       2.0029
    1893       2.0646
    1894       1.9786
    1895       1.9716
    1896       2.1056
    1897       1.9797
    1898       1.8880
    1899       1.9925
    1900       1.8802
    1901       1.9021
    1902       1.8710
    1903       2.0159
    1904       1.9633
    1905       2.0629
    1906       2.1104
    1907       2.1652
    1908       2.0181
    1909       1.9593
    1910       1.9716
    1911       1.9304
    1912       1.9630
    1913       1.9445
    1914       1.9292
    1915       2.0874
    1916       2.0999
    1917       2.0664
    1918       2.0012
    1919       2.0975
    1920       2.1703
    1921       2.0462
    1922       2.0330
    1923       1.9729
    1924       2.0880
    1925       2.2057
    1926       2.0409
    1927       1.9931
    1928       2.0601
    1929       2.0492
    1930       1.9906
    1931       1.9941
    1932       1.9753
    1933       1.9928
    1934       2.1724
    1935       2.0040
    1936       1.9645
    1937       2.0010
    1938       2.0640
    1939       1.9402
    1940       1.9554
    1941       1.9656
    1942       1.9528
    1943       1.8611
    1944       1.8708
    1945       1.8695
    1946       2.0797
    1947       1.9135
    1948       1.9276
    1949       2.0282
    1950       2.0487
    1951       2.0546
    1952       1.9714
    1953       2.1920
    1954       1.9819
    1955       2.0103
    1956       1.9687
    1957       2.0354
    1958       1.9115
    1959       1.8831
    1960       2.0576
    1961       1.9049
    1962       1.9713
    1963       1.8535
    1964       1.9834
    1965       1.9521
    1966       1.8935
    1967       2.0151
    1968       1.8683
    1969       1.9852
    1970       1.9884
    1971       2.1314
    1972       2.0352
    1973       1.9920
    1974       2.0442
    1975       2.1141
    1976       1.9784
    1977       1.9545
    1978       2.0763
    1979       2.0028
    1980       2.0888
    1981       2.0306
    1982       1.9907
    1983       1.9953
    1984       2.0664
    1985       2.0400
    1986       2.0329
    1987       1.9345
    1988       2.0251
    1989       1.9855
    1990       1.8766
    1991       1.8847
    1992       2.0226
    1993       1.9461
    1994       1.9856
    1995       2.0310
    1996       2.0078
    1997       1.9039
    1998       2.0215
    1999       1.8741
    2000       1.8757
    2001       1.9251
    2002       2.0281
    2003       1.9413
    2004       1.9825
    2005       1.8570
    2006       2.0588
    2007       2.1015
    2008       1.9916
    2009       1.9913
    2010       1.9301
    2011       2.0005
    2012       2.0994
    2013       1.8666
    2014       1.9519
    2015       1.8651
    2016       1.8567
    2017       1.8500
    2018       1.8813
    2019       1.9189
    2020       1.9346
    2021       2.0113
    2022       1.9196
    2023       1.9691
    2024       2.0815
    2025       2.0602
    2026       2.1289
    2027       2.0473
    2028       1.9603
    2029       2.0943
    2030       1.9340
    2031       2.1331
    2032       2.0735
    2033       2.0456
    2034       2.0627
    2035       2.2406
    2036       2.1586
    2037       2.0247
    2038       2.0816
    2039       1.9218
    2040       2.0210
    2041       2.0798
    2042       2.1061
    2043       2.0020
    2044       2.0687
    2045       1.9450
    2046       2.0854
    2047       2.1321
    2048       2.0687
    2049       2.0969
    2050       2.1577
    2051       2.0919
    2052       2.1743
    2053       2.1534
    2054       2.1383
    2055       2.0960
    2056       2.1609
    2057       2.1244
    2058       2.2559
    2059       2.2979
    2060       2.2685
    2061       2.1888
    2062       2.2203
    2063       2.2678
    2064       2.2031
    2065       2.0676
    2066       2.1094
    2067       2.0847
    2068       2.0933
    2069       2.0436
    2070       1.8935
    2071       1.9107
    2072       2.0165
    2073       2.0877
    2074       2.0013
    2075       1.8889
    2076       2.0358
    2077       1.8102
    2078       2.0681
    2079       2.1097
    2080       2.0457
    2081       2.0183
    2082       1.9344
    2083       2.0644
    2084       2.1837
    2085       2.2749
    2086       2.0856
    2087       2.0228
    2088       2.1264
    2089       2.1019
    2090       1.9285
    2091       2.0145
    2092       2.0258
    2093       2.1342
    2094       2.0838
    2095       2.1377
    2096       2.1632
    2097       2.1867
    2098       2.1391
    2099       2.0614
    2100       2.0107
    2101       2.2600
    2102       2.1338
    2103       2.2105
    2104       2.0227
    2105       2.3243
    2106       2.1879
    2107       2.0929
    2108       2.2411
    2109       2.2777
    2110       2.1531
    2111       1.9204
    2112       2.1153
    2113       2.0906
    2114       2.2647
    2115       2.0037
    2116       2.2317
    2117       2.3001
    2118       2.3226
    2119       2.2709
    2120       2.3234
    2121       2.3300
    2122       2.2778
    2123       2.0513
    2124       2.1812
    2125       2.2369
    2126       2.2355
    2127       2.2666
    2128       2.2325
    2129       2.3791
    2130       2.2085
    2131       2.4814
    2132       2.1418
    2133       2.0654
    2134       2.1418
    2135       2.3514
    2136       2.2005
    2137       2.2037
    2138       2.3203
    2139       2.2173
    2140       2.0932
    2141       2.2180
    2142       2.3239
    2143       2.2878
    2144       2.2536
    2145       2.3142
    2146       2.2970
    2147       2.3302
    2148       2.4517
    2149       2.3786
    2150       2.3845
    2151       2.2906
    2152       2.2916
    2153       2.2905
    2154       2.1988
    2155       2.3421
    2156       2.3693
    2157       2.3391
    2158       2.3222
    2159       2.3634
    2160       2.1771
    2161       2.1525
    2162       2.2339
    2163       2.3226
    2164       2.3022
    2165       2.2806
    2166       2.2235
    2167       2.3762
    2168       2.2991
    2169       2.3288
    2170       2.2508
    2171       2.1784
    2172       2.1680
    2173       1.8217
    2174       2.3537
    2175       2.2112
    2176       2.2287
    2177       2.3872
    2178       2.2814
    2179       2.2230
    2180       2.1513
    2181       2.0615
    2182       2.1139
    2183       2.2879
    2184       2.1579
    2185       2.2113
    2186       2.1609
    2187       2.1526
    2188       2.2843
    2189       2.3118
    2190       2.1819
    2191       2.0483
    2192       2.2671
    2193       2.2074
    2194       2.0769
    2195       2.0008
    2196       2.1504
    2197       2.2728
    2198       2.1317
    2199       2.1694
    2200       2.0347
    2201       2.1552
    2202       2.0580
    2203       2.1220
    2204       2.1768
    2205       2.3291
    2206       2.3345
    2207       2.2285
    2208       2.0353
    2209       2.0907
    2210       2.0392
    2211       1.9609
    2212       2.0443
    2213       2.0254
    2214       2.1928
    2215       2.1463
    2216       2.2005
    2217       2.2320
    2218       2.2428
    2219       2.1587
    2220       2.0836
    2221       2.1765
    2222       2.0356
    2223       2.2909
    2224       2.0936
    2225       2.0416
    2226       2.1306
    2227       2.1305
    2228       2.2824
    2229       2.1179
    2230       2.1434
    2231       2.1205
    2232       2.3156
    2233       2.1745
    2234       2.1462
    2235       2.1738
    2236       2.1424
    2237       2.0225
    2238       2.2709
    2239       1.9649
    2240       2.0805
    2241       2.1667
    2242       2.0887
    2243       2.1354
    2244       2.1983
    2245       2.2476
    2246       2.0275
    2247       2.1698
    2248       1.9605
    2249       2.1105
    2250       2.0565
    2251       2.1080
    2252       1.9921
    2253       2.0706
    2254       2.0055
    2255       2.0153
    2256       1.9538
    2257       2.1269
    2258       1.9865
    2259       2.0944
    2260       2.1184
    2261       2.0074
    2262       2.0935
    2263       2.3420
    2264       2.1189
    2265       2.1628
    2266       2.0461
    2267       2.1090
    2268       2.1985
    2269       2.0732
    2270       1.9808
    2271       2.0713
    2272       2.1071
    2273       2.1360
    2274       2.0533
    2275       2.1078
    2276       2.0598
    2277       2.2576
    2278       2.0554
    2279       2.0471
    2280       2.0149
    2281       2.0018
    2282       1.9040
    2283       2.1451
    2284       1.8850
    2285       2.1095
    2286       2.1612
    2287       2.1957
    2288       2.2000
    2289       2.1737
    2290       2.0573
    2291       2.1054
    2292       2.1171
    2293       2.2431
    2294       2.0825
    2295       2.1241
    2296       2.1013
    2297       2.1455
    2298       2.1192
    2299       2.1413
    2300       2.1424
    2301       2.0325
    2302       2.2092
    2303       2.0927
    2304       2.0096
    2305       2.0453
    2306       2.0200
    2307       2.0800
    2308       2.1998
    2309       2.1584
    2310       2.1811
    2311       2.1882
    2312       2.2722
    2313       2.0661
    2314       2.1651
    2315       2.1192
    2316       2.2452
    2317       2.1807
    2318       2.2528
    2319       2.3527
    2320       2.1650
    2321       2.2718
    2322       2.2926
    2323       2.2817
    2324       2.3130
    2325       2.3054
    2326       2.2096
    2327       2.3782
    2328       2.1631
    2329       2.2224
    2330       2.3197
    2331       2.2458
    2332       2.0768
    2333       2.2034
    2334       2.2226
    2335       2.2920
    2336       2.1661
    2337       2.1686
    2338       2.3909
    2339       2.3366
    2340       2.3511
    2341       2.4646
    2342       2.3432
    2343       2.4146
    2344       2.1944
    2345       2.2513
    2346       2.2582
    2347       2.1977
    2348       2.1649
    2349       2.2192
    2350       2.2354
    2351       2.1500
    2352       2.0498
    2353       2.1517
    2354       2.0265
    2355       2.0639
    2356       2.1990
    2357       2.1551
    2358       2.2922
    2359       2.1114
    2360       2.5459
    2361       2.5860
    2362       2.3704
    2363       2.3693
    2364       2.5199
    2365       2.2197
    2366       2.2830
    2367       2.3715
    2368       2.3435
    2369       2.3838
    2370       2.3332
    2371       2.3365
    2372       2.2603
    2373       2.4454
    2374       2.2973
    2375       2.4404
    2376       2.2257
    2377       2.2451
    2378       2.1908
    2379       2.1101
    2380       2.3040
    2381       2.3850
    2382       2.1778
    2383       2.1774
    2384       2.1833
    2385       2.2024
    2386       2.2228
    2387       2.2369
    2388       2.1586
    2389       2.4584
    2390       2.4118
    2391       2.3208
    2392       2.3604
    2393       2.3742
    2394       2.2520
    2395       2.4941
    2396       2.2421
    2397       2.3108
    2398       2.2424
    2399       2.1934
    2400       2.1208
    2401       2.1112
    2402       2.3019
    2403       2.1007
    2404       1.9920
    2405       1.9616
    2406       2.1777
    2407       2.0485
    2408       2.1023
    2409       2.2426
    2410       2.1234
    2411       2.0993
    2412       2.2604
    2413       2.2218
    2414       2.1804
    2415       1.9897
    2416       2.1979
    2417       2.0369
    2418       2.2628
    2419       2.2835
    2420       2.1358
    2421       2.1798
    2422       2.2269
    2423       2.2701
    2424       2.3253
    2425       2.3051
    2426       2.3592
    2427       2.4616
    2428       2.3238
    2429       2.2742
    2430       2.3536
    2431       2.4697
    2432       2.3558
    2433       2.3093
    2434       2.2174
    2435       2.4676
    2436       2.4058
    2437       2.4857
    2438       2.3446
    2439       2.3406
    2440       2.3857
    2441       2.3710
    2442       2.5307
    2443       2.3958
    2444       2.3470
    2445       2.2378
    2446       2.1687
    2447       2.0967
    2448       2.3755
    2449       2.3522
    2450       2.4629
    2451       2.4127
    2452       2.1978
    2453       2.1067
    2454       2.1118
    2455       2.2204
    2456       2.1363
    2457       2.1006
    2458       2.1293
    2459       2.0461
    2460       2.1494
    2461       2.0699
    2462       2.0829
    2463       2.0693
    2464       1.9702
    2465       2.2367
    2466       1.9674
    2467       2.0690
    2468       2.0574
    2469       2.1291
    2470       2.1652
    2471       2.3728
    2472       2.3082
    2473       2.5395
    2474       2.3993
    2475       2.4128
    2476       2.2713
    2477       2.2838
    2478       2.1216
    2479       2.0752
    2480       2.2657
    2481       2.3382
    2482       2.0944
    2483       2.2495
    2484       2.1525
    2485       2.2325
    2486       2.4441
    2487       2.4903
    2488       2.4137
    2489       2.2367
    2490       2.3063
    2491       2.1908
    2492       2.2104
    2493       2.2397
    2494       2.3561
    2495       2.2028
    2496       2.4178
    2497       2.3799
    2498       2.4451
    2499       2.3821
    2500       2.2342
    2501       2.3042
    2502       2.4305
    2503       2.3761
    2504       2.4502
    2505       2.4744
    2506       2.2172
    2507       2.4724
    2508       2.4948
    2509       2.6761
    2510       2.6065
    2511       2.4760
    2512       2.4176
    2513       2.3995
    2514       2.3040
    2515       2.2748
    2516       2.2745
    2517       2.2136
    2518       2.5217
    2519       2.3674
    2520       2.2854
    2521       2.1120
    2522       2.2156
    2523       2.1475
    2524       2.0554
    2525       2.1359
    2526       2.1252
    2527       2.1330
    2528       2.0564
    2529       2.0419
    2530       2.1674
    2531       2.0631
    2532       1.9856
    2533       2.1684
    2534       2.3459
    2535       2.1262
    2536       2.0833
    2537       2.2110
    2538       1.9460
    2539       2.0087
    2540       2.1289
    2541       2.1584
    2542       2.2191
    2543       2.2149
    2544       2.2598
    2545       2.1965
    2546       2.3195
    2547       2.2925
    2548       2.0645
    2549       2.1542
    2550       2.2855
    2551       2.1197
    2552       2.2416
    2553       2.3199
    2554       2.5307
    2555       2.3617
    2556       2.2779
    2557       2.3729
    2558       2.3606
    2559       2.2496
    2560       2.2655
    2561       2.3996
    2562       2.3993
    2563       2.4718
    2564       2.3118
    2565       2.4423
    2566       2.7222
    2567       2.2801
    2568       2.3495
    2569       2.4794
    2570       2.4818
    2571       2.3433
    2572       2.5463
    2573       2.5772
    2574       2.5939
    2575       2.4090
    2576       2.2894
    2577       2.3364
    2578       2.4607
    2579       2.3936
    2580       2.4922
    2581       2.4381
    2582       2.5079
    2583       2.3686
    2584       2.3342
    2585       2.3844
    2586       2.3629
    2587       2.3950
    2588       2.5268
    2589       2.4237
    2590       2.3960
    2591       2.4190
    2592       2.4597
    2593       2.4572
    2594       2.2619
    2595       2.5256
    2596       2.3113
    2597       2.3560
    2598       2.4879
    2599       2.3086
    2600       2.5139
    2601       2.3455
    2602       2.3285
    2603       2.4009
    2604       2.4655
    2605       2.3777
    2606       2.3666
    2607       2.3950
    2608       2.3476
    2609       2.3721
    2610       2.5630
    2611       2.3554
    2612       2.4571
    2613       2.4038
    2614       2.2510
    2615       2.3941
    2616       2.2237
    2617       2.1902
    2618       2.2663
    2619       2.2882
    2620       2.1829
    2621       2.0573
    2622       2.3108
    2623       2.2932
    2624       2.1393
    2625       2.4020
    2626       2.3316
    2627       2.3358
    2628       2.2737
    2629       2.3847
    2630       2.5081
    2631       2.2977
    2632       2.4057
    2633       2.4335
    2634       2.5726
    2635       2.3125
    2636       2.4750
    2637       2.3771
    2638       2.3867
    2639       2.3950
    2640       2.2629
    2641       2.4739
    2642       2.4824
    2643       2.3885
    2644       2.3778
    2645       2.2577
    2646       2.4192
    2647       2.2338
    2648       2.1824
    2649       2.3637
    2650       2.3147
    2651       2.3716
    2652       2.3170
    2653       2.3184
    2654       2.3007
    2655       2.2781
    2656       2.1999
    2657       2.3492
    2658       2.4282
    2659       2.5203
    2660       2.5883
    2661       2.2293
    2662       2.2497
    2663       2.2453
    2664       2.4067
    2665       2.3436
    2666       2.2831
    2667       2.2323
    2668       2.2240
    2669       2.2322
    2670       2.1843
    2671       2.3519
    2672       2.4088
    2673       2.2923
    2674       2.2438
    2675       2.3191
    2676       2.3915
    2677       2.4775
    2678       2.2890
    2679       2.3634
    2680       2.3647
    2681       2.3637
    2682       2.6033
    2683       2.4740
    2684       2.4319
    2685       2.3155
    2686       2.4654
    2687       2.5105
    2688       2.3312
    2689       2.3499
    2690       2.4000
    2691       2.1699
    2692       2.2054
    2693       2.1922
    2694       2.4318
    2695       2.3324
    2696       2.3566
    2697       2.1947
    2698       2.2850
    2699       2.2855
    2700       2.3278
    2701       2.4789
    2702       2.3221
    2703       2.3993
    2704       2.4879
    2705       2.4098
    2706       2.6192
    2707       2.6884
    2708       2.3394
    2709       2.5399
    2710       2.6470
    2711       2.3701
    2712       2.4095
    2713       2.5391
    2714       2.4745
    2715       2.2947
    2716       2.4215
    2717       2.5318
    2718       2.5550
    2719       2.4935
    2720       2.5776
    2721       2.4411
    2722       2.4942
    2723       2.5784
    2724       2.4592
    2725       2.4330
    2726       2.4592
    2727       2.5574
    2728       2.5364
    2729       2.4142
    2730       2.1531
    2731       2.3511
    2732       2.2295
    2733       2.4320
    2734       2.3638
    2735       2.2437
    2736       2.5784
    2737       2.4856
    2738       2.3257
    2739       2.3995
    2740       2.4321
    2741       2.4073
    2742       2.3840
    2743       2.5106
    2744       2.2999
    2745       2.3589
    2746       2.3920
    2747       2.3424
    2748       2.3333
    2749       2.3854
    2750       2.1960
    2751       2.2970
    2752       2.5123
    2753       2.3349
    2754       2.2152
    2755       2.3102
    2756       2.1022
    2757       2.2418
    2758       2.4254
    2759       2.4036
    2760       2.5000
    2761       2.1292
    2762       2.4782
    2763       2.5687
    2764       2.5638
    2765       2.4669
    2766       2.6549
    2767       2.6414
    2768       2.4092
    2769       2.6562
    2770       2.4748
    2771       2.4073
    2772       2.4857
    2773       2.6579
    2774       2.6473
    2775       2.4544
    2776       2.6568
    2777       2.6211
    2778       2.5972
    2779       2.5651
    2780       2.3596
    2781       2.4174
    2782       2.4870
    2783       2.2809
    2784       2.3172
    2785       2.2768
    2786       2.3419
    2787       2.4464
    2788       2.3964
    2789       2.4868
    2790       2.5215
    2791       2.6259
    2792       2.4525
    2793       2.3873
    2794       2.2986
    2795       2.7650
    2796       2.3304
    2797       2.4974
    2798       2.3119
    2799       2.7508
    2800       2.4589
    2801       2.3935
    2802       2.3252
    2803       2.2972
    2804       2.3005
    2805       2.3269
    2806       2.3201
    2807       2.2966
    2808       2.3882
    2809       2.4382
    2810       2.3469
    2811       2.1305
    2812       2.1360
    2813       2.0905
    2814       2.1275
    2815       1.8787
    2816       2.0130
    2817       1.8726
    2818       1.9018
    2819       1.9943
    2820       2.1688
    2821       2.1949
    2822       2.0193
    2823       2.2121
    2824       2.2508
    2825       2.1422
    2826       2.0779
    2827       2.1992
    2828       2.2098
    2829       2.1966
    2830       2.3135
    2831       2.3205
    2832       2.1378
    2833       2.1041
    2834       2.2091
    2835       2.1735
    2836       2.0639
    2837       2.1206
    2838       2.1189
    2839       2.0936
    2840       2.1061
    2841       2.0492
    2842       2.1043
    2843       2.0913
    2844       2.0754
    2845       2.1066
    2846       1.8946
    2847       1.8636
    2848       2.0639
    2849       2.0770
    2850       1.9977
    2851       2.1225
    2852       1.9617
    2853       1.9507
    2854       1.9851
    2855       1.9848
    2856       1.8618
    2857       1.9641
    2858       1.9700
    2859       2.0715
    2860       2.0761
    2861       1.9626
    2862       1.8802
    2863       1.9793
    2864       2.0302
    2865       2.0829
    2866       1.9019
    2867       1.9782
    2868       2.0162
    2869       1.9999
    2870       1.9325
    2871       1.9734
    2872       2.1051
    2873       2.0019
    2874       1.8713
    2875       2.0700
    2876       1.9756
    2877       1.9166
    2878       1.9972
    2879       2.1160
    2880       1.9063
    2881       1.9988
    2882       2.0843
    2883       1.9270
    2884       1.9040
    2885       1.9910
    2886       1.8928
    2887       1.9312
    2888       1.8850
    2889       1.9260
    2890       2.0821
    2891       2.0328
    2892       2.1326
    2893       1.9572
    2894       2.0588
    2895       2.0325
    2896       1.9721
    2897       2.1079
    2898       2.2178
    2899       2.1480
    2900       2.1225
    2901       2.0959
    2902       2.1497
    2903       2.1028
    2904       2.0505
    2905       2.2153
    2906       2.2862
    2907       2.1775
    2908       2.1797
    2909       2.2879
    2910       2.3754
    2911       2.3862
    2912       2.1922
    2913       2.3835
    2914       2.3311
    2915       2.1340
    2916       2.2155
    2917       2.2947
    2918       2.1750
    2919       2.1576
    2920       2.2536
    2921       2.3311
    2922       2.1539
    2923       2.3060
    2924       2.4237
    2925       2.5030
    2926       2.6088
    2927       2.3513
    2928       2.3488
    2929       2.2631
    2930       2.4037
    2931       2.4934
    2932       2.2106
    2933       2.3197
    2934       2.4399
    2935       2.2067
    2936       2.2091
    2937       2.1792
    2938       2.3414
    2939       2.2458
    2940       2.2217
    2941       2.0564
    2942       2.1985
    2943       2.0233
    2944       2.0224
    2945       2.1749
    2946       2.1410
    2947       2.2081
    2948       2.1436
    2949       2.3079
    2950       2.3079
    2951       2.1666
    2952       2.2603
    2953       2.2667
    2954       2.3258
    2955       2.1620
    2956       2.2535
    2957       2.1169
    2958       2.1708
    2959       2.3347
    2960       2.1548
    2961       2.0874
    2962       2.1235
    2963       2.0934
    2964       2.1972
    2965       2.2435
    2966       2.3069
    2967       2.3358
    2968       2.3269
    2969       2.3948
    2970       2.3329
    2971       2.3536
    2972       2.1183
    2973       2.2543
    2974       2.0377
    2975       2.0481
    2976       2.1880
    2977       2.2658
    2978       2.0307
    2979       2.2642
    2980       2.1587
    2981       2.2891
    2982       2.1168
    2983       2.1560
    2984       2.2372
    2985       2.2923
    2986       2.4325
    2987       2.3343
    2988       2.2691
    2989       2.3888
    2990       2.2161
    2991       2.2100
    2992       2.3905
    2993       2.2537
    2994       2.3265
    2995       2.2535
    2996       2.1208
    2997       2.1058
    2998       2.1106
    2999       2.2807
    3000       2.2171
    3001       2.6152
