0.266116
0.544232
0.841968
1.102256
1.381098
1.668635
1.966052
2.221125
2.520088
2.833042
3.168179
3.505649
3.837617
4.153605
4.448909
4.754744
5.052202
5.364967
5.693387
6.036957
6.346790
6.699140
7.050796
7.412794
7.734618
8.028655
8.359606
8.703337
9.022890
9.368491
9.687163
10.014709
10.390932
10.721539
11.081116
11.458169
11.841804
12.222164
12.610961
12.947964
13.281998
13.666204
14.046207
14.407185
14.803113
15.181384
15.531239
15.889476
16.226834
16.604206
16.943301
17.303780
17.640625
18.047279
18.415230
18.808792
19.149007
19.522073
19.895790
20.264572
20.657150
21.007845
21.312244
21.699727
22.092907
22.482776
22.857499
23.263298
23.602443
23.942762
24.293667
24.647487
24.990798
25.338678
25.727025
26.113938
26.514863
26.910928
27.304897
27.678934
28.086950
28.519145
28.909605
29.287502
29.646925
30.066409
30.485801
30.873614
31.253719
31.621402
32.011227
32.412208
32.814869
33.187676
33.587204
33.957097
34.313886
34.712099
35.144125
35.549290
35.959172
36.351875
36.766477
37.126830
37.538894
37.909779
38.325428
38.686158
39.108697
39.538214
39.952594
40.353408
40.712709
41.085091
41.455348
41.794858
42.171671
42.547207
42.992802
43.404302
43.842940
44.229383
44.647968
45.028672
45.491820
45.841994
46.242493
46.604087
46.980257
47.427458
47.830745
48.276676
48.678527
49.079289
49.504490
49.894337
50.296504
50.679254
51.096646
51.448006
51.828770
52.258294
52.676238
53.083314
53.502137
53.897763
54.315386
54.720619
55.148386
55.587077
56.025219
56.424613
56.853963
57.261846
57.701922
58.084299
58.528916
58.973965
59.446844
59.907407
60.355977
60.766445
61.138182
61.531357
61.900795
62.320400
62.732662
63.122356
63.531238
63.953108
64.351670
64.772114
65.174375
65.581073
65.985538
66.443904
66.950795
67.368813
67.826345
68.287253
68.718025
69.125069
69.516802
69.914841
70.326464
70.721340
71.131524
71.591757
72.046020
72.473385
72.872635
73.239296
73.649983
74.061819
74.447625
74.834934
75.250934
75.627106
76.041872
76.454079
76.865124
77.258417
77.660722
78.061731
78.485064
78.905384
79.283371
79.708520
80.112569
80.525392
80.906507
81.294372
81.651692
81.994256
82.343231
82.629582
82.955303
83.272834
83.626730
83.939813
84.233616
84.542643
84.862276
85.250154
85.604025
85.940894
86.281101
86.665038
87.080789
87.447046
87.772652
88.104446
88.483387
88.875327
89.278817
89.685374
90.046651
90.411037
90.794153
91.212192
91.594344
91.969575
92.365990
92.764808
93.077804
93.447399
93.835604
94.216719
94.600504
94.964698
95.379643
95.772983
96.160342
96.577188
96.896025
97.235887
97.560436
97.960422
98.330961
98.683886
99.066479
99.478459
99.895536
100.364328
100.733439
101.151071
101.537904
101.937578
102.329991
102.726534
103.109335
103.516689
103.910842
104.311295
104.670726
105.009804
105.390830
105.749710
106.088172
106.439483
106.767237
107.100156
107.457919
107.818384
108.169662
108.550951
108.951361
109.399992
109.789507
110.257551
110.644957
111.069053
111.478030
111.859421
112.203288
112.602511
113.017470
113.451007
113.863779
114.247423
114.614458
114.995543
115.367709
115.772219
116.062918
116.400352
116.822056
117.133949
117.482424
117.811137
118.255934
118.623253
119.035706
119.412945
119.847319
120.236984
120.579213
120.972935
121.368546
121.745533
122.116357
122.522367
122.934703
123.273158
123.652923
124.060982
124.490185
124.851597
125.225231
125.532065
125.941690
126.255684
126.631221
127.041860
127.423591
127.850425
128.232338
128.621828
128.963121
129.297855
129.649567
129.968902
130.320980
130.721271
131.061719
131.374925
131.768513
132.137214
132.521581
132.867292
133.236451
133.622646
133.970244
134.346807
134.718107
135.066275
135.416827
135.761999
136.050838
136.358649
136.730857
137.093605
137.482145
137.826657
138.167409
138.497298
138.873522
139.207799
139.517886
139.843017
140.200283
140.552625
140.927642
141.330165
141.694146
142.065037
142.458216
142.847942
143.242443
143.568971
143.858048
144.180116
144.542880
144.868014
145.198635
145.605170
145.992877
146.308669
146.604114
147.010402
147.397433
147.802372
148.115368
148.423605
148.745187
149.043204
149.343369
149.656451
150.008974
150.350883
150.712375
151.082287
151.451326
151.769013
152.136025
152.519108
152.852359
153.187032
153.492380
153.790965
154.088111
154.446491
154.835058
155.156743
155.487207
155.822864
156.167372
156.507604
156.865383
157.165518
157.474819
157.783537
158.143937
158.527224
158.898708
159.310170
159.650215
160.038156
160.367844
160.739804
161.096399
161.475273
161.850122
162.315370
162.722561
163.065222
163.410592
163.832405
164.237904
164.632272
165.033051
165.427742
165.888795
166.229126
166.614611
167.034799
167.457678
167.853674
168.238384
168.579235
168.983949
169.294473
169.723893
170.078914
170.464076
170.908320
171.308606
171.664500
172.022671
172.431401
172.855061
173.219485
173.588486
173.957097
174.339903
174.705807
175.122969
175.580894
176.039400
176.421488
176.825780
177.280185
177.694518
178.098201
178.515646
178.956112
179.387443
179.833694
180.235716
180.610574
181.019874
181.393118
181.802367
182.222587
182.627005
183.016560
183.407245
183.852727
184.300466
184.734285
185.192960
185.651167
186.080440
186.543153
187.067077
187.541117
188.004728
188.552703
189.027021
189.564987
189.992431
190.415548
190.862436
191.347933
191.841905
192.353121
192.812544
193.354646
193.932106
194.389809
194.859092
195.367149
195.968012
196.527091
197.091093
197.647608
198.185255
198.737887
199.280716
199.764421
200.252824
200.779597
201.305304
201.951803
202.572987
203.124473
203.609827
204.072057
204.552544
205.006955
205.514789
205.993221
206.479725
206.930796
207.369622
207.858347
208.366415
208.853113
209.274900
209.763514
210.170152
210.592256
211.018676
211.469107
211.909849
212.387227
212.772638
213.256469
213.693605
214.117407
214.560490
215.043916
215.479773
215.961566
216.403396
216.833056
217.284404
217.757833
218.187695
218.586244
219.015701
219.407116
219.839856
220.271313
220.743294
221.213767
221.764892
222.232452
222.699056
223.128105
223.635694
224.043491
224.498326
224.974002
225.397144
225.844534
226.333864
226.834202
227.350148
227.806042
228.323234
228.754837
229.181167
229.643182
230.170788
230.716230
231.205076
231.665301
232.159568
232.674722
233.171003
233.660486
234.173759
234.720874
235.229710
235.740968
236.165141
236.610930
237.084212
237.566179
238.052312
