0.232715
0.501740
0.751121
1.009090
1.253619
1.470157
1.686881
1.909568
2.130013
2.345231
2.564559
2.783067
3.025530
3.288880
3.562397
3.806398
4.093536
4.417347
4.705050
4.967834
5.256606
5.505795
5.764454
6.022664
6.308821
6.560909
6.847945
7.125989
7.417904
7.670255
7.929838
8.177311
8.492729
8.843119
9.134694
9.402518
9.685386
9.985370
10.273274
10.706222
11.053472
11.389529
11.703809
12.030314
12.307382
12.629731
12.908010
13.168600
13.444824
13.695017
13.980296
14.241207
14.504704
14.801918
15.068054
15.327405
15.617730
15.916650
16.207906
16.513694
16.846201
17.121868
17.422237
17.728944
18.002125
18.372892
18.750959
19.020606
19.342161
19.611812
19.993276
20.369392
20.683220
21.077456
21.442137
21.845612
22.160054
22.483221
22.805776
23.193809
23.553707
23.870987
24.174767
24.514773
24.863711
25.191430
25.590452
26.018238
26.395433
26.797395
27.195302
27.592474
28.023741
28.409036
28.739371
29.111704
29.467706
29.793504
30.076394
30.369824
30.682101
31.033956
31.376036
31.761658
32.092623
32.406164
32.753357
33.125617
33.609569
34.045630
34.488573
34.895175
35.294894
35.731141
36.182315
36.638127
37.037819
37.471544
37.909868
38.303421
38.715360
39.173098
39.604133
40.039663
40.502703
40.952569
41.382221
41.806417
42.205515
42.625585
43.082447
43.537804
43.969521
44.408858
44.773434
45.170818
45.551909
45.938915
46.410681
46.847684
47.337905
47.756354
48.216079
48.659188
49.070357
49.530641
49.966733
50.432877
50.857428
51.305164
51.738193
52.173977
52.645853
53.124838
53.557751
53.991454
54.400485
54.839221
55.303641
55.721796
56.130191
56.534134
56.964650
57.406689
57.806329
58.204771
58.591515
58.994213
59.413870
59.867886
60.333519
60.793215
61.233397
61.703582
62.097794
62.540634
62.945045
63.368863
63.755828
64.182823
64.620113
65.105414
65.551106
65.987739
66.421206
66.839887
67.269048
67.708180
68.149095
68.632793
69.097100
69.507498
69.893036
70.312077
70.713850
71.125512
71.566875
71.988670
72.411666
72.858015
73.342945
73.817653
74.266997
74.716466
75.152525
75.561802
76.105058
76.577636
77.000069
77.408040
77.848610
78.305601
78.749573
79.204107
79.652257
80.100250
80.596422
81.031432
81.470182
81.960542
82.405170
82.837096
83.249025
83.690209
84.095925
84.526736
84.963881
85.375694
85.814385
86.255418
86.693559
87.174898
87.583334
88.017303
88.440870
88.838863
89.281610
89.728742
90.189752
90.646512
91.090881
91.547694
91.997453
92.477849
92.930393
93.368330
93.779899
94.207059
94.647732
95.074617
95.500607
95.907272
96.374268
96.792272
97.265321
97.688931
98.092290
98.500387
98.875031
99.308835
99.737922
100.182901
100.626477
101.019426
101.463256
101.873202
102.292458
102.700197
103.143710
103.579851
103.994570
104.436871
104.825199
105.258073
105.675200
106.070619
106.464520
106.843702
107.241169
107.619058
108.022161
108.488593
108.898781
109.305982
109.726629
110.252558
110.695826
111.145870
111.578427
112.014185
112.406367
112.779881
113.197594
113.619871
113.996048
114.408031
114.826082
115.244746
115.688311
116.089262
116.493810
116.916413
117.357745
117.760919
118.165808
118.601467
119.008126
119.438183
119.837133
120.256802
120.710752
121.117134
121.497804
121.917340
122.341987
122.776869
123.178996
123.553830
123.943553
124.375960
124.789494
125.262143
125.703350
126.117218
126.527802
126.913539
127.333256
127.740642
128.148167
128.572068
129.014836
129.447982
129.860879
130.260623
130.698994
131.102531
131.471131
131.876980
132.311090
132.707332
133.094750
133.530042
133.962043
134.423593
134.891694
135.344809
135.755323
136.149655
136.537135
136.976039
137.371982
137.780446
138.219642
138.604180
139.014061
139.440613
139.864245
140.318551
140.733417
141.112037
141.502588
141.887724
142.286778
142.674934
143.099773
143.500148
143.937067
144.319738
144.754244
145.197779
145.597309
145.977095
146.364545
146.766010
147.144040
147.558599
148.002553
148.383875
148.758611
149.181820
149.583069
150.019778
150.453299
150.927651
151.381781
151.808327
152.194745
152.617936
152.996534
153.304471
153.584701
153.899831
154.295250
154.736537
155.130183
155.580769
155.984321
156.430646
156.875623
157.304522
157.724933
158.147070
158.565555
158.978371
159.406423
159.840169
160.292679
160.731185
161.149948
161.576000
162.032435
162.502748
162.973787
163.444278
163.863493
164.274044
164.729297
165.176499
165.631827
166.090032
166.440677
166.783084
167.112353
167.395560
167.714761
168.070339
168.378973
168.728743
169.067284
169.435647
169.787652
170.184443
170.572587
170.958118
171.365627
171.825739
172.291272
172.751936
173.107073
173.504517
173.881423
174.235219
174.583683
174.959799
175.346259
175.783665
176.223375
176.622906
177.047670
177.534244
177.968902
178.434913
178.899300
179.320806
179.744550
180.169854
180.577797
180.957872
181.371026
181.820305
182.253111
182.589293
182.910241
183.227854
183.561704
183.875434
184.183274
184.488501
184.805233
185.128907
185.537418
185.833505
186.147266
186.461912
186.796149
187.136811
187.444146
187.761461
188.102575
188.387717
188.677486
189.046387
189.387393
189.696853
190.057445
190.464579
190.782862
191.241519
191.687268
192.165378
192.603661
193.050268
193.544162
193.929426
194.402454
194.799912
195.223612
195.640988
196.050563
196.456785
196.910323
197.350777
197.761874
198.172730
198.588237
198.992969
199.413509
199.807267
200.209931
200.642553
201.072452
201.503723
201.911103
202.333704
202.761560
203.235884
203.664062
204.125764
204.563653
204.994420
205.435604
205.872052
206.302345
206.693129
207.114010
207.525686
207.959097
208.357949
208.770698
209.190067
209.584450
209.996226
210.415729
210.837687
211.242566
211.645716
212.066787
212.458068
212.939032
213.368469
213.792284
214.216830
214.640850
215.112226
215.558198
215.965920
216.425161
216.866789
217.251020
217.648713
218.059922
218.467243
218.881819
219.310227
219.726281
220.110846
220.505605
220.904390
221.300242
221.685167
222.060283
222.497576
222.932568
223.369058
223.781079
224.167125
224.594353
224.995272
225.393899
225.818778
226.217033
226.642932
227.061769
227.458320
227.878369
228.269100
228.708403
229.129436
229.521439
229.935137
230.369019
230.791836
231.217561
231.655827
232.071594
232.486490
232.887341
233.292131
233.683817
234.130316
234.578409
235.027324
235.517497
236.097173
236.535952
236.997541
237.460324
237.979923
238.415757
238.892517
239.343661
