#Frame         myrmsd
       1       0.0000
       2       1.1686
       3       1.2886
       4       1.3139
       5       1.2297
       6       1.2827
       7       1.2670
       8       1.1769
       9       1.2738
      10       1.2915
      11       1.3713
      12       1.3067
      13       1.3839
      14       1.3117
      15       1.3903
      16       1.3989
      17       1.3834
      18       1.3947
      19       1.4940
      20       1.6665
      21       1.5873
      22       1.6358
      23       1.5897
      24       1.6103
      25       1.6935
      26       1.6204
      27       1.5837
      28       1.4994
      29       1.5802
      30       1.5683
      31       1.7026
      32       1.7428
      33       1.7515
      34       1.5149
      35       1.7523
      36       1.5497
      37       1.5123
      38       1.5345
      39       1.3448
      40       1.6004
      41       1.5255
      42       1.3554
      43       1.5444
      44       1.5216
      45       1.3525
      46       1.5720
      47       1.5556
      48       1.3768
      49       1.3860
      50       1.3978
      51       1.3960
      52       1.3186
      53       1.5007
      54       1.5461
      55       1.5410
      56       1.5611
      57       1.6051
      58       1.4967
      59       1.4703
      60       1.5985
      61       1.6004
      62       1.6074
      63       1.6808
      64       1.6263
      65       1.6219
      66       1.6782
      67       1.7338
      68       1.7452
      69       1.7202
      70       1.8430
      71       1.6105
      72       1.7928
      73       1.5957
      74       1.6619
      75       1.6807
      76       1.7342
      77       1.9498
      78       1.7441
      79       1.6467
      80       1.7511
      81       1.7491
      82       1.7543
      83       1.6777
      84       1.7439
      85       1.7587
      86       1.8225
      87       1.7585
      88       1.7648
      89       1.8203
      90       1.7394
      91       1.8928
      92       1.6761
      93       1.8669
      94       1.7573
      95       1.7522
      96       1.4819
      97       1.6891
      98       1.8059
      99       1.7539
     100       1.8893
     101       1.9089
     102       1.6953
     103       1.8265
     104       1.6175
     105       1.7767
     106       1.6435
     107       1.7188
     108       1.9313
     109       1.8064
     110       1.8211
     111       1.9641
     112       1.9662
     113       2.0635
     114       1.8532
     115       1.8824
     116       1.9531
     117       1.8537
     118       1.7115
     119       1.8233
     120       1.8247
     121       1.6427
     122       1.8030
     123       1.8106
     124       1.7925
     125       1.8540
     126       1.8081
     127       1.7886
     128       1.8027
     129       1.8319
     130       1.7730
     131       1.9153
     132       2.0729
     133       1.8783
     134       1.8083
     135       1.8593
     136       1.9358
     137       1.9062
     138       1.8734
     139       1.8384
     140       1.8130
     141       1.7486
     142       1.8613
     143       1.7950
     144       1.7581
     145       1.7895
     146       1.9567
     147       1.9267
     148       1.9679
     149       1.8141
     150       1.9848
     151       1.8692
     152       1.8323
     153       1.9524
     154       2.0014
     155       2.0452
     156       1.7480
     157       1.7464
     158       1.8057
     159       1.8050
     160       1.8518
     161       1.8052
     162       1.8977
     163       1.8548
     164       1.8628
     165       1.7759
     166       1.8290
     167       1.7751
     168       2.0129
     169       1.8267
     170       1.9262
     171       1.7490
     172       1.8938
     173       1.9278
     174       1.8061
     175       1.7060
     176       1.7846
     177       1.8086
     178       1.9690
     179       1.8513
     180       1.7701
     181       1.8963
     182       1.7150
     183       1.7458
     184       1.7685
     185       1.7270
     186       1.7901
     187       1.7590
     188       1.7543
     189       1.8825
     190       1.7845
     191       1.8254
     192       1.9685
     193       1.7340
     194       1.7775
     195       1.9157
     196       1.6845
     197       1.7177
     198       1.8730
     199       1.6315
     200       1.6886
     201       1.6698
     202       1.7836
     203       1.6099
     204       1.8583
     205       1.7285
     206       1.6971
     207       1.7894
     208       1.6733
     209       1.5812
     210       1.6519
     211       1.8240
     212       1.6825
     213       1.8572
     214       1.8714
     215       1.6366
     216       1.6038
     217       1.6850
     218       1.8953
     219       1.7452
     220       1.6783
     221       1.8336
     222       1.9683
     223       1.8877
     224       1.6876
     225       1.7570
     226       1.7395
     227       1.7525
     228       1.8908
     229       1.8713
     230       1.9440
     231       1.7752
     232       1.7360
     233       1.8640
     234       1.8197
     235       1.8697
     236       1.7649
     237       1.7078
     238       1.7817
     239       1.8798
     240       1.9798
     241       1.8269
     242       1.7070
     243       1.9632
     244       1.8028
     245       1.8004
     246       1.7366
     247       1.9901
     248       2.1343
     249       1.7868
     250       1.9807
     251       2.1069
     252       2.0757
     253       1.9958
     254       2.0537
     255       2.0837
     256       1.8865
     257       2.0236
     258       1.9386
     259       1.9524
     260       2.0135
     261       2.1357
     262       2.0831
     263       2.1623
     264       1.8892
     265       2.0690
     266       1.9264
     267       1.9658
     268       1.8110
     269       2.0404
     270       2.0419
     271       1.8966
     272       1.9469
     273       2.0370
     274       1.9989
     275       2.0460
     276       1.8281
     277       1.7920
     278       1.9047
     279       1.7608
     280       1.7142
     281       1.8020
     282       1.8989
     283       1.7746
     284       1.6355
     285       1.6033
     286       1.6623
     287       1.6200
     288       1.6660
     289       1.8391
     290       1.7500
     291       1.8659
     292       1.9079
     293       1.6735
     294       1.6904
     295       1.6714
     296       1.6925
     297       1.7381
     298       1.5732
     299       1.6555
     300       1.6855
     301       1.5822
     302       1.8376
     303       1.7582
     304       1.6425
     305       1.6860
     306       1.6300
     307       1.6335
     308       1.6312
     309       1.5548
     310       1.6186
     311       1.7092
     312       1.5460
     313       1.7135
     314       1.7500
     315       1.7379
     316       1.6921
     317       1.8187
     318       1.7961
     319       1.5561
     320       1.5948
     321       1.7337
     322       1.6424
     323       1.6431
     324       1.7126
     325       1.8142
     326       1.7344
     327       1.6933
     328       1.7956
     329       1.7260
     330       1.7801
     331       1.6873
     332       1.7056
     333       1.7058
     334       1.8255
     335       1.9979
     336       1.9448
     337       1.8794
     338       1.9194
     339       1.8487
     340       2.0643
     341       1.8208
     342       1.8759
     343       1.9146
     344       1.8525
     345       1.8753
     346       2.0614
     347       1.9033
     348       1.8954
     349       2.0310
     350       1.7712
     351       1.8587
     352       1.9203
     353       1.8144
     354       2.0512
     355       1.9668
     356       1.9036
     357       1.8074
     358       1.8274
     359       1.9369
     360       1.8590
     361       1.9598
     362       1.7974
     363       1.8068
     364       1.6697
     365       1.7448
     366       1.8247
     367       1.7663
     368       1.8433
     369       1.9204
     370       1.7828
     371       1.7267
     372       1.6470
     373       1.8317
     374       1.7923
     375       1.7269
     376       1.6522
     377       1.6766
     378       1.7588
     379       1.6619
     380       1.6924
     381       1.7735
     382       1.6662
     383       1.8757
     384       1.7904
     385       1.6981
     386       1.8489
     387       1.7696
     388       1.6868
     389       1.7921
     390       1.8519
     391       1.9281
     392       2.0493
     393       2.1206
     394       1.9541
     395       1.7158
     396       2.0115
     397       1.7891
     398       1.8127
     399       1.7216
     400       1.8235
     401       1.8220
     402       2.0116
     403       2.0934
     404       1.8927
     405       1.8823
     406       1.7746
     407       1.8299
     408       1.8938
     409       1.8106
     410       1.8896
     411       1.8106
     412       1.8198
     413       1.8039
     414       1.8528
     415       1.9574
     416       1.7552
     417       1.7715
     418       1.9059
     419       1.8444
     420       2.1030
     421       2.1256
     422       1.9720
     423       2.2167
     424       2.0702
     425       2.0676
     426       2.0697
     427       2.2954
     428       2.0738
     429       2.1016
     430       2.0459
     431       2.0670
     432       1.8477
     433       2.0953
     434       2.2113
     435       2.0967
     436       2.2030
     437       2.0388
     438       1.9041
     439       1.9121
     440       1.9142
     441       1.9309
     442       1.7661
     443       1.9081
     444       1.8069
     445       1.8531
     446       1.8922
     447       2.0145
     448       1.9482
     449       1.7600
     450       1.7705
     451       1.7977
     452       1.8995
     453       1.8077
     454       1.8838
     455       1.9223
     456       1.8985
     457       1.8421
     458       1.7321
     459       1.8535
     460       1.6313
     461       1.7441
     462       1.7918
     463       1.8738
     464       1.7356
     465       1.8762
     466       1.8689
     467       1.5870
     468       1.6129
     469       1.6462
     470       1.7640
     471       1.7243
     472       1.6918
     473       1.6588
     474       1.5884
     475       1.5449
     476       1.5649
     477       1.7104
     478       1.6596
     479       1.6958
     480       1.6550
     481       1.7378
     482       1.5552
     483       1.6367
     484       1.7729
     485       1.6039
     486       1.7762
     487       1.6868
     488       1.8027
     489       1.6994
     490       1.7458
     491       1.8327
     492       1.6469
     493       1.6805
     494       1.6556
     495       1.5601
     496       1.6557
     497       1.7200
     498       1.6488
     499       1.8976
     500       1.8298
     501       1.7167
     502       1.6655
     503       1.7432
     504       1.6640
     505       1.6813
     506       1.7635
     507       1.5877
     508       1.7404
     509       1.6869
     510       1.6791
     511       1.7306
     512       1.7075
     513       1.8025
     514       1.7254
     515       1.7661
     516       1.6193
     517       1.7221
     518       1.6758
     519       1.6634
     520       1.6941
     521       1.8600
     522       1.7098
     523       1.6135
     524       1.7370
     525       1.5399
     526       1.6715
     527       1.7553
     528       1.6635
     529       1.5551
     530       1.6065
     531       1.5890
     532       1.5555
     533       1.5763
     534       1.6029
     535       1.6508
     536       1.4833
     537       1.5691
     538       1.6677
     539       1.6702
     540       1.8006
     541       1.6626
     542       1.6671
     543       1.7760
     544       1.6151
     545       1.5564
     546       1.5722
     547       1.6393
     548       1.7986
     549       1.7751
     550       1.7672
     551       1.6445
     552       1.6186
     553       1.5797
     554       1.7509
     555       1.6968
     556       1.6488
     557       1.6753
     558       1.7389
     559       1.6143
     560       1.6854
     561       1.6254
     562       1.8042
     563       1.7346
     564       2.0265
     565       1.7178
     566       1.8200
     567       1.9357
     568       1.6438
     569       1.8254
     570       1.6214
     571       1.7256
     572       1.6586
     573       1.5813
     574       1.7313
     575       1.7408
     576       1.8379
     577       1.7464
     578       1.7064
     579       1.7456
     580       1.8996
     581       1.9532
     582       1.8656
     583       1.9857
     584       1.9352
     585       1.9058
     586       1.9322
     587       1.9842
     588       1.9371
     589       1.9359
     590       1.9621
     591       2.0488
     592       1.9852
     593       1.8914
     594       1.9938
     595       1.6733
     596       1.6152
     597       1.8549
     598       1.7151
     599       1.9197
     600       1.9027
     601       1.9529
     602       2.0214
     603       1.8569
     604       1.9507
     605       1.7441
     606       1.9199
     607       1.8575
     608       1.9164
     609       1.9528
     610       1.9008
     611       2.0192
     612       1.9076
     613       1.8387
     614       1.8792
     615       1.7431
     616       1.8949
     617       1.8524
     618       1.8895
     619       1.7253
     620       1.7581
     621       1.8503
     622       1.9282
     623       1.9438
     624       1.9251
     625       1.9746
     626       1.8172
     627       1.7776
     628       1.7129
     629       1.8683
     630       2.0353
     631       1.8454
     632       1.8208
     633       1.9058
     634       1.7976
     635       2.0064
     636       1.7425
     637       1.8665
     638       2.0463
     639       1.8783
     640       1.8770
     641       1.8210
     642       1.7172
     643       1.8025
     644       1.8567
     645       1.6916
     646       1.6046
     647       1.6594
     648       1.7327
     649       1.9136
     650       1.6265
     651       1.8416
     652       1.6598
     653       1.7181
     654       1.7192
     655       1.8628
     656       1.6568
     657       1.8277
     658       1.5023
     659       1.6822
     660       1.8508
     661       1.7019
     662       1.8406
     663       1.5869
     664       1.7509
     665       1.7737
     666       1.7161
     667       1.6475
     668       1.6273
     669       1.7750
     670       1.6975
     671       1.6894
     672       1.7769
     673       1.8281
     674       1.8986
     675       1.8171
     676       1.7585
     677       1.6764
     678       1.7843
     679       1.7970
     680       1.6886
     681       1.6726
     682       1.7127
     683       1.6994
     684       1.5183
     685       1.6490
     686       1.6606
     687       1.5734
     688       1.8016
     689       1.6984
     690       1.7578
     691       1.5912
     692       1.7836
     693       1.8328
     694       1.8698
     695       1.8764
     696       1.8033
     697       1.6822
     698       1.7440
     699       1.6478
     700       1.7508
     701       1.7461
     702       1.7283
     703       1.6806
     704       1.6112
     705       1.6364
     706       1.6817
     707       1.6690
     708       1.6567
     709       1.6623
     710       1.6028
     711       1.6313
     712       1.4403
     713       1.6044
     714       1.5656
     715       1.6175
     716       1.7292
     717       1.7851
     718       1.6547
     719       1.6712
     720       1.6682
     721       1.6515
     722       1.7994
     723       1.8694
     724       1.7387
     725       1.8259
     726       1.6489
     727       1.6924
     728       1.7739
     729       1.7532
     730       1.7967
     731       1.8496
     732       1.6282
     733       1.6804
     734       1.6709
     735       1.6719
     736       1.7031
     737       1.5477
     738       1.6737
     739       1.6739
     740       1.6967
     741       1.6149
     742       1.7137
     743       1.6721
     744       1.6915
     745       1.5939
     746       1.5575
     747       1.6782
     748       1.5855
     749       1.5468
     750       1.5763
     751       1.6729
     752       1.5091
     753       1.6762
     754       1.6018
     755       1.7293
     756       1.8824
     757       1.9004
     758       1.7422
     759       1.8279
     760       1.8171
     761       1.7026
     762       1.9274
     763       1.9777
     764       1.8208
     765       2.0511
     766       1.8632
     767       1.7850
     768       1.8113
     769       1.6780
     770       1.9129
     771       1.8398
     772       1.6822
     773       1.7013
     774       1.7608
     775       1.7614
     776       1.8056
     777       1.7223
     778       1.7331
     779       1.7402
     780       1.7323
     781       1.9099
     782       1.8471
     783       1.8143
     784       1.7233
     785       1.8243
     786       1.9907
     787       1.8757
     788       1.7711
     789       1.6939
     790       1.8389
     791       1.7970
     792       1.8365
     793       1.8356
     794       2.0343
     795       1.9544
     796       1.7124
     797       1.9154
     798       2.1243
     799       1.6887
     800       1.6487
     801       1.7722
     802       1.5103
     803       1.7850
     804       1.8073
     805       1.9955
     806       1.9389
     807       1.7221
     808       1.9328
     809       1.9699
     810       1.8245
     811       1.9504
     812       1.9235
     813       2.1509
     814       1.9398
     815       2.0230
     816       2.2809
     817       2.1286
     818       2.0034
     819       2.3345
     820       2.1486
     821       2.1142
     822       2.0851
     823       1.9230
     824       1.7938
     825       1.6193
     826       1.9709
     827       1.9069
     828       1.7737
     829       1.9629
     830       2.0351
     831       2.0927
     832       1.9999
     833       2.0617
     834       1.8077
     835       2.0401
     836       1.8849
     837       1.7546
     838       1.8829
     839       2.0440
     840       2.1100
     841       2.3033
     842       2.3183
     843       2.5173
     844       2.4223
     845       2.4300
     846       2.3659
     847       2.1793
     848       2.3575
     849       2.3187
     850       2.1621
     851       2.2456
     852       2.4154
     853       2.3357
     854       2.0494
     855       2.2906
     856       2.0918
     857       2.0995
     858       2.1712
     859       2.2158
     860       2.0826
     861       2.1104
     862       1.8902
     863       1.9374
     864       2.0619
     865       2.2585
     866       2.0011
     867       1.9117
     868       2.1597
     869       1.9661
     870       2.2518
     871       2.0992
     872       2.2753
     873       2.1785
     874       2.0841
     875       2.0447
     876       1.8694
     877       2.1504
     878       1.9503
     879       2.0125
     880       2.1238
     881       2.1708
     882       2.0821
     883       2.1898
     884       2.1724
     885       1.9076
     886       1.9541
     887       1.8473
     888       2.1877
     889       1.8111
     890       2.0747
     891       1.9869
     892       1.9171
     893       1.7944
     894       1.9944
     895       1.8218
     896       1.8224
     897       2.0598
     898       1.9386
     899       1.9537
     900       1.9054
     901       1.9328
     902       1.8287
     903       1.9094
     904       1.9449
     905       1.9458
     906       1.8867
     907       1.7357
     908       1.9100
     909       2.0158
     910       2.0646
     911       2.0883
     912       1.8405
     913       2.0429
     914       2.2196
     915       1.9676
     916       1.9943
     917       1.9867
     918       1.8905
     919       2.0651
     920       2.0507
     921       2.0151
     922       1.9606
     923       1.9771
     924       1.9850
     925       1.9172
     926       1.9562
     927       2.0225
     928       1.8891
     929       1.8264
     930       1.8747
     931       1.8288
     932       1.8566
     933       1.8489
     934       1.9076
     935       1.8393
     936       1.8952
     937       1.9169
     938       1.8624
     939       1.9895
     940       2.0319
     941       2.1050
     942       2.0189
     943       1.8183
     944       1.7915
     945       1.7529
     946       1.8355
     947       1.9333
     948       1.7830
     949       1.8581
     950       1.8818
     951       1.8645
     952       1.8767
     953       1.8442
     954       1.8758
     955       2.0843
     956       1.8757
     957       1.7343
     958       1.9156
     959       1.7891
     960       1.9035
     961       1.8171
     962       2.0061
     963       1.9961
     964       1.9302
     965       1.8865
     966       1.9055
     967       1.9153
     968       1.9517
     969       2.0394
     970       2.1174
     971       1.9514
     972       1.9902
     973       1.9659
     974       2.0991
     975       1.8671
     976       2.0423
     977       1.9376
     978       1.8755
     979       1.9208
     980       1.9304
     981       1.7043
     982       2.1043
     983       2.0114
     984       1.9835
     985       1.8177
     986       2.0151
     987       1.9244
     988       1.8989
     989       1.9203
     990       1.9760
     991       2.2109
     992       1.9857
     993       1.8922
     994       1.8195
     995       1.7861
     996       1.8898
     997       1.8933
     998       1.7911
     999       1.8791
    1000       2.0396
    1001       1.9712
    1002       1.9310
    1003       1.8918
    1004       1.9285
    1005       1.8965
    1006       2.0173
    1007       1.8599
    1008       2.0307
    1009       1.9962
    1010       2.0577
    1011       2.0180
    1012       2.1989
    1013       2.0062
    1014       2.1259
    1015       1.9495
    1016       1.9229
    1017       1.8549
    1018       1.9406
    1019       2.2216
    1020       1.9947
    1021       1.9979
    1022       1.9146
    1023       1.9008
    1024       1.9696
    1025       1.9992
    1026       1.8973
    1027       1.9069
    1028       2.0128
    1029       2.1106
    1030       2.1752
    1031       1.9901
    1032       1.8355
    1033       2.0526
    1034       2.0445
    1035       1.6990
    1036       1.8421
    1037       1.7932
    1038       1.8648
    1039       1.8662
    1040       1.7169
    1041       1.8962
    1042       2.0316
    1043       2.0500
    1044       2.0066
    1045       1.9654
    1046       1.9241
    1047       1.9073
    1048       1.9973
    1049       1.9298
    1050       1.9861
    1051       1.9648
    1052       2.0869
    1053       1.8673
    1054       1.7425
    1055       1.8516
    1056       2.0218
    1057       1.9963
    1058       2.0051
    1059       2.0533
    1060       1.8677
    1061       2.1379
    1062       1.9544
    1063       2.0347
    1064       2.1616
    1065       2.1096
    1066       2.1383
    1067       2.1519
    1068       2.0701
    1069       2.2281
    1070       2.1317
    1071       1.9942
    1072       1.9764
    1073       2.1769
    1074       2.1389
    1075       2.1744
    1076       2.1374
    1077       2.1070
    1078       2.0990
    1079       2.1898
    1080       2.2494
    1081       2.0267
    1082       2.0669
    1083       2.1288
    1084       1.9790
    1085       2.1965
    1086       2.0322
    1087       2.2943
    1088       2.0124
    1089       2.1284
    1090       2.2394
    1091       2.0099
    1092       2.1901
    1093       2.3181
    1094       2.3657
    1095       2.1352
    1096       2.0095
    1097       2.0497
    1098       2.0190
    1099       2.1530
    1100       2.2388
    1101       2.3472
    1102       2.3754
    1103       2.3429
    1104       2.1625
    1105       2.3070
    1106       2.3249
    1107       2.1931
    1108       2.2885
    1109       2.1336
    1110       2.1349
    1111       2.2184
    1112       2.2267
    1113       2.1349
    1114       2.2026
    1115       2.1300
    1116       2.1979
    1117       2.1877
    1118       2.2492
    1119       2.0302
    1120       2.2182
    1121       1.9742
    1122       2.1877
    1123       2.3236
    1124       2.2865
    1125       2.1404
    1126       2.1381
    1127       2.2480
    1128       2.3466
    1129       2.2240
    1130       2.2141
    1131       2.2367
    1132       2.3061
    1133       2.2750
    1134       2.3214
    1135       2.2676
    1136       2.3741
    1137       2.1649
    1138       2.1597
    1139       2.1708
    1140       2.1572
    1141       2.2459
    1142       2.2927
    1143       2.2232
    1144       2.1916
    1145       2.1998
    1146       2.0838
    1147       2.1976
    1148       2.3662
    1149       2.3491
    1150       2.2236
    1151       2.2593
    1152       2.2535
    1153       2.2555
    1154       2.0460
    1155       2.0894
    1156       2.0719
    1157       2.0260
    1158       1.9691
    1159       2.2330
    1160       2.0778
    1161       2.2510
    1162       2.2426
    1163       2.1121
    1164       2.1294
    1165       2.0478
    1166       2.0147
    1167       2.0291
    1168       1.8552
    1169       2.0083
    1170       1.9346
    1171       1.9774
    1172       2.0719
    1173       2.1274
    1174       1.9715
    1175       2.1335
    1176       2.2320
    1177       2.1079
    1178       2.0870
    1179       1.9713
    1180       2.1421
    1181       2.3540
    1182       2.1020
    1183       2.2635
    1184       2.2467
    1185       2.2301
    1186       2.2430
    1187       2.2784
    1188       2.3124
    1189       2.2809
    1190       2.1300
    1191       2.1857
    1192       2.2616
    1193       2.1637
    1194       2.0521
    1195       2.2737
    1196       2.3183
    1197       2.1841
    1198       2.2390
    1199       2.3101
    1200       2.2429
    1201       2.1675
    1202       2.2869
    1203       2.2543
    1204       2.1450
    1205       2.1032
    1206       2.2962
    1207       2.2366
    1208       2.2492
    1209       2.1250
    1210       1.8986
    1211       2.1798
    1212       2.2091
    1213       2.0447
    1214       2.1665
    1215       2.2511
    1216       2.2100
    1217       2.2737
    1218       2.2010
    1219       2.2972
    1220       2.1360
    1221       2.4579
    1222       2.3549
    1223       2.3891
    1224       2.2703
    1225       2.2690
    1226       2.3231
    1227       2.1853
    1228       2.1130
    1229       2.3024
    1230       2.3159
    1231       2.1166
    1232       2.0486
    1233       2.2075
    1234       2.4990
    1235       2.3153
    1236       2.2107
    1237       1.9830
    1238       2.0543
    1239       2.1582
    1240       2.3913
    1241       2.3118
    1242       2.0516
    1243       2.1371
    1244       2.0343
    1245       2.0665
    1246       2.2092
    1247       1.9780
    1248       2.0863
    1249       2.1219
    1250       2.0862
    1251       2.2067
    1252       2.1194
    1253       2.1764
    1254       2.5230
    1255       2.2389
    1256       2.3249
    1257       2.2495
    1258       2.0926
    1259       2.2821
    1260       2.2782
    1261       2.2739
    1262       2.4722
    1263       2.3403
    1264       2.2258
    1265       2.3360
    1266       2.1583
    1267       2.1197
    1268       2.2563
    1269       2.0233
    1270       2.2607
    1271       2.0878
    1272       2.1291
    1273       2.1530
    1274       2.0299
    1275       2.1636
    1276       2.3503
    1277       2.1758
    1278       2.2537
    1279       2.2885
    1280       2.3608
    1281       2.2027
    1282       2.2073
    1283       1.9707
    1284       2.3290
    1285       2.1760
    1286       2.1477
    1287       2.2293
    1288       2.1299
    1289       2.2980
    1290       2.3580
    1291       2.3103
    1292       1.9624
    1293       2.1792
    1294       2.1129
    1295       2.3534
    1296       2.1231
    1297       2.2409
    1298       2.1765
    1299       2.3183
    1300       2.2654
    1301       2.1843
    1302       2.0454
    1303       1.9927
    1304       2.1425
    1305       1.9961
    1306       2.0402
    1307       2.0325
    1308       2.5082
    1309       2.1214
    1310       1.9386
    1311       2.0356
    1312       1.9695
    1313       1.8657
    1314       2.0604
    1315       1.9015
    1316       2.2269
    1317       1.9612
    1318       2.1844
    1319       1.9609
    1320       2.2944
    1321       2.1819
    1322       2.0822
    1323       2.2710
    1324       2.1859
    1325       2.2213
    1326       2.2416
    1327       2.1309
    1328       2.2425
    1329       1.9574
    1330       2.2773
    1331       2.1753
    1332       2.1434
    1333       2.2484
    1334       2.2033
    1335       1.9539
    1336       2.1606
    1337       2.1181
    1338       2.1230
    1339       1.9629
    1340       2.1319
    1341       2.0398
    1342       1.9309
    1343       1.9214
    1344       1.9149
    1345       2.3868
    1346       1.9817
    1347       1.9647
    1348       1.9213
    1349       2.0719
    1350       2.1421
    1351       2.0594
    1352       1.8705
    1353       2.0392
    1354       2.2013
    1355       2.0627
    1356       2.2275
    1357       2.2176
    1358       1.9229
    1359       2.1414
    1360       2.1510
    1361       2.2197
    1362       2.0818
    1363       2.1796
    1364       1.9879
    1365       2.0279
    1366       2.1778
    1367       2.2064
    1368       2.1496
    1369       2.0860
    1370       1.9376
    1371       2.0899
    1372       2.0296
    1373       2.0637
    1374       2.2670
    1375       2.1697
    1376       2.2636
    1377       2.1421
    1378       2.0125
    1379       2.0065
    1380       2.0541
    1381       2.0842
    1382       2.1368
    1383       2.2753
    1384       1.9904
    1385       1.9484
    1386       1.9831
    1387       2.0136
    1388       1.9536
    1389       2.0794
    1390       2.0397
    1391       2.0759
    1392       1.9806
    1393       2.1005
    1394       1.9729
    1395       2.0407
    1396       2.0523
    1397       1.8624
    1398       1.9466
    1399       2.0099
    1400       2.1566
    1401       1.9519
    1402       1.8824
    1403       1.8308
    1404       1.9960
    1405       2.0005
    1406       1.9188
    1407       2.0727
    1408       1.8655
    1409       1.8972
    1410       1.9940
    1411       1.8069
    1412       1.7581
    1413       1.8832
    1414       2.0270
    1415       1.9051
    1416       1.8465
    1417       1.8848
    1418       1.8779
    1419       1.9086
    1420       1.9785
    1421       1.9691
    1422       1.7702
    1423       2.0978
    1424       2.0259
    1425       1.8887
    1426       2.1142
    1427       1.9788
    1428       1.9406
    1429       2.0348
    1430       1.9172
    1431       1.8905
    1432       1.9936
    1433       1.8568
    1434       1.9729
    1435       2.0075
    1436       1.7997
    1437       1.7970
    1438       1.8773
    1439       1.9238
    1440       1.9571
    1441       1.8613
    1442       1.9100
    1443       1.8673
    1444       1.7780
    1445       2.1148
    1446       1.8102
    1447       1.7450
    1448       1.8790
    1449       1.8180
    1450       1.8586
    1451       2.0292
    1452       1.8740
    1453       2.0093
    1454       2.0643
    1455       2.0942
    1456       2.0724
    1457       2.1249
    1458       1.8329
    1459       1.9168
    1460       1.8895
    1461       2.0129
    1462       2.1539
    1463       1.9883
    1464       1.7683
    1465       1.8045
    1466       1.9304
    1467       2.0257
    1468       1.9906
    1469       1.9796
    1470       1.8288
    1471       1.8019
    1472       2.1200
    1473       1.8999
    1474       1.8651
    1475       1.9600
    1476       1.8533
    1477       2.1404
    1478       1.9372
    1479       2.0426
    1480       2.0111
    1481       1.9073
    1482       1.8562
    1483       2.0634
    1484       2.1719
    1485       1.9011
    1486       2.0768
    1487       2.0864
    1488       2.0081
    1489       2.0600
    1490       1.9610
    1491       1.8636
    1492       2.0344
    1493       1.9103
    1494       1.9813
    1495       1.9034
    1496       1.8626
    1497       1.8845
    1498       1.8534
    1499       1.8756
    1500       1.7832
    1501       1.9091
    1502       1.9417
    1503       1.7532
    1504       1.8705
    1505       1.8777
    1506       1.9249
    1507       1.9367
    1508       1.9371
    1509       1.9387
    1510       1.9997
    1511       1.7579
    1512       1.8036
    1513       1.9268
    1514       1.7278
    1515       1.8869
    1516       1.7774
    1517       1.8244
    1518       1.9165
    1519       1.9355
    1520       1.9594
    1521       1.7691
    1522       2.0002
    1523       1.9449
    1524       1.7987
    1525       1.9671
    1526       1.7835
    1527       1.8229
    1528       2.1056
    1529       2.0470
    1530       2.0898
    1531       2.2664
    1532       2.2818
    1533       2.1321
    1534       2.1667
    1535       1.9776
    1536       2.0604
    1537       2.1777
    1538       2.1918
    1539       2.1553
    1540       2.0945
    1541       1.8707
    1542       1.8595
    1543       1.9477
    1544       2.1596
    1545       2.0570
    1546       2.1594
    1547       2.0507
    1548       2.2945
    1549       2.3814
    1550       2.1911
    1551       2.2187
    1552       2.1899
    1553       2.1751
    1554       2.1454
    1555       2.1873
    1556       2.0507
    1557       1.9973
    1558       2.0318
    1559       2.0452
    1560       2.1742
    1561       2.0904
    1562       2.0664
    1563       2.0087
    1564       2.0711
    1565       2.2402
    1566       2.2211
    1567       2.2077
    1568       2.2233
    1569       2.2118
    1570       2.1749
    1571       2.2634
    1572       2.1713
    1573       2.2410
    1574       2.0883
    1575       2.0938
    1576       2.2118
    1577       2.1957
    1578       2.3416
    1579       2.1480
    1580       2.1149
    1581       2.1279
    1582       2.2899
    1583       2.0252
    1584       1.8979
    1585       1.9249
    1586       2.1584
    1587       2.1042
    1588       2.2602
    1589       2.0637
    1590       1.9994
    1591       2.0945
    1592       2.1993
    1593       2.2572
    1594       2.2589
    1595       2.1179
    1596       2.2766
    1597       2.3109
    1598       2.3921
    1599       2.0704
    1600       2.3555
    1601       2.3457
    1602       2.4611
    1603       2.3654
    1604       2.4597
    1605       2.4098
    1606       2.3376
    1607       2.2280
    1608       2.2303
    1609       2.1996
    1610       2.3386
    1611       2.1954
    1612       2.3779
    1613       2.1500
    1614       2.3949
    1615       2.1574
    1616       1.8892
    1617       2.2362
    1618       2.1319
    1619       2.0594
    1620       2.0717
    1621       2.0661
    1622       1.9784
    1623       2.0363
    1624       2.2802
    1625       1.9884
    1626       2.1022
    1627       2.0003
    1628       1.8933
    1629       2.0510
    1630       2.0001
    1631       1.9763
    1632       2.1207
    1633       2.0144
    1634       2.1821
    1635       2.0712
    1636       2.0390
    1637       1.9458
    1638       2.0527
    1639       2.0943
    1640       2.0394
    1641       1.9832
    1642       2.0858
    1643       2.1688
    1644       1.9782
    1645       2.0972
    1646       1.9906
    1647       1.9596
    1648       2.0169
    1649       1.9751
    1650       1.9616
    1651       2.0863
    1652       2.1778
    1653       2.0992
    1654       2.0518
    1655       2.1133
    1656       2.0692
    1657       2.2299
    1658       2.0340
    1659       1.8917
    1660       1.9945
    1661       1.9796
    1662       2.2225
    1663       1.8547
    1664       1.9415
    1665       2.0124
    1666       1.9541
    1667       1.8815
    1668       2.1094
    1669       1.9883
    1670       1.8230
    1671       1.8622
    1672       1.8562
    1673       1.8865
    1674       1.8865
    1675       2.0775
    1676       1.8439
    1677       2.0429
    1678       2.0585
    1679       1.9370
    1680       1.9718
    1681       2.1062
    1682       1.9928
    1683       1.9876
    1684       2.1594
    1685       1.9748
    1686       2.0555
    1687       2.2074
    1688       1.9996
    1689       2.1025
    1690       2.0144
    1691       1.9027
    1692       1.8112
    1693       2.0043
    1694       1.8317
    1695       2.0425
    1696       2.1541
    1697       1.8942
    1698       1.9228
    1699       1.8783
    1700       2.0099
    1701       2.1530
    1702       1.9773
    1703       1.9056
    1704       2.1010
    1705       1.9411
    1706       2.2349
    1707       2.1699
    1708       1.8735
    1709       2.1247
    1710       2.0007
    1711       1.9374
    1712       2.0193
    1713       2.0332
    1714       2.0387
    1715       2.1723
    1716       2.1080
    1717       1.9023
    1718       2.0371
    1719       1.9524
    1720       2.0387
    1721       1.8664
    1722       1.9133
    1723       1.7921
    1724       1.8839
    1725       2.1381
    1726       2.1324
    1727       2.0842
    1728       2.0825
    1729       2.2112
    1730       2.0724
    1731       2.2275
    1732       1.9734
    1733       2.0521
    1734       2.0455
    1735       2.0045
    1736       1.9837
    1737       2.0465
    1738       2.1563
    1739       1.9102
    1740       1.9737
    1741       1.9721
    1742       1.8888
    1743       1.9791
    1744       1.9222
    1745       1.8345
    1746       2.0394
    1747       2.0371
    1748       2.0433
    1749       1.9705
    1750       1.9824
    1751       1.9942
    1752       1.9021
    1753       1.8640
    1754       1.8206
    1755       2.0186
    1756       2.0386
    1757       1.9065
    1758       1.8774
    1759       1.9738
    1760       1.8806
    1761       2.1059
    1762       1.9236
    1763       1.9017
    1764       1.7575
    1765       1.8727
    1766       1.9114
    1767       1.9249
    1768       1.9512
    1769       1.9833
    1770       1.8309
    1771       1.8782
    1772       1.7598
    1773       2.0423
    1774       2.0261
    1775       2.2558
    1776       1.8176
    1777       1.9372
    1778       1.6784
    1779       1.8376
    1780       1.8948
    1781       1.7719
    1782       1.9120
    1783       1.8333
    1784       1.9551
    1785       1.8698
    1786       1.8781
    1787       1.8021
    1788       1.9848
    1789       1.9582
    1790       1.8865
    1791       1.9663
    1792       1.9492
    1793       1.9205
    1794       1.9413
    1795       1.7854
    1796       1.8492
    1797       1.9791
    1798       1.8915
    1799       2.0631
    1800       1.9325
    1801       1.8047
    1802       1.8851
    1803       1.8831
    1804       1.8394
    1805       1.9802
    1806       1.9869
    1807       2.0055
    1808       2.1713
    1809       2.2091
    1810       1.9786
    1811       1.9149
    1812       1.8824
    1813       2.2083
    1814       2.0796
    1815       2.0223
    1816       2.0238
    1817       2.0378
    1818       2.0755
    1819       2.0640
    1820       2.0449
    1821       2.0262
    1822       2.2365
    1823       2.1109
    1824       2.1327
    1825       1.8337
    1826       2.1075
    1827       2.1596
    1828       1.9652
    1829       2.0748
    1830       1.8199
    1831       1.9919
    1832       1.8415
    1833       1.9711
    1834       2.0435
    1835       2.0029
    1836       2.0552
    1837       1.8019
    1838       1.9672
    1839       1.8517
    1840       2.0455
    1841       2.0141
    1842       2.0070
    1843       2.0942
    1844       1.9784
    1845       2.0605
    1846       2.0414
    1847       1.9738
    1848       1.8883
    1849       2.2297
    1850       1.8578
    1851       1.9953
    1852       2.0144
    1853       2.0813
    1854       1.7476
    1855       2.0835
    1856       1.8641
    1857       2.1398
    1858       2.2271
    1859       2.0918
    1860       2.0737
    1861       2.1475
    1862       2.0508
    1863       2.2292
    1864       2.0858
    1865       2.2444
    1866       2.3693
    1867       2.2087
    1868       2.1099
    1869       2.2351
    1870       2.0097
    1871       2.2366
    1872       2.2005
    1873       2.1110
    1874       2.1880
    1875       2.0757
    1876       1.9351
    1877       2.0423
    1878       1.9558
    1879       1.8928
    1880       2.0457
    1881       2.0231
    1882       2.0282
    1883       1.9822
    1884       1.9888
    1885       2.0120
    1886       1.8483
    1887       2.0379
    1888       1.9987
    1889       2.1187
    1890       1.8537
    1891       2.1055
    1892       2.2910
    1893       2.1879
    1894       2.2187
    1895       2.1237
    1896       2.2499
    1897       2.0114
    1898       2.0588
    1899       2.1196
    1900       2.0885
    1901       1.9483
    1902       1.8857
    1903       2.0555
    1904       1.9386
    1905       2.0181
    1906       2.0790
    1907       1.8976
    1908       1.8925
    1909       2.1104
    1910       1.8344
    1911       2.0218
    1912       1.8068
    1913       2.0278
    1914       1.8724
    1915       1.8815
    1916       1.8168
    1917       1.8183
    1918       1.8180
    1919       1.9503
    1920       1.9472
    1921       1.8535
    1922       1.9575
    1923       1.9484
    1924       1.8823
    1925       1.9127
    1926       1.8449
    1927       1.7679
    1928       1.7376
    1929       1.8603
    1930       1.8747
    1931       1.9633
    1932       1.8171
    1933       1.9718
    1934       1.8784
    1935       2.0143
    1936       1.9328
    1937       1.9945
    1938       1.9765
    1939       1.8012
    1940       1.9110
    1941       2.0590
    1942       1.7784
    1943       2.0836
    1944       2.1917
    1945       1.8722
    1946       1.9884
    1947       2.0191
    1948       1.8790
    1949       1.9311
    1950       2.1618
    1951       2.0756
    1952       2.0091
    1953       1.9891
    1954       1.9569
    1955       1.9663
    1956       2.1624
    1957       2.0489
    1958       2.0971
    1959       2.1619
    1960       2.0831
    1961       2.2223
    1962       2.0159
    1963       2.1176
    1964       1.9401
    1965       1.8900
    1966       1.9293
    1967       1.9220
    1968       1.8917
    1969       1.8518
    1970       1.8200
    1971       1.8703
    1972       1.9275
    1973       1.8637
    1974       2.2039
    1975       1.8170
    1976       2.0740
    1977       1.9473
    1978       2.0365
    1979       1.9710
    1980       1.9262
    1981       1.8345
    1982       1.8476
    1983       1.8989
    1984       1.9906
    1985       1.9268
    1986       1.8830
    1987       1.9711
    1988       1.7068
    1989       1.7781
    1990       1.8736
    1991       1.9465
    1992       2.0123
    1993       1.8539
    1994       1.9494
    1995       1.9522
    1996       1.9798
    1997       1.8485
    1998       1.9412
    1999       2.0061
    2000       1.7354
    2001       2.1874
    2002       2.0222
    2003       1.9387
    2004       1.8965
    2005       1.8871
    2006       1.9192
    2007       1.9991
    2008       1.9866
    2009       2.2696
    2010       2.1473
    2011       1.9903
    2012       1.9405
    2013       1.8228
    2014       1.8104
    2015       1.9138
    2016       1.9676
    2017       2.1017
    2018       2.0347
    2019       1.7780
    2020       1.8993
    2021       1.8548
    2022       1.9681
    2023       1.9569
    2024       1.9818
    2025       1.8478
    2026       1.8135
    2027       1.9051
    2028       2.0614
    2029       1.9299
    2030       1.7768
    2031       1.8335
    2032       1.9699
    2033       1.9080
    2034       1.9655
    2035       1.9163
    2036       2.0446
    2037       1.7256
    2038       1.8785
    2039       1.8818
    2040       1.8535
    2041       1.7475
    2042       1.9887
    2043       1.8587
    2044       1.7667
    2045       1.7539
    2046       1.8281
    2047       1.8676
    2048       1.7517
    2049       1.8815
    2050       1.9952
    2051       1.9086
    2052       2.0062
    2053       1.9638
    2054       1.9968
    2055       1.9360
    2056       1.8251
    2057       1.9016
    2058       1.8568
    2059       1.8506
    2060       1.9978
    2061       1.9336
    2062       1.8611
    2063       1.9145
    2064       1.8538
    2065       1.9739
    2066       1.8717
    2067       1.8991
    2068       1.9942
    2069       2.0366
    2070       2.0692
    2071       1.8312
    2072       1.9394
    2073       2.0344
    2074       2.0679
    2075       1.8556
    2076       2.0794
    2077       2.1433
    2078       1.8480
    2079       1.9766
    2080       1.8670
    2081       1.9547
    2082       1.9128
    2083       1.9315
    2084       1.9957
    2085       1.9555
    2086       2.0958
    2087       2.0357
    2088       1.9845
    2089       1.8320
    2090       1.9856
    2091       1.9041
    2092       1.8644
    2093       1.8861
    2094       1.9552
    2095       1.8197
    2096       1.7438
    2097       1.8773
    2098       1.7218
    2099       1.9432
    2100       1.8159
    2101       1.9140
    2102       2.0493
    2103       1.9926
    2104       1.9460
    2105       1.8230
    2106       1.9827
    2107       1.8980
    2108       2.1708
    2109       1.9752
    2110       2.0879
    2111       1.7599
    2112       2.0442
    2113       2.0759
    2114       2.0272
    2115       2.0360
    2116       1.8438
    2117       2.0136
    2118       2.0461
    2119       2.0682
    2120       1.9523
    2121       2.0088
    2122       1.8482
    2123       2.1913
    2124       1.9858
    2125       2.0021
    2126       2.0605
    2127       2.0557
    2128       2.1182
    2129       1.9246
    2130       2.1250
    2131       2.0565
    2132       2.0320
    2133       2.2634
    2134       2.0554
    2135       2.1445
    2136       2.0694
    2137       2.0695
    2138       1.8786
    2139       1.9157
    2140       1.9728
    2141       1.7626
    2142       1.9991
    2143       1.8980
    2144       2.0825
    2145       1.9728
    2146       1.9590
    2147       2.1093
    2148       2.0673
    2149       2.0376
    2150       2.0038
    2151       1.9115
    2152       1.8667
    2153       1.9255
    2154       1.9209
    2155       2.0008
    2156       2.1101
    2157       2.0248
    2158       2.0938
    2159       2.0224
    2160       2.1947
    2161       2.1957
    2162       2.1726
    2163       2.0849
    2164       2.0621
    2165       2.1744
    2166       2.0972
    2167       2.1814
    2168       2.1321
    2169       2.1015
    2170       1.9212
    2171       1.9571
    2172       2.1328
    2173       2.1528
    2174       2.0514
    2175       1.9873
    2176       2.0048
    2177       2.0304
    2178       1.8324
    2179       1.9014
    2180       1.9136
    2181       1.9757
    2182       2.1809
    2183       2.0934
    2184       2.0555
    2185       2.1594
    2186       2.1638
    2187       2.0368
    2188       1.9472
    2189       2.0268
    2190       2.1823
    2191       2.0547
    2192       2.1826
    2193       2.0444
    2194       2.2175
    2195       2.1570
    2196       2.0671
    2197       2.1706
    2198       2.1418
    2199       2.2743
    2200       2.1534
    2201       2.3521
    2202       2.1620
    2203       2.1920
    2204       2.1649
    2205       1.9876
    2206       1.9816
    2207       2.1962
    2208       2.0738
    2209       2.2053
    2210       2.1304
    2211       2.2248
    2212       2.1197
    2213       2.3878
    2214       2.1159
    2215       2.2035
    2216       2.1778
    2217       2.2987
    2218       2.1541
    2219       2.2012
    2220       2.0924
    2221       2.0510
    2222       2.1349
    2223       2.2226
    2224       2.2899
    2225       2.0747
    2226       2.1053
    2227       2.0656
    2228       2.1671
    2229       2.1349
    2230       2.0406
    2231       1.9969
    2232       2.1124
    2233       1.8648
    2234       2.0061
    2235       2.2230
    2236       2.2045
    2237       2.0466
    2238       2.2684
    2239       2.1422
    2240       1.9872
    2241       2.1457
    2242       2.1473
    2243       2.2592
    2244       2.1587
    2245       2.0376
    2246       2.1098
    2247       2.1786
    2248       2.3899
    2249       2.1761
    2250       1.9092
    2251       2.1437
    2252       2.0041
    2253       2.2078
    2254       2.1361
    2255       2.0939
    2256       1.9928
    2257       2.0874
    2258       2.1004
    2259       2.0950
    2260       1.9367
    2261       1.9063
    2262       2.1623
    2263       2.0715
    2264       1.8451
    2265       2.1241
    2266       2.0941
    2267       2.1105
    2268       2.0873
    2269       2.1397
    2270       2.2510
    2271       2.2075
    2272       2.1002
    2273       2.0032
    2274       2.0825
    2275       1.8591
    2276       2.0779
    2277       2.1431
    2278       2.3948
    2279       2.3423
    2280       2.1537
    2281       2.2664
    2282       2.2488
    2283       2.0040
    2284       2.0774
    2285       1.9801
    2286       2.1516
    2287       2.2527
    2288       2.1335
    2289       2.2296
    2290       2.0471
    2291       2.0677
    2292       2.0723
    2293       2.0496
    2294       1.9172
    2295       2.0181
    2296       2.1750
    2297       1.8959
    2298       2.0664
    2299       2.0927
    2300       1.9611
    2301       2.2083
    2302       2.2875
    2303       2.2019
    2304       1.9936
    2305       2.1009
    2306       2.1729
    2307       2.2058
    2308       1.8458
    2309       2.0426
    2310       2.1076
    2311       2.2393
    2312       2.2793
    2313       2.2896
    2314       2.1562
    2315       2.2212
    2316       1.9555
    2317       2.0233
    2318       1.9462
    2319       1.8809
    2320       2.1007
    2321       2.1110
    2322       2.0714
    2323       2.0024
    2324       2.0558
    2325       2.2398
    2326       2.1504
    2327       2.1227
    2328       2.2379
    2329       2.0822
    2330       2.0945
    2331       2.1298
    2332       1.9968
    2333       2.0146
    2334       2.0174
    2335       2.0513
    2336       1.8790
    2337       2.0511
    2338       2.0241
    2339       2.0695
    2340       2.3133
    2341       2.1633
    2342       2.2028
    2343       1.9719
    2344       1.9921
    2345       1.9937
    2346       2.0142
    2347       2.1399
    2348       2.1747
    2349       2.1837
    2350       2.0872
    2351       2.0384
    2352       2.1204
    2353       1.9897
    2354       2.0312
    2355       2.2064
    2356       2.0517
    2357       2.0800
    2358       2.0880
    2359       2.0483
    2360       2.1140
    2361       1.9378
    2362       1.9999
    2363       2.0455
    2364       2.0871
    2365       1.9859
    2366       1.9153
    2367       1.9824
    2368       2.0585
    2369       2.0347
    2370       2.0291
    2371       2.1748
    2372       2.0980
    2373       2.0580
    2374       1.9714
    2375       2.0687
    2376       1.8945
    2377       1.8655
    2378       2.1007
    2379       1.9109
    2380       1.8463
    2381       1.9348
    2382       1.9541
    2383       1.9264
    2384       1.9275
    2385       1.8027
    2386       1.9753
    2387       1.9287
    2388       2.0830
    2389       2.0583
    2390       2.1046
    2391       2.1201
    2392       2.3131
    2393       2.1320
    2394       2.1248
    2395       1.9710
    2396       2.1721
    2397       2.1528
    2398       2.0638
    2399       2.0195
    2400       2.0782
    2401       2.1773
    2402       1.8843
    2403       2.1794
    2404       2.0031
    2405       2.1555
    2406       2.3503
    2407       2.3831
    2408       2.2059
    2409       2.1658
    2410       2.3159
    2411       2.3004
    2412       2.2064
    2413       2.0330
    2414       2.1955
    2415       2.1683
    2416       2.1448
    2417       2.3431
    2418       2.1995
    2419       2.2462
    2420       2.1740
    2421       2.2494
    2422       2.3993
    2423       2.1338
    2424       2.3609
    2425       2.3543
    2426       2.2934
    2427       2.1348
    2428       2.3246
    2429       2.4238
    2430       2.0873
    2431       2.2549
    2432       2.0543
    2433       2.1966
    2434       2.1423
    2435       1.8541
    2436       2.0265
    2437       1.9768
    2438       2.1867
    2439       1.9511
    2440       1.9076
    2441       1.9614
    2442       2.0059
    2443       2.0520
    2444       2.1063
    2445       2.1876
    2446       2.2506
    2447       2.1058
    2448       2.1025
    2449       2.0739
    2450       2.1587
    2451       2.1093
    2452       2.1591
    2453       2.0453
    2454       2.0859
    2455       2.0274
    2456       2.0188
    2457       2.3244
    2458       2.2024
    2459       2.2818
    2460       2.4068
    2461       2.3551
    2462       2.6389
    2463       2.3412
    2464       2.2477
    2465       2.2206
    2466       2.2936
    2467       2.1530
    2468       2.2189
    2469       2.1830
    2470       2.2296
    2471       2.2593
    2472       1.9631
    2473       2.1176
    2474       2.2378
    2475       2.1387
    2476       2.2123
    2477       2.1835
    2478       1.9970
    2479       2.2021
    2480       2.1630
    2481       2.0922
    2482       1.9739
    2483       2.1310
    2484       2.0643
    2485       2.0785
    2486       1.9477
    2487       2.1094
    2488       1.9732
    2489       2.1037
    2490       1.9661
    2491       2.1083
    2492       2.0953
    2493       2.0733
    2494       2.0950
    2495       2.0242
    2496       2.0517
    2497       2.0818
    2498       1.9999
    2499       2.1218
    2500       2.1048
    2501       2.0518
    2502       2.0264
    2503       1.9915
    2504       1.9480
    2505       2.3146
    2506       2.3309
    2507       2.2882
    2508       2.0422
    2509       2.1115
    2510       2.1074
    2511       1.9686
    2512       1.9846
    2513       1.9453
    2514       2.1768
    2515       2.1659
    2516       2.1355
    2517       2.2065
    2518       2.2761
    2519       2.1609
    2520       2.0648
    2521       2.1210
    2522       2.1685
    2523       2.0714
    2524       1.9844
    2525       1.9731
    2526       1.8519
    2527       1.9114
    2528       1.9811
    2529       2.0056
    2530       1.9803
    2531       2.0441
    2532       1.8134
    2533       1.8772
    2534       1.9589
    2535       1.9497
    2536       2.1381
    2537       2.0164
    2538       2.0517
    2539       1.9830
    2540       2.0336
    2541       2.0175
    2542       2.0317
    2543       2.1280
    2544       2.0959
    2545       2.0701
    2546       2.1069
    2547       2.2907
    2548       2.1295
    2549       2.1606
    2550       1.8819
    2551       2.2704
    2552       1.9492
    2553       2.0031
    2554       2.0315
    2555       2.0061
    2556       2.0708
    2557       1.9011
    2558       1.8398
    2559       2.0336
    2560       1.9645
    2561       2.0838
    2562       1.8613
    2563       2.0986
    2564       2.1291
    2565       1.9522
    2566       1.8468
    2567       1.9399
    2568       2.0026
    2569       2.0208
    2570       2.0355
    2571       1.9287
    2572       2.1933
    2573       2.1933
    2574       2.1536
    2575       2.0317
    2576       2.0007
    2577       2.1392
    2578       1.9432
    2579       2.0931
    2580       2.0555
    2581       2.2107
    2582       2.2444
    2583       2.0499
    2584       2.2213
    2585       2.1746
    2586       2.0724
    2587       1.9545
    2588       2.2796
    2589       2.1074
    2590       2.1692
    2591       2.1712
    2592       2.0448
    2593       2.0395
    2594       2.1704
    2595       2.0599
    2596       2.0455
    2597       2.0327
    2598       2.1615
    2599       2.2441
    2600       1.9578
    2601       2.1317
    2602       1.9060
    2603       2.0863
    2604       2.0641
    2605       2.0491
    2606       2.1425
    2607       1.9335
    2608       2.1246
    2609       2.1089
    2610       2.1241
    2611       1.9482
    2612       1.9546
    2613       1.8319
    2614       2.1693
    2615       2.0196
    2616       2.0332
    2617       2.1964
    2618       2.2503
    2619       2.1512
    2620       2.1830
    2621       1.9355
    2622       2.0910
    2623       2.0276
    2624       2.0974
    2625       1.9212
    2626       2.2927
    2627       2.2990
    2628       2.0662
    2629       2.1295
    2630       2.1695
    2631       2.2136
    2632       2.1035
    2633       2.1399
    2634       2.1260
    2635       1.9778
    2636       2.0506
    2637       2.0507
    2638       2.0085
    2639       2.1621
    2640       2.1724
    2641       2.0971
    2642       2.0994
    2643       2.0593
    2644       1.9282
    2645       2.0519
    2646       2.1617
    2647       2.2715
    2648       2.2954
    2649       2.1104
    2650       2.1515
    2651       2.2162
    2652       2.2333
    2653       2.1077
    2654       2.1974
    2655       2.1691
    2656       1.9508
    2657       2.0813
    2658       1.9455
    2659       2.0413
    2660       2.3538
    2661       2.1246
    2662       2.1528
    2663       2.1859
    2664       2.0048
    2665       2.2469
    2666       2.2153
    2667       2.1029
    2668       2.1821
    2669       1.8858
    2670       2.0289
    2671       2.1240
    2672       2.0847
    2673       2.1004
    2674       2.1690
    2675       2.0243
    2676       2.0295
    2677       1.8029
    2678       2.1814
    2679       2.0212
    2680       2.0541
    2681       2.0683
    2682       1.9652
    2683       2.0012
    2684       1.9786
    2685       2.2073
    2686       2.0389
    2687       2.0735
    2688       2.0067
    2689       2.0051
    2690       2.1854
    2691       2.3352
    2692       2.2953
    2693       2.1996
    2694       2.2460
    2695       2.0632
    2696       2.1165
    2697       2.0966
    2698       2.1388
    2699       1.9676
    2700       2.1395
    2701       2.2342
    2702       2.0271
    2703       2.3373
    2704       2.1741
    2705       2.1650
    2706       2.1582
    2707       2.0771
    2708       2.1072
    2709       2.0501
    2710       1.7896
    2711       2.1529
    2712       1.9984
    2713       2.0701
    2714       2.0287
    2715       2.0079
    2716       1.9905
    2717       1.9834
    2718       2.0455
    2719       2.2377
    2720       2.0168
    2721       2.1296
    2722       2.1591
    2723       1.8988
    2724       2.0406
    2725       2.0657
    2726       2.0740
    2727       2.1858
    2728       2.2044
    2729       1.9691
    2730       2.2454
    2731       2.2473
    2732       2.1401
    2733       2.1464
    2734       2.2582
    2735       2.2763
    2736       2.4162
    2737       2.2356
    2738       2.4202
    2739       2.3506
    2740       2.1498
    2741       2.3859
    2742       2.1831
    2743       2.3022
    2744       2.3485
    2745       2.4225
    2746       2.4006
    2747       2.3322
    2748       2.1888
    2749       2.0620
    2750       2.1879
    2751       2.1091
    2752       2.1639
    2753       2.1234
    2754       2.2899
    2755       2.2582
    2756       2.2074
    2757       2.2997
    2758       2.1621
    2759       2.2677
    2760       2.0840
    2761       2.0265
    2762       2.2931
    2763       2.1103
    2764       2.1552
    2765       2.2129
    2766       2.2418
    2767       2.0577
    2768       2.0197
    2769       2.1503
    2770       2.2034
    2771       2.0967
    2772       2.2356
    2773       2.0889
    2774       2.1439
    2775       2.2548
    2776       2.2612
    2777       2.2732
    2778       2.0603
    2779       2.1766
    2780       2.2072
    2781       2.3492
    2782       2.2504
    2783       2.4163
    2784       2.2537
    2785       2.1941
    2786       2.0723
    2787       2.1149
    2788       2.2910
    2789       2.1532
    2790       2.0704
    2791       2.1291
    2792       2.1733
    2793       2.0730
    2794       1.9811
    2795       2.0132
    2796       2.0928
    2797       2.0837
    2798       2.1988
    2799       2.1859
    2800       2.1796
    2801       2.0844
    2802       1.9756
    2803       2.0882
    2804       2.0906
    2805       2.2351
    2806       2.1676
    2807       2.2014
    2808       2.3230
    2809       2.0849
    2810       2.3253
    2811       2.2347
    2812       2.2664
    2813       2.2022
    2814       2.1452
    2815       2.1172
    2816       2.1057
    2817       2.2114
    2818       2.1765
    2819       2.1203
    2820       1.9676
    2821       2.2467
    2822       2.1479
    2823       2.2265
    2824       2.3151
    2825       2.1317
    2826       2.2661
    2827       2.1733
    2828       2.1711
    2829       2.1920
    2830       2.2810
    2831       2.2036
    2832       2.1526
    2833       2.1080
    2834       2.1999
    2835       2.0972
    2836       2.0677
    2837       2.1154
    2838       2.1805
    2839       2.1672
    2840       2.1838
    2841       2.0592
    2842       2.2293
    2843       2.2388
    2844       2.3163
    2845       2.1046
    2846       2.1350
    2847       2.2183
    2848       2.2518
    2849       2.0455
    2850       2.0032
    2851       2.1366
    2852       2.0480
    2853       2.1589
    2854       2.0789
    2855       2.3525
    2856       2.2958
    2857       2.2278
    2858       2.1725
    2859       2.2416
    2860       2.2759
    2861       2.2312
    2862       2.2430
    2863       2.3094
    2864       2.2481
    2865       2.1280
    2866       2.1714
    2867       2.1130
    2868       1.9787
    2869       2.1683
    2870       2.1518
    2871       2.0809
    2872       2.0665
    2873       2.0844
    2874       2.1431
    2875       2.1054
    2876       2.2826
    2877       2.2579
    2878       2.0357
    2879       2.1885
    2880       2.2605
    2881       2.4012
    2882       2.2752
    2883       2.2017
    2884       1.9910
    2885       2.2763
    2886       2.0194
    2887       1.9832
    2888       2.0599
    2889       2.0575
    2890       2.0590
    2891       2.1808
    2892       1.9222
    2893       2.1715
    2894       2.1927
    2895       2.2532
    2896       2.2687
    2897       2.0991
    2898       2.0943
    2899       2.2545
    2900       2.1964
    2901       2.2067
    2902       2.2522
    2903       2.0477
    2904       2.0996
    2905       2.0045
    2906       2.2036
    2907       2.2696
    2908       2.2403
    2909       2.2033
    2910       2.2024
    2911       2.2568
    2912       2.1988
    2913       2.2490
    2914       2.4219
    2915       2.2459
    2916       2.1460
    2917       2.2757
    2918       2.2246
    2919       2.1716
    2920       2.1811
    2921       2.1264
    2922       2.2619
    2923       2.2135
    2924       2.1263
    2925       2.1142
    2926       2.0650
    2927       2.1087
    2928       2.2800
    2929       2.0303
    2930       2.0131
    2931       2.1909
    2932       2.0403
    2933       2.1788
    2934       2.1098
    2935       1.9717
    2936       1.9805
    2937       2.0312
    2938       2.0802
    2939       2.1696
    2940       2.0413
    2941       2.0663
    2942       2.1787
    2943       2.2117
    2944       2.2281
    2945       2.2463
    2946       2.1038
    2947       2.3412
    2948       2.3370
    2949       2.1543
    2950       2.1747
    2951       2.3443
    2952       2.2258
    2953       2.1462
    2954       2.3364
    2955       2.2340
    2956       2.1346
    2957       2.2495
    2958       1.9928
    2959       2.0572
    2960       2.2779
    2961       2.1681
    2962       2.1644
    2963       2.1517
    2964       2.2876
    2965       2.1447
    2966       2.2076
    2967       2.2307
    2968       2.1779
    2969       2.2008
    2970       2.1658
    2971       2.2159
    2972       2.2294
    2973       2.2818
    2974       2.0714
    2975       2.1320
    2976       2.1725
    2977       2.2107
    2978       2.1728
    2979       2.1616
    2980       1.9853
    2981       2.3488
    2982       2.1471
    2983       2.1316
    2984       2.1868
    2985       2.2403
    2986       2.2222
    2987       2.1649
    2988       1.9993
    2989       2.0583
    2990       2.0875
    2991       2.1836
    2992       2.1867
    2993       2.3588
    2994       2.1585
    2995       2.1551
    2996       2.0503
    2997       2.2638
    2998       2.0840
    2999       2.1042
    3000       2.0711
    3001       2.0109
