0.281104
0.593601
0.901358
1.216183
1.512955
1.794733
2.097561
2.380040
2.661917
2.940948
3.214953
3.519920
3.820235
4.144297
4.482505
4.791937
5.119961
5.436386
5.743968
6.053090
6.361681
6.676513
6.982303
7.293778
7.581500
7.864653
8.170243
8.499764
8.829345
9.146119
9.480639
9.827441
10.193128
10.576669
10.862153
11.183750
11.534179
11.849355
12.198972
12.570062
12.923420
13.259213
13.584136
13.930729
14.288408
14.654741
15.034689
15.412762
15.762483
16.103294
16.501542
16.864497
17.212408
17.569378
17.918843
18.297342
18.676456
19.045325
19.418529
19.834831
20.236093
20.601847
20.975438
21.336256
21.657168
22.010835
22.347120
22.666625
23.000292
23.337395
23.733348
24.160582
24.544912
24.929363
25.319975
25.738238
26.121057
26.532586
26.921272
27.306264
27.688852
28.074750
28.457730
28.828981
29.207080
29.614488
30.014879
30.434489
30.868458
31.308763
31.720276
32.141872
32.560013
33.016865
33.411726
33.835638
34.262688
34.711830
35.126519
35.516902
35.926954
36.336184
36.738378
37.183203
37.685449
38.101555
38.493023
38.864106
39.282225
39.677392
40.080932
40.459764
40.903292
41.349408
41.779573
42.202560
42.635569
43.061133
43.578352
43.989413
44.416001
44.802837
45.223818
45.668797
46.094255
46.534184
46.974875
47.405373
47.824402
48.257490
48.658146
49.065741
49.434692
49.888461
50.308509
50.800881
51.204295
51.667229
52.091973
52.507603
52.971884
53.407816
53.836986
54.237526
54.675456
55.060620
55.492582
55.903857
56.339651
56.733952
57.246918
57.651443
58.097652
58.547380
58.987863
59.394585
59.869780
60.314561
60.752173
61.217165
61.673876
62.138312
62.594626
63.021764
63.453446
63.888718
64.359626
64.854804
65.339775
65.806942
66.246325
66.738974
67.181158
67.631166
68.056418
68.499284
68.931829
69.374674
69.834778
70.282814
70.695886
71.094612
71.507033
71.895079
72.344902
72.764968
73.190016
73.583127
73.986191
74.417125
74.821107
75.248370
75.635840
76.051332
76.484321
76.906176
77.326778
77.756328
78.180614
78.525252
78.855412
79.241990
79.601702
79.952435
80.258898
80.548205
80.855515
81.195272
81.530921
81.823389
82.118710
82.451106
82.789206
83.184112
83.541905
83.873278
84.248609
84.661988
85.070330
85.431501
85.765485
86.165292
86.594478
86.991032
87.393242
87.744070
88.094591
88.487999
88.909567
89.310249
89.682609
90.036300
90.452093
90.768471
91.186383
91.591829
92.003396
92.425386
92.882932
93.306289
93.745146
94.170027
94.550064
94.954459
95.355434
95.785260
96.242055
96.612222
96.973246
97.407537
97.827213
98.319878
98.737484
99.200269
99.684129
100.085330
100.497679
100.924998
101.316119
101.733434
102.150492
102.488178
102.867013
103.236859
103.626238
104.044957
104.422145
104.802149
105.172929
105.537315
105.880918
106.279954
106.700465
107.225218
107.628853
108.077290
108.513135
108.960218
109.379840
109.752044
110.099017
110.526803
110.935023
111.399627
111.827170
112.173865
112.527294
112.891914
113.283614
113.670855
114.001453
114.395803
114.830828
115.175054
115.512688
115.889670
116.311200
116.679944
117.116837
117.528545
117.918905
118.354994
118.743880
119.162066
119.548598
119.946060
120.396246
120.806148
121.217963
121.653667
122.162164
122.555706
122.961940
123.363846
123.806849
124.222146
124.720885
125.193513
125.655310
126.108506
126.496042
126.895046
127.328350
127.727173
128.168035
128.608895
129.021309
129.531248
130.035315
130.416186
130.823664
131.259328
131.659363
132.124377
132.537049
132.902364
133.284943
133.657230
133.977241
134.410733
134.852143
135.253155
135.654944
136.065998
136.487121
136.862072
137.208999
137.639472
138.008883
138.477305
138.896007
139.322753
139.727763
140.151227
140.581272
140.980386
141.341454
141.694930
142.039647
142.413322
142.757601
143.198042
143.634056
143.985465
144.340699
144.807965
145.259768
145.627486
145.973428
146.344774
146.669276
147.037058
147.449335
147.820192
148.247206
148.655417
149.097312
149.465583
149.869979
150.296815
150.704719
151.080282
151.400661
151.757505
152.164452
152.556570
152.927914
153.286065
153.609827
153.982987
154.358064
154.723362
155.073363
155.438956
155.793082
156.201383
156.598739
156.990146
157.338050
157.651106
157.980666
158.346106
158.668879
159.046000
159.433500
159.858332
160.228736
160.600560
160.893165
161.311328
161.750627
162.139088
162.539307
162.931614
163.338324
163.765268
164.128215
164.544766
164.987480
165.410699
165.842198
166.236331
166.650645
167.074860
167.499906
167.914721
168.390024
168.813788
169.231886
169.592049
169.959412
170.428988
170.792991
171.168913
171.549082
171.922544
172.337008
172.756623
173.248442
173.715221
174.123948
174.586033
175.016809
175.422353
175.827345
176.281738
176.689954
177.167762
177.652824
178.045363
178.454715
178.840549
179.254405
179.688121
180.092946
180.496989
180.894924
181.350996
181.788123
182.249775
182.736820
183.184718
183.632862
184.088702
184.519762
184.974963
185.417855
185.866458
186.311461
186.767099
187.252414
187.677822
188.145601
188.565078
189.010243
189.459130
189.970223
190.432627
190.871301
191.362689
191.827086
192.211575
192.676567
193.128330
193.637249
194.166759
194.644650
195.146077
195.641398
196.130121
196.616916
197.065314
197.527636
197.958693
198.385100
198.825632
199.296155
199.788501
200.341299
200.879848
201.308102
201.691816
202.153990
202.561180
202.967136
203.361784
203.743790
204.111079
204.483030
204.864575
205.239878
205.663821
206.084883
206.486111
206.867270
207.280662
207.687043
208.083817
208.438738
208.783126
209.161148
209.527981
209.902413
210.298916
210.698658
211.106628
211.488037
211.849726
212.219832
212.618652
213.014087
213.463913
213.870393
214.282181
214.719105
215.192443
215.599018
215.929165
216.357080
216.702327
217.067486
217.447970
217.828856
218.285780
218.732219
219.229468
219.637349
220.033193
220.433067
220.838129
221.311204
221.721808
222.107185
222.600363
222.990059
223.442778
223.892911
224.356567
224.807597
225.228273
225.665787
226.124526
226.567394
226.951058
227.376431
227.890150
228.346188
228.804945
229.258938
229.733683
230.153155
230.605637
231.087971
231.532526
231.958962
232.399746
232.870788
233.363464
233.808406
234.293596
234.700344
235.160740
235.650745
236.095523
236.500773
236.928486
237.369674
237.810976
238.217267
238.610224
238.952231
239.352765
239.790833
240.218944
240.679218
241.101564
241.567374
242.008488
242.433411
242.890456
243.488548
