#Frame         myrmsd
       1       0.0000
       2       1.2123
       3       1.2768
       4       1.5587
       5       1.4824
       6       1.3619
       7       1.3544
       8       1.3248
       9       1.2872
      10       1.3403
      11       1.4797
      12       1.4379
      13       1.5868
      14       1.4514
      15       1.5114
      16       1.4897
      17       1.6001
      18       1.5910
      19       1.4408
      20       1.4283
      21       1.6838
      22       1.6980
      23       1.6965
      24       1.7097
      25       1.7610
      26       1.7746
      27       1.7468
      28       1.8504
      29       1.6339
      30       1.6276
      31       1.4709
      32       1.7533
      33       1.5823
      34       1.7242
      35       1.8130
      36       1.7348
      37       1.7130
      38       1.6099
      39       1.6723
      40       1.5560
      41       1.6301
      42       1.5851
      43       1.5940
      44       1.6626
      45       1.6708
      46       1.5700
      47       1.6212
      48       1.6800
      49       1.6843
      50       1.6305
      51       1.4668
      52       1.5358
      53       1.6240
      54       1.5603
      55       1.5933
      56       1.5773
      57       1.6372
      58       1.6531
      59       1.6172
      60       1.4671
      61       1.4678
      62       1.5626
      63       1.7040
      64       1.6432
      65       1.5645
      66       1.7485
      67       1.8487
      68       1.5239
      69       1.8054
      70       1.7435
      71       1.9636
      72       1.6402
      73       1.6605
      74       1.6206
      75       1.7867
      76       1.8078
      77       1.7085
      78       1.6939
      79       1.7588
      80       1.8086
      81       1.6376
      82       1.8359
      83       1.5489
      84       1.7180
      85       1.7830
      86       1.7976
      87       1.8357
      88       1.6034
      89       1.5494
      90       1.6586
      91       1.6184
      92       1.6297
      93       1.7465
      94       1.7770
      95       1.6077
      96       1.6051
      97       1.6544
      98       1.7624
      99       1.6319
     100       1.5164
     101       1.7500
     102       1.5356
     103       1.6816
     104       1.6488
     105       1.6574
     106       1.6339
     107       1.6582
     108       1.7799
     109       1.4326
     110       1.5502
     111       1.6330
     112       1.8369
     113       1.8619
     114       1.7588
     115       1.9647
     116       1.7453
     117       1.7365
     118       1.8940
     119       1.7736
     120       1.8074
     121       1.5550
     122       1.5265
     123       1.5568
     124       1.5711
     125       1.5500
     126       1.5789
     127       1.4615
     128       1.5505
     129       1.3887
     130       1.5583
     131       1.7033
     132       1.5770
     133       1.6361
     134       1.5044
     135       1.5584
     136       1.5332
     137       1.6247
     138       1.5735
     139       1.5733
     140       1.5776
     141       1.6537
     142       1.6436
     143       1.5644
     144       1.6607
     145       1.5559
     146       1.5285
     147       1.6989
     148       1.5613
     149       1.7064
     150       1.5860
     151       1.7116
     152       1.7085
     153       1.7731
     154       1.6896
     155       1.7714
     156       1.6967
     157       1.8206
     158       1.8010
     159       1.8426
     160       1.8394
     161       1.6486
     162       1.6029
     163       1.8108
     164       1.7475
     165       1.8679
     166       1.9228
     167       1.9486
     168       1.9569
     169       1.8329
     170       1.8221
     171       1.8262
     172       1.6382
     173       1.8064
     174       1.6478
     175       1.7248
     176       1.7175
     177       1.7164
     178       1.7739
     179       1.8792
     180       1.8564
     181       1.8605
     182       1.7071
     183       1.6548
     184       1.6815
     185       1.6800
     186       1.6755
     187       1.8391
     188       1.7336
     189       1.6308
     190       1.7267
     191       1.8060
     192       1.7302
     193       1.9264
     194       1.8627
     195       1.9175
     196       1.7362
     197       1.9508
     198       1.9070
     199       1.9300
     200       1.7509
     201       1.7461
     202       1.8898
     203       1.8839
     204       1.7711
     205       1.8602
     206       1.7346
     207       1.8507
     208       1.7318
     209       1.6922
     210       1.6355
     211       1.6355
     212       1.7001
     213       1.6017
     214       1.8270
     215       1.7418
     216       1.6413
     217       1.7146
     218       1.6027
     219       1.6619
     220       1.7869
     221       1.7594
     222       1.8999
     223       1.7799
     224       1.6833
     225       1.7377
     226       1.7271
     227       1.7557
     228       1.6125
     229       1.7732
     230       1.6870
     231       1.5811
     232       1.7762
     233       1.8137
     234       1.8504
     235       1.5905
     236       1.6551
     237       1.5717
     238       1.7728
     239       1.6769
     240       1.7379
     241       1.7096
     242       1.6904
     243       1.7653
     244       1.7780
     245       1.6501
     246       1.6566
     247       1.7456
     248       1.6546
     249       1.6410
     250       1.7040
     251       1.7909
     252       1.7863
     253       1.7525
     254       1.8529
     255       1.8542
     256       1.7619
     257       1.7893
     258       1.6591
     259       1.6553
     260       1.8499
     261       1.8509
     262       1.8090
     263       1.8533
     264       1.8156
     265       1.7503
     266       1.7882
     267       1.9863
     268       1.9534
     269       1.8429
     270       1.7394
     271       1.7925
     272       1.9359
     273       1.5770
     274       1.6578
     275       1.6820
     276       1.6250
     277       1.8781
     278       1.8299
     279       1.8107
     280       1.7640
     281       1.6358
     282       1.6885
     283       2.0013
     284       1.8459
     285       1.8699
     286       1.8428
     287       1.8339
     288       1.6935
     289       1.7638
     290       1.7808
     291       1.7062
     292       1.7299
     293       1.7265
     294       1.7746
     295       1.7818
     296       1.8317
     297       1.6056
     298       1.6376
     299       1.7306
     300       1.9229
     301       1.7974
     302       1.7644
     303       1.5616
     304       1.5340
     305       1.6196
     306       1.5788
     307       1.5930
     308       1.6296
     309       1.7204
     310       1.7984
     311       1.7754
     312       1.8519
     313       1.5398
     314       1.5781
     315       1.7084
     316       1.6000
     317       1.4897
     318       1.6659
     319       1.7281
     320       1.7140
     321       1.7710
     322       1.6272
     323       1.6009
     324       1.7588
     325       1.7507
     326       1.6373
     327       1.6273
     328       1.6005
     329       1.6181
     330       1.5360
     331       1.5774
     332       1.5879
     333       1.5854
     334       1.5755
     335       1.6361
     336       1.5463
     337       1.7189
     338       1.6287
     339       1.8616
     340       1.5603
     341       1.5675
     342       1.5546
     343       1.6252
     344       1.4960
     345       1.5432
     346       1.6429
     347       1.6117
     348       1.5416
     349       1.5383
     350       1.5854
     351       1.6372
     352       1.4535
     353       1.5650
     354       1.6634
     355       1.7037
     356       1.6657
     357       1.5445
     358       1.4734
     359       1.5054
     360       1.5100
     361       1.5637
     362       1.6790
     363       1.5582
     364       1.4316
     365       1.6133
     366       1.6111
     367       1.4995
     368       1.4960
     369       1.5591
     370       1.6063
     371       1.4715
     372       1.5403
     373       1.5221
     374       1.5272
     375       1.7339
     376       1.5008
     377       1.5214
     378       1.5278
     379       1.4988
     380       1.5369
     381       1.5634
     382       1.5417
     383       1.4479
     384       1.4717
     385       1.4545
     386       1.5639
     387       1.4861
     388       1.4904
     389       1.5363
     390       1.5650
     391       1.5578
     392       1.6735
     393       1.8268
     394       1.6175
     395       1.7403
     396       1.6634
     397       1.6313
     398       1.7694
     399       1.7795
     400       1.6251
     401       1.6862
     402       1.5672
     403       1.7696
     404       1.6896
     405       1.6520
     406       1.7937
     407       1.7314
     408       1.8259
     409       1.7247
     410       1.8465
     411       1.6986
     412       1.6628
     413       1.7089
     414       1.6748
     415       1.7084
     416       1.6080
     417       1.7929
     418       1.6686
     419       1.7370
     420       1.7388
     421       1.7083
     422       1.7057
     423       1.5777
     424       1.6722
     425       1.7128
     426       1.6383
     427       1.8989
     428       1.7060
     429       1.8343
     430       1.8094
     431       1.8160
     432       1.7466
     433       1.6451
     434       1.7256
     435       1.6563
     436       1.8024
     437       1.6141
     438       1.7447
     439       1.7488
     440       1.7319
     441       1.7585
     442       1.7631
     443       1.7200
     444       1.7071
     445       1.7430
     446       1.7423
     447       1.6596
     448       1.7484
     449       1.7340
     450       1.6100
     451       1.7180
     452       1.6281
     453       1.7118
     454       1.7059
     455       1.7135
     456       1.6841
     457       1.5980
     458       1.5494
     459       1.7480
     460       1.7151
     461       1.6701
     462       1.6553
     463       1.7389
     464       1.6173
     465       1.6189
     466       1.7934
     467       1.9686
     468       1.7675
     469       1.6287
     470       1.6447
     471       1.6815
     472       1.6689
     473       1.7160
     474       1.6856
     475       1.8447
     476       1.6800
     477       1.6356
     478       1.7928
     479       1.6735
     480       1.7126
     481       1.9084
     482       1.7328
     483       1.7411
     484       1.7536
     485       1.8261
     486       1.7198
     487       1.6610
     488       1.7314
     489       1.7082
     490       1.8340
     491       1.6956
     492       1.7333
     493       1.7357
     494       1.8948
     495       1.8477
     496       1.8112
     497       1.7276
     498       1.7801
     499       1.8420
     500       1.7859
     501       1.6597
     502       1.9057
     503       1.8007
     504       1.6730
     505       1.7742
     506       1.6453
     507       1.5761
     508       1.5725
     509       1.7329
     510       1.6551
     511       1.6697
     512       1.6551
     513       1.5926
     514       1.5684
     515       1.7487
     516       1.7497
     517       1.7793
     518       1.7032
     519       1.7225
     520       1.7078
     521       1.8119
     522       1.7271
     523       1.6848
     524       1.7238
     525       1.5362
     526       1.5740
     527       1.7224
     528       1.8692
     529       1.7371
     530       1.8250
     531       1.7003
     532       1.8588
     533       1.7332
     534       1.8162
     535       1.9132
     536       1.9647
     537       1.8549
     538       1.7941
     539       1.8067
     540       1.7056
     541       1.7514
     542       1.7385
     543       1.5644
     544       1.6736
     545       1.6575
     546       1.6279
     547       1.5988
     548       1.6960
     549       1.6489
     550       1.5780
     551       1.5213
     552       1.7488
     553       1.5130
     554       1.7007
     555       1.6368
     556       1.6685
     557       1.5287
     558       1.6018
     559       1.5472
     560       1.6910
     561       1.7295
     562       1.6818
     563       1.6260
     564       1.5772
     565       1.7331
     566       1.5993
     567       1.5370
     568       1.6726
     569       1.5611
     570       1.6013
     571       1.5937
     572       1.5927
     573       1.5561
     574       1.6624
     575       1.6438
     576       1.7262
     577       1.7192
     578       1.7124
     579       1.5811
     580       1.5835
     581       1.8339
     582       1.6887
     583       1.6167
     584       1.5998
     585       1.6258
     586       1.5857
     587       1.6960
     588       1.5617
     589       1.6376
     590       1.5317
     591       1.6496
     592       1.6855
     593       1.6428
     594       1.7163
     595       1.5970
     596       1.6478
     597       1.7177
     598       1.7077
     599       1.6772
     600       1.5890
     601       1.8006
     602       1.7412
     603       1.7002
     604       1.6169
     605       1.7063
     606       1.7930
     607       1.7950
     608       1.7293
     609       1.8179
     610       1.7648
     611       1.7036
     612       1.7888
     613       1.8492
     614       1.6684
     615       1.7418
     616       1.7920
     617       1.6892
     618       1.7018
     619       1.9292
     620       1.6959
     621       1.8326
     622       1.8813
     623       1.8025
     624       1.8684
     625       1.7245
     626       1.9106
     627       1.7847
     628       1.7616
     629       1.8436
     630       1.7551
     631       1.8671
     632       1.8348
     633       1.7593
     634       1.8011
     635       1.9654
     636       1.8862
     637       1.7422
     638       1.8118
     639       1.7282
     640       1.9734
     641       1.8858
     642       1.8775
     643       1.7616
     644       1.8368
     645       1.9934
     646       1.9778
     647       1.9200
     648       1.7760
     649       1.7624
     650       1.9437
     651       1.8126
     652       1.8708
     653       1.9257
     654       1.8406
     655       1.8709
     656       1.9361
     657       1.8038
     658       1.7906
     659       1.8829
     660       1.9440
     661       1.8661
     662       1.6676
     663       1.7871
     664       1.7730
     665       1.7733
     666       1.7241
     667       1.5921
     668       1.6785
     669       1.6198
     670       1.6872
     671       1.6868
     672       1.7151
     673       1.6974
     674       1.6472
     675       1.6748
     676       1.6227
     677       1.6719
     678       1.5917
     679       1.6919
     680       1.6077
     681       1.7514
     682       1.6889
     683       1.5980
     684       1.6293
     685       1.7565
     686       1.7065
     687       1.7143
     688       1.6536
     689       1.7556
     690       1.6948
     691       1.6413
     692       1.6981
     693       1.5704
     694       1.4903
     695       1.7298
     696       1.6986
     697       1.6858
     698       1.6464
     699       1.6283
     700       1.5389
     701       1.6568
     702       1.5927
     703       1.6009
     704       1.6312
     705       1.5498
     706       1.6292
     707       1.5145
     708       1.6238
     709       1.6438
     710       1.6365
     711       1.6970
     712       1.6314
     713       1.6473
     714       1.5296
     715       1.5570
     716       1.5748
     717       1.4359
     718       1.5168
     719       1.6597
     720       1.6790
     721       1.5706
     722       1.5640
     723       1.6213
     724       1.5603
     725       1.4806
     726       1.5555
     727       1.6320
     728       1.5900
     729       1.6408
     730       1.5870
     731       1.6390
     732       1.5618
     733       1.5784
     734       1.7601
     735       1.6929
     736       1.6018
     737       1.6934
     738       1.7642
     739       1.6103
     740       1.7065
     741       1.4918
     742       1.5492
     743       1.4840
     744       1.7508
     745       1.6483
     746       1.6031
     747       1.6720
     748       1.6204
     749       1.5552
     750       1.7361
     751       1.6824
     752       1.6884
     753       1.7162
     754       1.7547
     755       1.6346
     756       1.6184
     757       1.5688
     758       1.5670
     759       1.4679
     760       1.4829
     761       1.6020
     762       1.7045
     763       1.6580
     764       1.7024
     765       1.6477
     766       1.5234
     767       1.6347
     768       1.6052
     769       1.7421
     770       1.6311
     771       1.6226
     772       1.6744
     773       1.7104
     774       1.4933
     775       1.5957
     776       1.5465
     777       1.5363
     778       1.6635
     779       1.6259
     780       1.5295
     781       1.7536
     782       1.4617
     783       1.4994
     784       1.5821
     785       1.5349
     786       1.4385
     787       1.5767
     788       1.7596
     789       1.6221
     790       1.7520
     791       1.7121
     792       1.6374
     793       1.6665
     794       1.6281
     795       1.7525
     796       1.6455
     797       1.5996
     798       1.5517
     799       1.6111
     800       1.7308
     801       1.6268
     802       1.5913
     803       1.6791
     804       1.5518
     805       1.6312
     806       1.6696
     807       1.6217
     808       1.5610
     809       1.5308
     810       1.5846
     811       1.5751
     812       1.6269
     813       1.5370
     814       1.5599
     815       1.5505
     816       1.5994
     817       1.5173
     818       1.4905
     819       1.5942
     820       1.5669
     821       1.4115
     822       1.5952
     823       1.6738
     824       1.5159
     825       1.5257
     826       1.4915
     827       1.5086
     828       1.4873
     829       1.6230
     830       1.6043
     831       1.5348
     832       1.6100
     833       1.4956
     834       1.4721
     835       1.6625
     836       1.5748
     837       1.4847
     838       1.6630
     839       1.5994
     840       1.6455
     841       1.6114
     842       1.6622
     843       1.4910
     844       1.7930
     845       1.6666
     846       1.5276
     847       1.8554
     848       1.6429
     849       1.6340
     850       1.5075
     851       1.5927
     852       1.7325
     853       1.5877
     854       1.6100
     855       1.6008
     856       1.5656
     857       1.4865
     858       1.5085
     859       1.6274
     860       1.5397
     861       1.4601
     862       1.4498
     863       1.5033
     864       1.7094
     865       1.6028
     866       1.6028
     867       1.5463
     868       1.5302
     869       1.6918
     870       1.5821
     871       1.4966
     872       1.5064
     873       1.6009
     874       1.5862
     875       1.5677
     876       1.5870
     877       1.5171
     878       1.4535
     879       1.4189
     880       1.6646
     881       1.6889
     882       1.5980
     883       1.7194
     884       1.7669
     885       1.7496
     886       1.7237
     887       1.5580
     888       1.6742
     889       1.5819
     890       1.6151
     891       1.5484
     892       1.6760
     893       1.6894
     894       1.5519
     895       1.6406
     896       1.6034
     897       1.6774
     898       1.4699
     899       1.6166
     900       1.5267
     901       1.6206
     902       1.5818
     903       1.6097
     904       1.4956
     905       1.5639
     906       1.6221
     907       1.6141
     908       1.6649
     909       1.5652
     910       1.6600
     911       1.4707
     912       1.5632
     913       1.6875
     914       1.6211
     915       1.6307
     916       1.5814
     917       1.5638
     918       1.6092
     919       1.5514
     920       1.5842
     921       1.4992
     922       1.6549
     923       1.6106
     924       1.6587
     925       1.6432
     926       1.7236
     927       1.6781
     928       1.5329
     929       1.4799
     930       1.6301
     931       1.7047
     932       1.5240
     933       1.6360
     934       1.7010
     935       1.7492
     936       1.6090
     937       1.6492
     938       1.7122
     939       1.6483
     940       1.5504
     941       1.5752
     942       1.7134
     943       1.6931
     944       1.5987
     945       1.6362
     946       1.6610
     947       1.7012
     948       1.6229
     949       1.5712
     950       1.5236
     951       1.6406
     952       1.7135
     953       1.6775
     954       1.5624
     955       1.5652
     956       1.6014
     957       1.7727
     958       1.6607
     959       1.7578
     960       1.6703
     961       1.6408
     962       1.5775
     963       1.6389
     964       1.6870
     965       1.6421
     966       1.6154
     967       1.6137
     968       1.6678
     969       1.4764
     970       1.6230
     971       1.5987
     972       1.5752
     973       1.6899
     974       1.6630
     975       1.7043
     976       1.6958
     977       1.6985
     978       1.6806
     979       1.6172
     980       1.6543
     981       1.7890
     982       1.6856
     983       1.6459
     984       1.6257
     985       1.7050
     986       1.6143
     987       1.6644
     988       1.6610
     989       1.6758
     990       1.6830
     991       1.6485
     992       1.7901
     993       1.7034
     994       1.7574
     995       1.7054
     996       1.7157
     997       1.7835
     998       1.6928
     999       1.5775
    1000       1.7983
    1001       1.6333
    1002       1.7106
    1003       1.5680
    1004       1.7747
    1005       1.7739
    1006       1.7536
    1007       1.7574
    1008       1.7501
    1009       1.6657
    1010       1.7842
    1011       1.9047
    1012       1.7989
    1013       1.7947
    1014       1.7895
    1015       2.0155
    1016       1.8059
    1017       1.7430
    1018       1.8061
    1019       1.6524
    1020       1.7020
    1021       1.8058
    1022       2.0037
    1023       1.7475
    1024       1.7592
    1025       1.8407
    1026       1.8935
    1027       1.7190
    1028       1.7489
    1029       1.7800
    1030       1.7564
    1031       1.6447
    1032       1.8181
    1033       1.8373
    1034       1.7091
    1035       1.7050
    1036       1.7215
    1037       1.8649
    1038       1.7318
    1039       1.6803
    1040       1.7292
    1041       1.7323
    1042       1.8093
    1043       1.7292
    1044       1.6832
    1045       1.7969
    1046       1.7331
    1047       1.6827
    1048       1.7330
    1049       1.6435
    1050       1.8114
    1051       1.5561
    1052       1.6817
    1053       1.7758
    1054       1.6978
    1055       1.7722
    1056       1.7964
    1057       1.6640
    1058       1.7062
    1059       1.8062
    1060       1.6123
    1061       1.7533
    1062       1.5811
    1063       1.7523
    1064       1.8088
    1065       1.6795
    1066       1.7006
    1067       1.6309
    1068       1.6854
    1069       1.6190
    1070       1.6112
    1071       1.7386
    1072       1.6505
    1073       1.7102
    1074       1.7591
    1075       1.6974
    1076       1.7467
    1077       1.6328
    1078       1.6108
    1079       1.8382
    1080       1.7068
    1081       1.5675
    1082       1.6096
    1083       1.7270
    1084       1.6758
    1085       1.6350
    1086       1.6757
    1087       1.7003
    1088       1.8417
    1089       1.6983
    1090       1.6999
    1091       1.7332
    1092       1.6966
    1093       1.6767
    1094       1.7507
    1095       1.6429
    1096       1.6845
    1097       1.6815
    1098       1.6789
    1099       1.5746
    1100       1.6765
    1101       1.6997
    1102       1.6340
    1103       1.7449
    1104       1.6464
    1105       1.5960
    1106       1.6694
    1107       1.7571
    1108       1.6669
    1109       1.8223
    1110       1.7033
    1111       1.7754
    1112       1.7809
    1113       1.7550
    1114       1.7892
    1115       1.6651
    1116       1.6795
    1117       1.8006
    1118       1.6222
    1119       1.7462
    1120       1.5934
    1121       1.5447
    1122       1.7321
    1123       1.6272
    1124       1.8124
    1125       1.6123
    1126       1.7629
    1127       1.8294
    1128       1.6988
    1129       1.8587
    1130       1.7708
    1131       1.7338
    1132       1.5973
    1133       1.7144
    1134       1.7508
    1135       1.7719
    1136       1.8506
    1137       1.7262
    1138       1.7526
    1139       1.7735
    1140       1.7745
    1141       1.9503
    1142       1.8553
    1143       1.8864
    1144       1.9819
    1145       2.0227
    1146       2.0429
    1147       1.9123
    1148       1.9070
    1149       1.8782
    1150       1.8025
    1151       1.8255
    1152       1.7202
    1153       1.6705
    1154       1.6798
    1155       1.7186
    1156       1.6931
    1157       1.7260
    1158       1.6465
    1159       1.7207
    1160       1.7540
    1161       1.6906
    1162       2.0034
    1163       1.8297
    1164       1.7472
    1165       1.6867
    1166       1.8192
    1167       1.6941
    1168       1.7955
    1169       1.7829
    1170       1.8261
    1171       1.7895
    1172       1.7564
    1173       1.5109
    1174       1.6972
    1175       1.7024
    1176       1.6934
    1177       1.8406
    1178       1.7916
    1179       1.7690
    1180       1.8323
    1181       1.6795
    1182       1.6216
    1183       1.7163
    1184       1.7424
    1185       1.6052
    1186       1.7435
    1187       1.6138
    1188       1.5027
    1189       1.7970
    1190       1.6710
    1191       1.7095
    1192       1.7541
    1193       1.7191
    1194       1.6583
    1195       1.7449
    1196       1.7974
    1197       1.7156
    1198       1.7225
    1199       1.6560
    1200       1.8140
    1201       1.7219
    1202       1.7350
    1203       1.7409
    1204       1.6475
    1205       1.6950
    1206       1.6560
    1207       1.5712
    1208       1.7578
    1209       1.9257
    1210       1.7675
    1211       1.7466
    1212       1.7002
    1213       1.7192
    1214       1.5670
    1215       1.8094
    1216       1.9399
    1217       1.8210
    1218       1.8229
    1219       1.7681
    1220       1.7110
    1221       1.7381
    1222       1.8312
    1223       1.8488
    1224       1.7836
    1225       1.6620
    1226       1.8373
    1227       1.7704
    1228       1.7648
    1229       1.7719
    1230       1.7929
    1231       1.8087
    1232       1.8524
    1233       1.7784
    1234       1.7265
    1235       1.7194
    1236       1.8488
    1237       1.7283
    1238       1.8781
    1239       1.8632
    1240       1.8247
    1241       1.7796
    1242       1.7341
    1243       1.8272
    1244       1.7778
    1245       1.9408
    1246       1.7781
    1247       1.8353
    1248       1.7440
    1249       1.8430
    1250       1.7734
    1251       1.7982
    1252       1.8149
    1253       1.8598
    1254       1.7715
    1255       1.7140
    1256       1.7713
    1257       1.8330
    1258       1.7862
    1259       1.8111
    1260       1.7763
    1261       1.8826
    1262       1.7328
    1263       1.9349
    1264       1.6622
    1265       1.6680
    1266       1.8743
    1267       1.7800
    1268       1.8276
    1269       1.7047
    1270       1.8726
    1271       1.9531
    1272       1.8308
    1273       1.8741
    1274       1.7366
    1275       1.8846
    1276       1.8456
    1277       1.8665
    1278       1.8422
    1279       1.6832
    1280       1.6794
    1281       1.7802
    1282       1.7371
    1283       1.8571
    1284       1.8566
    1285       1.6082
    1286       1.6583
    1287       1.9002
    1288       1.7121
    1289       1.6953
    1290       1.7594
    1291       1.7575
    1292       1.7934
    1293       1.6899
    1294       1.7581
    1295       1.7913
    1296       1.7147
    1297       1.7724
    1298       1.6907
    1299       1.7399
    1300       1.7824
    1301       1.7795
    1302       1.7777
    1303       1.7385
    1304       1.7814
    1305       1.7862
    1306       1.6878
    1307       1.6702
    1308       1.6800
    1309       1.7373
    1310       1.7430
    1311       1.7664
    1312       1.6546
    1313       1.7174
    1314       1.6423
    1315       1.8134
    1316       1.6754
    1317       1.8280
    1318       1.7631
    1319       1.8328
    1320       1.7799
    1321       1.8390
    1322       1.7924
    1323       1.8047
    1324       1.8613
    1325       1.8819
    1326       1.8458
    1327       1.7854
    1328       1.7198
    1329       1.7464
    1330       1.8204
    1331       1.7258
    1332       1.7655
    1333       1.8209
    1334       1.7586
    1335       1.6983
    1336       1.8064
    1337       1.8670
    1338       1.7839
    1339       1.9013
    1340       1.9820
    1341       1.8589
    1342       1.7860
    1343       1.7079
    1344       1.6908
    1345       1.6778
    1346       1.7282
    1347       1.7405
    1348       1.7893
    1349       1.7244
    1350       1.7307
    1351       1.6211
    1352       1.5621
    1353       1.6550
    1354       1.7665
    1355       1.8065
    1356       1.5452
    1357       1.7550
    1358       1.6237
    1359       1.8452
    1360       1.8391
    1361       1.8995
    1362       1.7250
    1363       1.5789
    1364       1.7637
    1365       1.6381
    1366       1.8043
    1367       1.6155
    1368       1.7762
    1369       1.6541
    1370       1.7283
    1371       1.7591
    1372       1.6936
    1373       1.7332
    1374       1.6956
    1375       1.7507
    1376       1.6676
    1377       1.7522
    1378       1.8490
    1379       1.8519
    1380       1.7821
    1381       1.6201
    1382       1.6850
    1383       1.7768
    1384       1.7667
    1385       1.7807
    1386       1.6306
    1387       1.5067
    1388       1.7746
    1389       1.6675
    1390       1.8611
    1391       1.8293
    1392       1.7570
    1393       1.6259
    1394       1.6268
    1395       1.7356
    1396       1.7526
    1397       1.6942
    1398       1.6429
    1399       1.5797
    1400       1.7514
    1401       1.6615
    1402       1.6499
    1403       1.5416
    1404       1.6056
    1405       1.6121
    1406       1.6967
    1407       1.5556
    1408       1.6379
    1409       1.6207
    1410       1.5023
    1411       1.5035
    1412       1.5228
    1413       1.5801
    1414       1.5507
    1415       1.5522
    1416       1.5836
    1417       1.5368
    1418       1.7594
    1419       1.6590
    1420       1.6204
    1421       1.7519
    1422       1.6296
    1423       1.7032
    1424       1.5431
    1425       1.6576
    1426       1.7016
    1427       1.6622
    1428       1.6208
    1429       1.6134
    1430       1.5737
    1431       1.5384
    1432       1.5960
    1433       1.5066
    1434       1.6762
    1435       1.6110
    1436       1.6939
    1437       1.6249
    1438       1.5659
    1439       1.6183
    1440       1.5197
    1441       1.5876
    1442       1.5916
    1443       1.5528
    1444       1.5106
    1445       1.5007
    1446       1.6994
    1447       1.5516
    1448       1.5505
    1449       1.5207
    1450       1.5161
    1451       1.6469
    1452       1.6789
    1453       1.4927
    1454       1.6555
    1455       1.5448
    1456       1.5758
    1457       1.5274
    1458       1.5931
    1459       1.6348
    1460       1.6836
    1461       1.8454
    1462       1.6624
    1463       1.6643
    1464       1.6654
    1465       1.6872
    1466       1.5435
    1467       1.6859
    1468       1.5778
    1469       1.6866
    1470       1.6100
    1471       1.6941
    1472       1.6432
    1473       1.5972
    1474       1.5956
    1475       1.7231
    1476       1.6248
    1477       1.7644
    1478       1.7369
    1479       1.6655
    1480       1.7241
    1481       1.4898
    1482       1.5416
    1483       1.8816
    1484       1.7099
    1485       1.6968
    1486       1.8175
    1487       1.8166
    1488       1.6447
    1489       1.6946
    1490       1.6064
    1491       1.5579
    1492       1.5364
    1493       1.7814
    1494       1.7412
    1495       1.7550
    1496       1.6925
    1497       1.6657
    1498       1.7455
    1499       1.5710
    1500       1.7232
    1501       1.6173
    1502       1.4749
    1503       1.5936
    1504       1.5613
    1505       1.4780
    1506       1.6217
    1507       1.6065
    1508       1.5358
    1509       1.7140
    1510       1.6104
    1511       1.6739
    1512       1.6856
    1513       1.7741
    1514       1.7366
    1515       1.6787
    1516       1.6255
    1517       1.6344
    1518       1.6546
    1519       1.6942
    1520       1.7074
    1521       1.5719
    1522       1.7219
    1523       1.6477
    1524       1.8750
    1525       1.6225
    1526       1.7584
    1527       1.7386
    1528       1.5624
    1529       1.6401
    1530       1.6586
    1531       1.6569
    1532       1.5472
    1533       1.7274
    1534       1.5808
    1535       1.5675
    1536       1.6701
    1537       1.5742
    1538       1.5363
    1539       1.5765
    1540       1.5424
    1541       1.5572
    1542       1.5723
    1543       1.5618
    1544       1.5909
    1545       1.7477
    1546       1.6580
    1547       1.5201
    1548       1.5592
    1549       1.6014
    1550       1.6497
    1551       1.6720
    1552       1.6316
    1553       1.6614
    1554       1.6424
    1555       1.6577
    1556       1.6973
    1557       1.7629
    1558       1.6154
    1559       1.6557
    1560       1.6253
    1561       1.5537
    1562       1.6929
    1563       1.6288
    1564       1.5580
    1565       1.5871
    1566       1.6044
    1567       1.6405
    1568       1.5898
    1569       1.6287
    1570       1.6609
    1571       1.5059
    1572       1.5735
    1573       1.5725
    1574       1.4331
    1575       1.7112
    1576       1.6782
    1577       1.6590
    1578       1.6541
    1579       1.6793
    1580       1.4636
    1581       1.5702
    1582       1.4947
    1583       1.4285
    1584       1.5940
    1585       1.4363
    1586       1.4716
    1587       1.5714
    1588       1.7068
    1589       1.5132
    1590       1.5537
    1591       1.7441
    1592       1.5711
    1593       1.7707
    1594       1.6850
    1595       1.6623
    1596       1.7493
    1597       1.6536
    1598       1.6620
    1599       1.6667
    1600       1.7140
    1601       1.6450
    1602       1.6089
    1603       1.7406
    1604       1.6500
    1605       1.6565
    1606       1.7782
    1607       1.7673
    1608       1.7318
    1609       1.7945
    1610       1.7424
    1611       1.5764
    1612       1.5654
    1613       1.7331
    1614       1.7487
    1615       1.7125
    1616       1.6563
    1617       1.6717
    1618       1.8175
    1619       1.7483
    1620       1.7428
    1621       1.8525
    1622       1.7395
    1623       1.8588
    1624       1.6973
    1625       1.8481
    1626       1.7801
    1627       1.8433
    1628       1.8011
    1629       1.7809
    1630       1.7743
    1631       1.8282
    1632       1.7663
    1633       1.7497
    1634       1.8726
    1635       1.6212
    1636       1.6558
    1637       1.6882
    1638       1.6580
    1639       1.7597
    1640       1.7327
    1641       1.6923
    1642       1.7600
    1643       1.7850
    1644       1.7694
    1645       1.8318
    1646       1.7281
    1647       1.6510
    1648       1.6504
    1649       1.7242
    1650       1.8482
    1651       1.8538
    1652       1.7551
    1653       1.7731
    1654       1.7803
    1655       1.8005
    1656       1.8318
    1657       1.8976
    1658       1.7374
    1659       1.7391
    1660       1.6046
    1661       1.7050
    1662       1.6308
    1663       1.5739
    1664       1.7068
    1665       1.7039
    1666       1.6344
    1667       1.5809
    1668       1.7068
    1669       1.6717
    1670       1.5902
    1671       1.6601
    1672       1.7779
    1673       1.7719
    1674       1.7391
    1675       1.5916
    1676       1.6617
    1677       1.6293
    1678       1.7824
    1679       1.8390
    1680       1.6959
    1681       1.7596
    1682       1.5470
    1683       1.8269
    1684       1.6998
    1685       1.6064
    1686       1.6834
    1687       1.6268
    1688       1.6626
    1689       1.7977
    1690       1.7073
    1691       1.7134
    1692       1.6758
    1693       1.7862
    1694       1.7656
    1695       1.7836
    1696       1.7126
    1697       1.8461
    1698       1.7744
    1699       2.0020
    1700       1.8247
    1701       1.9244
    1702       1.7372
    1703       1.8238
    1704       1.8162
    1705       1.7978
    1706       1.7962
    1707       1.8381
    1708       1.8794
    1709       1.8033
    1710       1.7452
    1711       1.9173
    1712       1.6825
    1713       1.7333
    1714       1.7913
    1715       1.8312
    1716       1.8304
    1717       1.7937
    1718       1.6581
    1719       1.6279
    1720       1.6665
    1721       1.7535
    1722       1.6850
    1723       1.6846
    1724       1.8663
    1725       1.8770
    1726       1.7087
    1727       1.7914
    1728       1.6968
    1729       1.7501
    1730       2.0507
    1731       1.8125
    1732       1.6799
    1733       1.9154
    1734       1.6259
    1735       1.8258
    1736       1.7953
    1737       1.6764
    1738       1.7997
    1739       1.6899
    1740       1.7164
    1741       1.8418
    1742       1.8528
    1743       1.7776
    1744       1.8663
    1745       1.9444
    1746       1.8199
    1747       1.9241
    1748       1.8399
    1749       1.8102
    1750       1.7696
    1751       1.8321
    1752       2.0039
    1753       1.9173
    1754       1.8896
    1755       1.8204
    1756       1.8646
    1757       1.7282
    1758       1.9630
    1759       1.8754
    1760       1.8967
    1761       2.0604
    1762       1.8541
    1763       1.9895
    1764       1.9953
    1765       1.7592
    1766       1.9441
    1767       1.8609
    1768       1.8765
    1769       1.8633
    1770       1.7536
    1771       1.8979
    1772       1.7936
    1773       1.7791
    1774       2.0116
    1775       1.8442
    1776       1.7873
    1777       1.8057
    1778       1.7458
    1779       1.8553
    1780       1.6991
    1781       1.7605
    1782       1.7745
    1783       1.8251
    1784       1.6636
    1785       1.8626
    1786       1.8049
    1787       1.9030
    1788       1.7364
    1789       1.7461
    1790       1.7448
    1791       1.7833
    1792       1.7015
    1793       1.7416
    1794       1.5799
    1795       1.8328
    1796       1.8821
    1797       1.7965
    1798       1.9323
    1799       1.7828
    1800       1.8050
    1801       1.6237
    1802       1.7643
    1803       1.8568
    1804       1.7928
    1805       1.7150
    1806       1.8871
    1807       1.8761
    1808       1.7257
    1809       1.5220
    1810       1.7079
    1811       1.6226
    1812       1.5834
    1813       1.6273
    1814       1.7267
    1815       1.5798
    1816       1.6363
    1817       1.6285
    1818       1.5867
    1819       1.5902
    1820       1.7280
    1821       1.8013
    1822       1.8408
    1823       1.8048
    1824       1.7899
    1825       1.8794
    1826       1.7858
    1827       1.9161
    1828       1.7744
    1829       1.7722
    1830       1.7048
    1831       1.7129
    1832       1.6000
    1833       1.9254
    1834       1.9547
    1835       1.8957
    1836       1.8453
    1837       1.9409
    1838       1.8448
    1839       1.8853
    1840       1.6292
    1841       1.7310
    1842       1.6544
    1843       1.7226
    1844       1.8421
    1845       1.7541
    1846       1.8863
    1847       1.9071
    1848       1.7665
    1849       1.9440
    1850       1.8563
    1851       2.0283
    1852       1.9223
    1853       1.9531
    1854       2.1268
    1855       1.9819
    1856       1.9346
    1857       1.8403
    1858       1.9368
    1859       2.0363
    1860       1.9139
    1861       1.9233
    1862       1.9887
    1863       1.9940
    1864       1.9717
    1865       1.8008
    1866       1.9282
    1867       1.9506
    1868       1.9355
    1869       1.8667
    1870       1.8267
    1871       1.9349
    1872       1.7936
    1873       1.8101
    1874       1.7527
    1875       1.7178
    1876       1.8652
    1877       1.7185
    1878       1.8351
    1879       1.8683
    1880       1.7579
    1881       1.8344
    1882       1.7191
    1883       1.7256
    1884       1.7560
    1885       1.8778
    1886       1.7483
    1887       1.9122
    1888       1.7813
    1889       1.7081
    1890       1.7789
    1891       1.9507
    1892       1.6851
    1893       1.9408
    1894       1.9147
    1895       1.8524
    1896       1.8093
    1897       1.9230
    1898       1.8730
    1899       1.8336
    1900       1.7515
    1901       1.8249
    1902       1.9644
    1903       2.0707
    1904       2.0889
    1905       1.9418
    1906       1.8164
    1907       1.9129
    1908       1.7973
    1909       1.9159
    1910       1.7333
    1911       1.7814
    1912       1.9492
    1913       1.7875
    1914       1.9317
    1915       1.7291
    1916       1.8671
    1917       1.8701
    1918       1.6311
    1919       2.0000
    1920       1.8459
    1921       1.8662
    1922       1.9613
    1923       1.9620
    1924       1.7241
    1925       1.8234
    1926       1.8504
    1927       1.7955
    1928       1.9237
    1929       2.0261
    1930       2.0075
    1931       1.8946
    1932       1.7974
    1933       1.8354
    1934       1.9241
    1935       1.7290
    1936       1.7808
    1937       1.5114
    1938       1.6497
    1939       1.8157
    1940       1.9267
    1941       1.7506
    1942       1.8876
    1943       1.8182
    1944       1.8091
    1945       1.7108
    1946       1.7212
    1947       1.6749
    1948       1.9229
    1949       1.6705
    1950       1.7221
    1951       1.6331
    1952       1.7795
    1953       1.7925
    1954       1.6603
    1955       1.6037
    1956       1.7738
    1957       1.7132
    1958       1.7083
    1959       1.6837
    1960       1.6947
    1961       1.7355
    1962       1.7622
    1963       1.8073
    1964       1.7436
    1965       1.8070
    1966       1.7580
    1967       1.7610
    1968       1.7753
    1969       1.6938
    1970       1.7773
    1971       1.8686
    1972       1.7008
    1973       1.8114
    1974       1.8458
    1975       1.8451
    1976       1.7843
    1977       1.9371
    1978       1.8465
    1979       1.8214
    1980       1.8144
    1981       1.9026
    1982       1.8945
    1983       1.9318
    1984       1.9786
    1985       2.0461
    1986       1.8674
    1987       1.9554
    1988       1.9043
    1989       1.9517
    1990       1.8282
    1991       1.8803
    1992       1.7598
    1993       1.8324
    1994       1.8159
    1995       1.8886
    1996       1.8710
    1997       1.8842
    1998       1.8517
    1999       1.7978
    2000       1.8463
    2001       1.6616
    2002       1.9236
    2003       1.8919
    2004       1.8051
    2005       1.8904
    2006       2.0100
    2007       1.8813
    2008       1.7078
    2009       1.7576
    2010       1.9122
    2011       1.8385
    2012       1.7616
    2013       1.7976
    2014       1.7198
    2015       1.7650
    2016       1.7282
    2017       1.7855
    2018       1.9332
    2019       1.9094
    2020       1.9057
    2021       1.8962
    2022       2.0170
    2023       1.8347
    2024       1.8794
    2025       1.8583
    2026       1.8525
    2027       1.9247
    2028       1.7906
    2029       1.8485
    2030       1.7153
    2031       1.6943
    2032       1.9736
    2033       2.0420
    2034       2.1279
    2035       1.9676
    2036       1.9375
    2037       1.8254
    2038       1.8152
    2039       1.8606
    2040       1.9305
    2041       1.9022
    2042       1.8880
    2043       1.7585
    2044       1.9390
    2045       1.7085
    2046       1.8334
    2047       1.8549
    2048       1.8975
    2049       1.8022
    2050       1.7229
    2051       1.9013
    2052       1.7746
    2053       1.8055
    2054       1.7543
    2055       2.0680
    2056       1.8776
    2057       1.7861
    2058       1.8946
    2059       1.8095
    2060       1.9202
    2061       1.9570
    2062       2.0314
    2063       1.8958
    2064       1.9374
    2065       1.7695
    2066       1.8325
    2067       1.8431
    2068       1.7211
    2069       1.9453
    2070       1.9295
    2071       1.7660
    2072       1.8815
    2073       1.8748
    2074       1.8342
    2075       1.9901
    2076       1.7638
    2077       1.9770
    2078       1.8123
    2079       1.9579
    2080       1.7707
    2081       1.7598
    2082       1.7578
    2083       1.8628
    2084       1.7668
    2085       1.8617
    2086       2.0579
    2087       1.7980
    2088       2.0048
    2089       1.9533
    2090       1.8023
    2091       2.0027
    2092       1.8687
    2093       1.8937
    2094       1.9015
    2095       1.8587
    2096       1.8106
    2097       1.8708
    2098       2.0189
    2099       1.8915
    2100       1.7084
    2101       1.7124
    2102       1.8104
    2103       1.8110
    2104       1.8519
    2105       1.7841
    2106       1.8714
    2107       1.7656
    2108       1.7350
    2109       1.8486
    2110       1.7761
    2111       1.7429
    2112       1.8373
    2113       1.9879
    2114       1.7899
    2115       1.7801
    2116       1.6950
    2117       1.6375
    2118       1.6412
    2119       1.6221
    2120       1.7266
    2121       1.7225
    2122       1.7219
    2123       1.6270
    2124       1.6308
    2125       1.7408
    2126       1.5706
    2127       1.7066
    2128       1.7681
    2129       1.7462
    2130       1.7788
    2131       1.6515
    2132       1.7173
    2133       1.6668
    2134       1.6914
    2135       1.6408
    2136       1.7103
    2137       1.7294
    2138       1.6392
    2139       1.6047
    2140       1.8081
    2141       1.7561
    2142       1.7851
    2143       1.8039
    2144       1.7406
    2145       1.7863
    2146       1.8806
    2147       1.7514
    2148       1.6863
    2149       1.7045
    2150       1.7704
    2151       1.7636
    2152       1.7031
    2153       1.7684
    2154       1.7143
    2155       1.8028
    2156       1.7836
    2157       1.6414
    2158       1.7083
    2159       1.8104
    2160       1.7095
    2161       1.9686
    2162       1.8705
    2163       1.8326
    2164       1.7560
    2165       1.7378
    2166       1.6834
    2167       1.8157
    2168       1.6311
    2169       1.7171
    2170       1.6908
    2171       1.6415
    2172       1.5819
    2173       1.6309
    2174       1.6975
    2175       1.5165
    2176       1.7000
    2177       1.5983
    2178       1.7414
    2179       1.7720
    2180       1.6688
    2181       1.7905
    2182       1.7355
    2183       1.6463
    2184       1.6803
    2185       1.6686
    2186       1.6950
    2187       1.6202
    2188       1.5794
    2189       1.6239
    2190       1.5707
    2191       1.6856
    2192       1.6474
    2193       1.7157
    2194       1.6169
    2195       1.7422
    2196       1.7576
    2197       1.6567
    2198       1.5730
    2199       1.6602
    2200       1.7541
    2201       1.8196
    2202       1.8056
    2203       1.7355
    2204       1.7254
    2205       1.7566
    2206       1.8063
    2207       1.6498
    2208       1.6441
    2209       1.8231
    2210       1.7122
    2211       1.8730
    2212       1.5978
    2213       1.7031
    2214       1.7425
    2215       1.7177
    2216       1.7464
    2217       1.8852
    2218       1.7413
    2219       1.8004
    2220       1.7060
    2221       1.7144
    2222       1.7759
    2223       1.6568
    2224       1.6213
    2225       1.7520
    2226       1.7622
    2227       1.7681
    2228       1.8122
    2229       1.7390
    2230       1.9211
    2231       1.6672
    2232       1.8723
    2233       1.8533
    2234       1.8341
    2235       1.9523
    2236       1.8338
    2237       1.8417
    2238       1.7170
    2239       1.8040
    2240       2.0297
    2241       1.8601
    2242       1.8535
    2243       1.9134
    2244       1.7454
    2245       1.7719
    2246       1.9182
    2247       1.9037
    2248       1.8425
    2249       1.9424
    2250       1.9252
    2251       1.7397
    2252       1.9687
    2253       1.9622
    2254       2.0741
    2255       1.9632
    2256       1.9405
    2257       1.9816
    2258       2.0837
    2259       1.8927
    2260       2.1039
    2261       1.9339
    2262       1.8758
    2263       1.8975
    2264       1.7579
    2265       1.9801
    2266       1.7338
    2267       1.7005
    2268       1.7575
    2269       1.7078
    2270       1.7499
    2271       1.7369
    2272       1.8187
    2273       1.9897
    2274       1.9599
    2275       1.9359
    2276       1.9331
    2277       1.8804
    2278       1.9601
    2279       2.0389
    2280       1.8672
    2281       1.9666
    2282       1.7597
    2283       1.8388
    2284       1.9184
    2285       1.7961
    2286       1.7476
    2287       1.8627
    2288       1.8777
    2289       1.8140
    2290       1.9670
    2291       1.8897
    2292       1.8802
    2293       1.9776
    2294       1.9651
    2295       2.0459
    2296       1.9902
    2297       1.9532
    2298       1.8315
    2299       2.0441
    2300       1.8735
    2301       1.7457
    2302       1.7183
    2303       1.7898
    2304       1.7982
    2305       1.8859
    2306       1.7219
    2307       1.7605
    2308       1.7417
    2309       1.7934
    2310       1.8664
    2311       1.9209
    2312       1.9337
    2313       1.8519
    2314       1.8012
    2315       2.0100
    2316       2.0006
    2317       1.8552
    2318       1.8861
    2319       1.8060
    2320       1.8945
    2321       1.9832
    2322       1.9067
    2323       1.9639
    2324       2.0966
    2325       2.1193
    2326       2.1979
    2327       1.9555
    2328       1.9832
    2329       2.0433
    2330       1.9540
    2331       1.9303
    2332       1.9406
    2333       1.8212
    2334       1.8740
    2335       1.9576
    2336       1.8410
    2337       1.7777
    2338       2.0267
    2339       2.1021
    2340       1.9024
    2341       1.9056
    2342       1.9284
    2343       1.9666
    2344       1.8219
    2345       1.9358
    2346       2.0403
    2347       1.9614
    2348       2.0097
    2349       1.9777
    2350       2.0656
    2351       1.9953
    2352       1.7240
    2353       2.0031
    2354       2.0227
    2355       1.9050
    2356       1.9471
    2357       2.0478
    2358       2.0754
    2359       1.8581
    2360       1.8535
    2361       1.9461
    2362       1.9986
    2363       2.0074
    2364       2.1523
    2365       2.0930
    2366       1.9326
    2367       1.9729
    2368       1.8942
    2369       1.9725
    2370       1.9952
    2371       2.1432
    2372       1.8935
    2373       2.0488
    2374       1.9364
    2375       1.9213
    2376       1.8551
    2377       1.8642
    2378       1.9705
    2379       1.9059
    2380       2.0182
    2381       1.9279
    2382       1.6692
    2383       1.7780
    2384       1.8254
    2385       2.0380
    2386       1.7423
    2387       1.9480
    2388       1.7813
    2389       1.8674
    2390       1.9234
    2391       2.0925
    2392       2.0045
    2393       2.0421
    2394       2.0303
    2395       1.8933
    2396       2.1718
    2397       2.0769
    2398       2.0836
    2399       2.0337
    2400       2.0285
    2401       1.9066
    2402       2.0640
    2403       2.0297
    2404       2.0778
    2405       1.8160
    2406       1.9250
    2407       1.8772
    2408       1.7283
    2409       1.8750
    2410       1.9004
    2411       1.9382
    2412       1.7473
    2413       1.7204
    2414       1.7724
    2415       1.8793
    2416       1.8253
    2417       1.7895
    2418       1.7751
    2419       1.6895
    2420       1.7428
    2421       1.8412
    2422       1.7612
    2423       1.9477
    2424       1.7994
    2425       1.9126
    2426       1.9071
    2427       1.8058
    2428       1.9543
    2429       1.9128
    2430       1.7844
    2431       1.7895
    2432       1.9238
    2433       1.8131
    2434       1.9188
    2435       1.8452
    2436       1.9857
    2437       1.9235
    2438       1.8614
    2439       1.7860
    2440       1.9250
    2441       1.7707
    2442       1.8814
    2443       1.8806
    2444       1.7369
    2445       1.7907
    2446       1.8465
    2447       1.8849
    2448       1.9677
    2449       1.9218
    2450       1.9782
    2451       1.9978
    2452       1.8772
    2453       1.8670
    2454       1.9106
    2455       1.9168
    2456       1.7853
    2457       1.7763
    2458       1.9046
    2459       1.8569
    2460       1.9068
    2461       1.8506
    2462       1.8316
    2463       1.9015
    2464       1.8038
    2465       1.9279
    2466       1.9965
    2467       1.9700
    2468       1.9794
    2469       1.9924
    2470       1.8511
    2471       1.8510
    2472       1.8008
    2473       1.9996
    2474       1.9193
    2475       1.8968
    2476       1.9361
    2477       1.9738
    2478       1.8167
    2479       1.6961
    2480       1.9064
    2481       1.8798
    2482       1.8797
    2483       1.7987
    2484       1.9279
    2485       1.8150
    2486       1.9372
    2487       1.8498
    2488       1.9217
    2489       1.7401
    2490       1.9861
    2491       1.9320
    2492       1.8757
    2493       1.8997
    2494       1.9456
    2495       2.0073
    2496       1.8848
    2497       2.0304
    2498       1.8895
    2499       1.8620
    2500       1.9384
    2501       1.8949
    2502       1.8819
    2503       1.8153
    2504       1.9198
    2505       1.7690
    2506       1.7694
    2507       1.7194
    2508       1.7348
    2509       1.7344
    2510       1.7451
    2511       1.7089
    2512       1.7629
    2513       1.7801
    2514       1.6842
    2515       1.6921
    2516       1.7839
    2517       1.6915
    2518       1.7284
    2519       1.7383
    2520       1.7125
    2521       1.7681
    2522       1.7327
    2523       1.7527
    2524       1.8551
    2525       1.7500
    2526       1.7723
    2527       1.8073
    2528       1.6513
    2529       1.7889
    2530       1.7737
    2531       1.7322
    2532       1.7292
    2533       1.9096
    2534       1.7649
    2535       1.8379
    2536       1.8259
    2537       1.6649
    2538       1.7375
    2539       1.7034
    2540       1.8110
    2541       1.8984
    2542       1.8484
    2543       1.5978
    2544       1.7742
    2545       1.6698
    2546       1.7569
    2547       1.8576
    2548       1.8002
    2549       1.8040
    2550       1.7276
    2551       1.7583
    2552       1.8193
    2553       1.7829
    2554       1.8751
    2555       1.8376
    2556       1.8368
    2557       1.7688
    2558       2.0558
    2559       1.7666
    2560       1.7908
    2561       1.8305
    2562       1.8254
    2563       1.7956
    2564       1.7358
    2565       1.6770
    2566       1.7121
    2567       1.7590
    2568       1.7440
    2569       1.6520
    2570       1.6476
    2571       1.4975
    2572       1.6444
    2573       1.8225
    2574       1.7433
    2575       1.7649
    2576       1.6658
    2577       1.7380
    2578       1.6970
    2579       1.6286
    2580       1.6312
    2581       1.6560
    2582       1.6602
    2583       1.6129
    2584       1.6582
    2585       1.6919
    2586       1.6655
    2587       1.6373
    2588       1.6476
    2589       1.9272
    2590       1.7456
    2591       1.7913
    2592       1.7278
    2593       1.6223
    2594       1.6014
    2595       1.7597
    2596       1.6759
    2597       1.7138
    2598       1.7048
    2599       1.7343
    2600       1.6965
    2601       1.6985
    2602       1.6416
    2603       1.5614
    2604       1.6161
    2605       1.6298
    2606       1.6487
    2607       1.6250
    2608       1.6050
    2609       1.7277
    2610       1.6539
    2611       1.7038
    2612       1.6671
    2613       1.6225
    2614       1.6641
    2615       1.7552
    2616       1.7337
    2617       1.6578
    2618       1.6397
    2619       1.6284
    2620       1.7188
    2621       1.7159
    2622       1.7358
    2623       1.7757
    2624       1.7077
    2625       1.8510
    2626       1.8328
    2627       1.7654
    2628       1.8330
    2629       1.7947
    2630       1.9422
    2631       1.8146
    2632       1.8301
    2633       1.7956
    2634       1.6848
    2635       1.6858
    2636       1.9121
    2637       1.7062
    2638       1.7188
    2639       1.7171
    2640       1.7131
    2641       1.8705
    2642       1.7391
    2643       1.7331
    2644       1.7976
    2645       1.7859
    2646       1.7911
    2647       1.8455
    2648       1.7024
    2649       1.7354
    2650       1.6841
    2651       1.7438
    2652       1.7551
    2653       1.6798
    2654       1.7175
    2655       1.8102
    2656       1.7879
    2657       1.7149
    2658       1.6786
    2659       1.7296
    2660       1.6430
    2661       1.7122
    2662       1.5962
    2663       1.7267
    2664       1.7281
    2665       1.6812
    2666       1.6638
    2667       1.7855
    2668       1.6454
    2669       1.7439
    2670       1.7299
    2671       1.7560
    2672       1.6467
    2673       1.7588
    2674       1.6819
    2675       1.6787
    2676       1.7195
    2677       1.8413
    2678       1.6853
    2679       1.5807
    2680       1.7140
    2681       1.7276
    2682       1.9395
    2683       1.7408
    2684       1.8618
    2685       1.7550
    2686       1.8512
    2687       1.7342
    2688       1.7055
    2689       1.6816
    2690       1.6844
    2691       1.6655
    2692       1.6588
    2693       1.6449
    2694       1.6387
    2695       1.5704
    2696       1.5091
    2697       1.7098
    2698       1.7214
    2699       1.6537
    2700       1.7544
    2701       1.6456
    2702       1.7225
    2703       1.7785
    2704       1.7726
    2705       1.7069
    2706       1.6879
    2707       1.6280
    2708       1.6219
    2709       1.6667
    2710       1.6326
    2711       1.6532
    2712       1.7306
    2713       1.6754
    2714       1.6795
    2715       1.6739
    2716       1.7184
    2717       1.7022
    2718       1.6227
    2719       1.5695
    2720       1.5857
    2721       1.5616
    2722       1.6433
    2723       1.6931
    2724       1.8018
    2725       1.6818
    2726       1.7454
    2727       1.5938
    2728       1.7046
    2729       1.5813
    2730       1.6283
    2731       1.6465
    2732       1.5555
    2733       1.6464
    2734       1.6956
    2735       1.6714
    2736       1.7094
    2737       1.6518
    2738       1.7298
    2739       1.7522
    2740       1.6426
    2741       1.7444
    2742       1.7940
    2743       1.7794
    2744       1.7740
    2745       1.7387
    2746       1.7675
    2747       1.7393
    2748       1.6913
    2749       1.6688
    2750       1.5941
    2751       1.6525
    2752       1.7880
    2753       1.6107
    2754       1.5780
    2755       1.6259
    2756       1.7391
    2757       1.6510
    2758       1.6484
    2759       1.6387
    2760       1.6982
    2761       1.5670
    2762       1.6967
    2763       1.8474
    2764       1.8332
    2765       1.6950
    2766       1.6970
    2767       1.6452
    2768       1.5120
    2769       1.6201
    2770       1.6732
    2771       1.7521
    2772       1.6867
    2773       1.7076
    2774       1.7854
    2775       1.6620
    2776       1.6726
    2777       1.7352
    2778       1.7178
    2779       1.5040
    2780       1.6871
    2781       1.6881
    2782       1.6224
    2783       1.6925
    2784       1.6192
    2785       1.6133
    2786       1.6727
    2787       1.7086
    2788       1.7206
    2789       1.6894
    2790       1.6586
    2791       1.7439
    2792       1.7716
    2793       1.7494
    2794       1.7007
    2795       1.6489
    2796       1.7023
    2797       1.8008
    2798       1.8650
    2799       1.8096
    2800       1.8518
    2801       1.7885
    2802       1.7865
    2803       1.6925
    2804       1.7271
    2805       1.7322
    2806       1.8070
    2807       1.6840
    2808       1.7490
    2809       1.7322
    2810       1.7674
    2811       1.8561
    2812       1.9790
    2813       1.7361
    2814       1.8398
    2815       1.8520
    2816       1.8198
    2817       1.8273
    2818       1.9590
    2819       1.8242
    2820       1.8521
    2821       1.7529
    2822       1.9458
    2823       1.8940
    2824       1.8184
    2825       1.7597
    2826       1.9101
    2827       1.8007
    2828       1.8237
    2829       1.7656
    2830       1.8575
    2831       1.9101
    2832       1.9084
    2833       1.8358
    2834       1.8296
    2835       1.8184
    2836       1.7504
    2837       1.7629
    2838       1.7923
    2839       1.8118
    2840       1.8230
    2841       1.7352
    2842       1.8151
    2843       1.8113
    2844       1.8118
    2845       1.8973
    2846       1.7456
    2847       1.8663
    2848       1.8229
    2849       1.8354
    2850       1.7980
    2851       1.8791
    2852       1.8013
    2853       1.8533
    2854       1.9517
    2855       1.8724
    2856       1.8185
    2857       1.8245
    2858       1.8593
    2859       1.7448
    2860       1.7392
    2861       1.8983
    2862       2.0219
    2863       1.7957
    2864       1.9071
    2865       1.8725
    2866       1.8346
    2867       1.9177
    2868       1.7970
    2869       1.9166
    2870       1.9999
    2871       1.8548
    2872       1.8732
    2873       1.8172
    2874       1.9065
    2875       1.9279
    2876       1.8074
    2877       1.9143
    2878       2.0272
    2879       1.9794
    2880       1.8354
    2881       1.8546
    2882       1.9020
    2883       1.7681
    2884       1.8705
    2885       1.8866
    2886       1.8680
    2887       1.8030
    2888       1.9058
    2889       1.7825
    2890       1.8017
    2891       1.9510
    2892       1.8110
    2893       1.8440
    2894       1.7678
    2895       1.8832
    2896       1.7395
    2897       1.8842
    2898       1.7844
    2899       1.8561
    2900       1.7598
    2901       1.8778
    2902       1.9167
    2903       1.8426
    2904       1.8309
    2905       1.8711
    2906       1.8763
    2907       1.8662
    2908       1.6956
    2909       1.7734
    2910       1.6819
    2911       1.6489
    2912       1.8209
    2913       1.6956
    2914       1.6855
    2915       1.6924
    2916       1.8441
    2917       1.7837
    2918       1.7889
    2919       1.6172
    2920       1.7283
    2921       1.7310
    2922       1.6723
    2923       1.6747
    2924       1.6928
    2925       1.8469
    2926       1.7243
    2927       1.7491
    2928       1.8209
    2929       1.8594
    2930       1.8119
    2931       1.8164
    2932       1.7827
    2933       1.7628
    2934       1.8239
    2935       1.7213
    2936       1.7493
    2937       1.7589
    2938       1.8002
    2939       1.7343
    2940       1.7983
    2941       1.8580
    2942       1.8810
    2943       1.9559
    2944       1.9399
    2945       1.7710
    2946       1.7839
    2947       1.6892
    2948       1.6772
    2949       1.6435
    2950       1.6905
    2951       1.7068
    2952       1.8100
    2953       1.7650
    2954       1.6383
    2955       1.6554
    2956       1.7480
    2957       1.7052
    2958       1.7997
    2959       1.6756
    2960       1.6232
    2961       1.7116
    2962       1.7276
    2963       1.7364
    2964       1.6885
    2965       1.7550
    2966       1.7164
    2967       1.7290
    2968       1.7566
    2969       1.8019
    2970       1.8781
    2971       1.7107
    2972       1.7795
    2973       1.6972
    2974       1.6407
    2975       1.6471
    2976       1.7497
    2977       1.7553
    2978       1.5669
    2979       1.7112
    2980       1.8303
    2981       1.7909
    2982       2.0022
    2983       1.7660
    2984       1.9117
    2985       1.6905
    2986       1.7306
    2987       1.6721
    2988       1.5891
    2989       1.6863
    2990       1.6923
    2991       1.7494
    2992       1.6708
    2993       1.6706
    2994       1.7522
    2995       1.7226
    2996       1.5933
    2997       1.7043
    2998       1.7351
    2999       1.6061
    3000       1.7447
    3001       1.7310
