0.274544
0.597877
0.945659
1.267330
1.555403
1.831549
2.138776
2.466887
2.730005
3.022148
3.305251
3.625798
3.939757
4.207770
4.485999
4.787134
5.129533
5.498363
5.819543
6.130199
6.443798
6.745153
7.056415
7.432123
7.819295
8.245052
8.678207
9.112975
9.538002
9.897501
10.283481
10.705490
11.126263
11.531753
11.939753
12.350494
12.725023
13.083256
13.449202
13.839483
14.211027
14.614477
15.005142
15.416338
15.765151
16.148009
16.533221
16.904858
17.282099
17.711256
18.129571
18.473553
18.843142
19.252973
19.651716
20.072092
20.476269
20.850299
21.254404
21.631070
22.014035
22.411893
22.795434
23.185616
23.565813
23.961383
24.347245
24.763485
25.154115
25.525262
25.888969
26.288503
26.665730
27.077075
27.434449
27.796796
28.160569
28.556202
28.934992
29.325192
29.739492
30.144643
30.524275
30.940400
31.374523
31.748712
32.139355
32.509454
32.928050
33.293262
33.666700
34.060218
34.464936
34.814760
35.216289
35.589308
35.962170
36.340390
36.697445
37.081909
37.479913
37.881475
38.226178
38.623011
38.971822
39.360840
39.768555
40.191442
40.584291
41.002002
41.441987
41.888921
42.339910
42.871354
43.347426
43.837737
44.247798
44.714914
45.206837
45.674428
46.124474
46.559727
46.993025
47.378305
47.788802
48.191192
48.598423
48.990800
49.399968
49.843839
50.265827
50.696665
51.109790
51.541622
51.998173
52.393823
52.808912
53.237416
53.647903
54.091655
54.468690
54.895118
55.292347
55.728442
56.122648
56.537355
56.936384
57.353154
57.765142
58.162580
58.581059
58.993958
59.409992
59.787559
60.168798
60.540934
60.969247
61.421654
61.882365
62.284253
62.699742
63.147790
63.530326
63.952412
64.378621
64.809096
65.214480
65.659070
66.043557
66.435103
66.835472
67.200520
67.613419
68.045216
68.432030
68.831206
69.244158
69.626701
70.022156
70.411890
70.794293
71.263940
71.693276
72.058307
72.445767
72.852205
73.204551
73.565154
73.938888
74.363693
74.751839
75.151656
75.584774
75.953687
76.353702
76.813563
77.248014
77.686878
78.102762
78.527653
78.979999
79.381487
79.786731
80.235961
80.709360
81.194999
81.641311
82.092313
82.576721
83.028176
83.456147
83.891481
84.327595
84.773644
85.198835
85.645687
86.027850
86.439835
86.921418
87.351194
87.793052
88.228642
88.665736
89.122334
89.528812
90.013306
90.529701
91.031351
91.463632
91.875047
92.310079
92.730456
93.136741
93.570198
94.014906
94.461751
94.904068
95.373634
95.805139
96.264226
96.772737
97.290972
97.748294
98.218531
98.688038
99.181020
99.630232
100.099337
100.531237
100.977702
101.375688
101.852061
102.330597
102.828551
103.251051
103.669031
104.116051
104.573189
105.054634
105.486526
105.944250
106.367556
106.807103
107.295068
107.764535
108.228356
108.669528
109.078945
109.571045
110.005707
110.453269
110.915857
111.388650
111.871033
112.364369
112.888381
113.327645
113.889736
114.497675
114.977075
115.447095
115.882254
116.322026
116.766200
117.198431
117.580466
118.019063
118.439656
118.944755
119.377615
119.850014
120.286384
120.743655
121.167415
121.647673
122.084205
122.532768
122.971987
123.466621
123.938372
124.423635
124.872427
125.345503
125.804938
126.282924
126.771188
127.190993
127.679348
128.128547
128.576690
129.042094
129.481505
129.966271
130.431774
130.831059
131.240627
131.684785
132.137640
132.619649
133.077258
133.550192
133.990884
134.462282
134.909460
135.313464
135.708910
136.166807
136.603324
137.033227
137.525003
138.022540
138.529914
139.047678
139.533283
140.016284
140.415283
140.819852
141.264793
141.722801
142.155428
142.579124
143.051008
143.524953
143.993889
144.446747
144.898830
145.366824
145.784177
146.225804
146.659369
147.077874
147.485198
147.881355
148.283523
148.647047
149.030268
149.420173
149.832078
150.263427
150.678295
151.041318
151.438046
151.904052
152.315036
152.770326
153.176964
153.593018
154.009428
154.425337
154.791652
155.148037
155.519472
155.910078
156.304479
156.669276
157.079577
157.441513
157.738961
158.112382
158.552561
159.084269
159.545370
159.999656
160.449550
160.882849
161.371350
161.854783
162.335130
162.843273
163.267263
163.703848
164.122399
164.609087
165.112917
165.636874
166.202066
166.725638
167.170728
167.684607
168.178009
168.650599
169.182908
169.698207
170.253954
170.742014
171.232580
171.716741
172.204258
172.660106
173.155273
173.592865
173.990325
174.454285
174.928963
175.440442
175.911432
176.395910
176.928648
177.368232
177.866549
178.310405
178.751610
179.204650
179.662026
180.144384
180.612542
181.089084
181.521957
182.006625
182.467640
182.913475
183.400153
183.863851
184.327137
184.787876
185.295501
185.799607
186.238798
186.663701
187.087254
187.497613
187.959495
188.399556
188.804256
189.190479
189.660332
190.129109
190.547661
190.982529
191.405009
191.841569
192.290996
192.749082
193.229497
193.662698
194.075527
194.501898
194.922141
195.383521
195.781202
196.266664
196.716326
197.129565
197.500419
197.963728
198.395190
198.826180
199.264126
199.693402
200.139583
200.569914
200.986378
201.427505
201.845141
202.253965
202.668984
203.089217
203.507471
203.918528
204.345945
204.894917
205.426411
205.928895
206.378064
206.853999
207.307896
207.783961
208.265589
208.775167
209.249762
209.715620
210.187834
210.766518
211.309396
211.779791
212.298150
212.803573
213.296336
213.758512
214.262978
214.740401
215.233103
215.740887
216.212523
216.716692
217.217611
217.673635
218.200644
218.758942
219.302215
219.800119
220.240351
220.740885
221.230420
221.694509
222.148439
222.600185
223.099487
223.565595
224.003378
224.491838
224.975989
225.436630
225.887682
226.317907
226.739404
227.149684
227.598177
228.020914
228.470165
228.906720
229.359871
229.837677
230.315201
230.783671
231.210725
231.624183
232.037887
232.445855
232.922165
233.379193
233.856237
234.302911
234.755812
235.205325
235.699240
236.178187
236.609619
237.062302
237.545684
238.026486
238.426357
238.842023
239.266576
239.725820
240.119898
240.599372
241.007525
241.466882
241.896974
242.370468
242.875499
243.286048
243.701827
244.132490
244.526037
244.928259
245.341425
245.759636
246.206200
246.654507
247.059989
247.501021
247.897620
248.300567
248.720874
249.103942
249.529225
249.916965
250.314533
250.761837
251.209603
251.671839
252.094735
252.474569
252.865714
253.296825
253.717573
254.146485
254.522473
254.939062
255.371192
255.797061
256.226474
256.678206
257.112306
257.550062
257.983933
258.418104
258.872697
259.326078
