#Frame         myrmsd
       1       0.0000
       2       1.2843
       3       1.4734
       4       1.6574
       5       1.7458
       6       1.6628
       7       1.6332
       8       1.6052
       9       1.7512
      10       1.4432
      11       1.3330
      12       1.4284
      13       1.5283
      14       1.5887
      15       1.4841
      16       1.7087
      17       1.7600
      18       1.8464
      19       1.8515
      20       1.6484
      21       1.6038
      22       1.6341
      23       1.5893
      24       1.5829
      25       1.5439
      26       1.5758
      27       1.4368
      28       1.4821
      29       1.4600
      30       1.4908
      31       1.3623
      32       1.5708
      33       1.6115
      34       1.4387
      35       1.5053
      36       1.6165
      37       1.6074
      38       1.5359
      39       1.4778
      40       1.4347
      41       1.3652
      42       1.5295
      43       1.4596
      44       1.5389
      45       1.4228
      46       1.4429
      47       1.3799
      48       1.3390
      49       1.3714
      50       1.3623
      51       1.4076
      52       1.4272
      53       1.3576
      54       1.4403
      55       1.2953
      56       1.4081
      57       1.3129
      58       1.4828
      59       1.4424
      60       1.6114
      61       1.4880
      62       1.5164
      63       1.6008
      64       1.5893
      65       1.5495
      66       1.5976
      67       1.5537
      68       1.5408
      69       1.4061
      70       1.5651
      71       1.4627
      72       1.5017
      73       1.5513
      74       1.5841
      75       1.5029
      76       1.4675
      77       1.4632
      78       1.5063
      79       1.3929
      80       1.5311
      81       1.3808
      82       1.4730
      83       1.5726
      84       1.5316
      85       1.5000
      86       1.6425
      87       1.5197
      88       1.5436
      89       1.6051
      90       1.7173
      91       1.6660
      92       1.5895
      93       1.5390
      94       1.8165
      95       1.6492
      96       1.6694
      97       1.5461
      98       1.5083
      99       1.4146
     100       1.5466
     101       1.5286
     102       1.5472
     103       1.5936
     104       1.4340
     105       1.4596
     106       1.4191
     107       1.5090
     108       1.4805
     109       1.4999
     110       1.5211
     111       1.4495
     112       1.4147
     113       1.3991
     114       1.4456
     115       1.4625
     116       1.4103
     117       1.4144
     118       1.5330
     119       1.5435
     120       1.7014
     121       1.5481
     122       1.5917
     123       1.6752
     124       1.7002
     125       1.6356
     126       1.7908
     127       1.7847
     128       1.7388
     129       1.6657
     130       1.6668
     131       1.6820
     132       1.6109
     133       1.6448
     134       1.6273
     135       1.6972
     136       1.5945
     137       1.6448
     138       1.6260
     139       1.6229
     140       1.6455
     141       1.8204
     142       1.7884
     143       1.6953
     144       1.6418
     145       1.7386
     146       1.8093
     147       1.7200
     148       1.7038
     149       1.6145
     150       1.6387
     151       1.6265
     152       1.4776
     153       1.5531
     154       1.7513
     155       1.6410
     156       1.7345
     157       1.6083
     158       1.5362
     159       1.5188
     160       1.5558
     161       1.5484
     162       1.5185
     163       1.6028
     164       1.5764
     165       1.5746
     166       1.6646
     167       1.6120
     168       1.5157
     169       1.5717
     170       1.5298
     171       1.6566
     172       1.5711
     173       1.6058
     174       1.5075
     175       1.4619
     176       1.4216
     177       1.4341
     178       1.5276
     179       1.4679
     180       1.5538
     181       1.6087
     182       1.5379
     183       1.4962
     184       1.5278
     185       1.6133
     186       1.5440
     187       1.6606
     188       1.6421
     189       1.6479
     190       1.5703
     191       1.6757
     192       1.7093
     193       1.7253
     194       1.5249
     195       1.6565
     196       1.7548
     197       1.6618
     198       1.7330
     199       1.5971
     200       1.6777
     201       1.6512
     202       1.6550
     203       1.6311
     204       1.7236
     205       1.7362
     206       1.6134
     207       1.6185
     208       1.6545
     209       1.7122
     210       1.5255
     211       1.6901
     212       1.6412
     213       1.6426
     214       1.5848
     215       1.5534
     216       1.5822
     217       1.6950
     218       1.7475
     219       1.6245
     220       1.5634
     221       1.6439
     222       1.5963
     223       1.6469
     224       1.5754
     225       1.5768
     226       1.5372
     227       1.5334
     228       1.5901
     229       1.4899
     230       1.6565
     231       1.6525
     232       1.5766
     233       1.5310
     234       1.7434
     235       1.6358
     236       1.4906
     237       1.5331
     238       1.5582
     239       1.6161
     240       1.7408
     241       1.6146
     242       1.5520
     243       1.6127
     244       1.6146
     245       1.6266
     246       1.4567
     247       1.5614
     248       1.5011
     249       1.6118
     250       1.5991
     251       1.5933
     252       1.5136
     253       1.6019
     254       1.6622
     255       1.6377
     256       1.7274
     257       1.6851
     258       1.4601
     259       1.6183
     260       1.5636
     261       1.5446
     262       1.6396
     263       1.6774
     264       1.6485
     265       1.4819
     266       1.6113
     267       1.5122
     268       1.7254
     269       1.5754
     270       1.5834
     271       1.6621
     272       1.5947
     273       1.6418
     274       1.6368
     275       1.5786
     276       1.5799
     277       1.4788
     278       1.5476
     279       1.5396
     280       1.5145
     281       1.4416
     282       1.4628
     283       1.5504
     284       1.5196
     285       1.4209
     286       1.4317
     287       1.5301
     288       1.5171
     289       1.5694
     290       1.5020
     291       1.5588
     292       1.5106
     293       1.5127
     294       1.6535
     295       1.5085
     296       1.4657
     297       1.5814
     298       1.6319
     299       1.4494
     300       1.6585
     301       1.6355
     302       1.6323
     303       1.4898
     304       1.7041
     305       1.5626
     306       1.5376
     307       1.5194
     308       1.4368
     309       1.5796
     310       1.4698
     311       1.5431
     312       1.5196
     313       1.5814
     314       1.6446
     315       1.4917
     316       1.5591
     317       1.5179
     318       1.6095
     319       1.5767
     320       1.4734
     321       1.6223
     322       1.5562
     323       1.4640
     324       1.4107
     325       1.5866
     326       1.5068
     327       1.4491
     328       1.5972
     329       1.4816
     330       1.5524
     331       1.4168
     332       1.6126
     333       1.4041
     334       1.6021
     335       1.4551
     336       1.6073
     337       1.4988
     338       1.4539
     339       1.4543
     340       1.4521
     341       1.4576
     342       1.5071
     343       1.4021
     344       1.4049
     345       1.5108
     346       1.4940
     347       1.5257
     348       1.4820
     349       1.4350
     350       1.4621
     351       1.4327
     352       1.4293
     353       1.5216
     354       1.4977
     355       1.4428
     356       1.3979
     357       1.4987
     358       1.4648
     359       1.3680
     360       1.4166
     361       1.4740
     362       1.3535
     363       1.3762
     364       1.4694
     365       1.3638
     366       1.3439
     367       1.3854
     368       1.2897
     369       1.4254
     370       1.4632
     371       1.4382
     372       1.4875
     373       1.4083
     374       1.4526
     375       1.3433
     376       1.3677
     377       1.4138
     378       1.4309
     379       1.4068
     380       1.4214
     381       1.3240
     382       1.5402
     383       1.4160
     384       1.4899
     385       1.4254
     386       1.3916
     387       1.5254
     388       1.3954
     389       1.4074
     390       1.4281
     391       1.2953
     392       1.4127
     393       1.4034
     394       1.4944
     395       1.3672
     396       1.3643
     397       1.3801
     398       1.3299
     399       1.4633
     400       1.6324
     401       1.4091
     402       1.5645
     403       1.4057
     404       1.4573
     405       1.4714
     406       1.5643
     407       1.5149
     408       1.4748
     409       1.4374
     410       1.3302
     411       1.4456
     412       1.4958
     413       1.2834
     414       1.5031
     415       1.6168
     416       1.5798
     417       1.5585
     418       1.5460
     419       1.6072
     420       1.6974
     421       1.7312
     422       1.5426
     423       1.6926
     424       1.5536
     425       1.6856
     426       1.6630
     427       1.6578
     428       1.5142
     429       1.5193
     430       1.5986
     431       1.5836
     432       1.6709
     433       1.5235
     434       1.7480
     435       1.8615
     436       1.7110
     437       1.7931
     438       1.6920
     439       1.9225
     440       1.8469
     441       1.7474
     442       1.6577
     443       2.1059
     444       1.8904
     445       1.9012
     446       1.9179
     447       1.7950
     448       1.9502
     449       1.8579
     450       1.7773
     451       1.7680
     452       1.6194
     453       1.7581
     454       1.7066
     455       1.7862
     456       1.7740
     457       1.8149
     458       1.6686
     459       1.9088
     460       1.7532
     461       1.8702
     462       1.7647
     463       1.7868
     464       1.6921
     465       1.5609
     466       1.6409
     467       1.6270
     468       1.6135
     469       1.6939
     470       1.5140
     471       1.5198
     472       1.6260
     473       1.7711
     474       1.6549
     475       1.5472
     476       1.6789
     477       1.8166
     478       1.6381
     479       1.6851
     480       1.7680
     481       1.5255
     482       1.5233
     483       1.5667
     484       1.5255
     485       1.6027
     486       1.4882
     487       1.5414
     488       1.4983
     489       1.5539
     490       1.5140
     491       1.4699
     492       1.6070
     493       1.5778
     494       1.6104
     495       1.6187
     496       1.4908
     497       1.4810
     498       1.5352
     499       1.5831
     500       1.5401
     501       1.6690
     502       1.6347
     503       1.7244
     504       1.5611
     505       1.5484
     506       1.6357
     507       1.6597
     508       1.6294
     509       1.6621
     510       1.4957
     511       1.5075
     512       1.4833
     513       1.6745
     514       1.5948
     515       1.6985
     516       1.5446
     517       1.4074
     518       1.4875
     519       1.5063
     520       1.4743
     521       1.5092
     522       1.5163
     523       1.4705
     524       1.6413
     525       1.5758
     526       1.4459
     527       1.4361
     528       1.4265
     529       1.5582
     530       1.4515
     531       1.4169
     532       1.5026
     533       1.3990
     534       1.4801
     535       1.4563
     536       1.4608
     537       1.5625
     538       1.4683
     539       1.6737
     540       1.5773
     541       1.5110
     542       1.4978
     543       1.4708
     544       1.5575
     545       1.5293
     546       1.5026
     547       1.4687
     548       1.4960
     549       1.4579
     550       1.4992
     551       1.4361
     552       1.4188
     553       1.4757
     554       1.5128
     555       1.4815
     556       1.4434
     557       1.4467
     558       1.5621
     559       1.6413
     560       1.4556
     561       1.4219
     562       1.4548
     563       1.4641
     564       1.5186
     565       1.4081
     566       1.5054
     567       1.5769
     568       1.5222
     569       1.4884
     570       1.6009
     571       1.5582
     572       1.6398
     573       1.7337
     574       1.7754
     575       1.6906
     576       1.5674
     577       1.5315
     578       1.5452
     579       1.6526
     580       1.5136
     581       1.5611
     582       1.6226
     583       1.4665
     584       1.3841
     585       1.4357
     586       1.5062
     587       1.4292
     588       1.3645
     589       1.4727
     590       1.4540
     591       1.4625
     592       1.5623
     593       1.5787
     594       1.5198
     595       1.5418
     596       1.5069
     597       1.5538
     598       1.5702
     599       1.4955
     600       1.3867
     601       1.3878
     602       1.4506
     603       1.4111
     604       1.4797
     605       1.5013
     606       1.4653
     607       1.6463
     608       1.6790
     609       1.7101
     610       1.6889
     611       1.7211
     612       1.6760
     613       1.4310
     614       1.9128
     615       1.8604
     616       1.7474
     617       1.6781
     618       1.6914
     619       1.5986
     620       1.7795
     621       1.6594
     622       1.6197
     623       1.6169
     624       1.6631
     625       1.4803
     626       1.7289
     627       1.4991
     628       1.4543
     629       1.5343
     630       1.4951
     631       1.5039
     632       1.4788
     633       1.4572
     634       1.5235
     635       1.5245
     636       1.5103
     637       1.5231
     638       1.5923
     639       1.6490
     640       1.5396
     641       1.5900
     642       1.7025
     643       1.5912
     644       1.5160
     645       1.5558
     646       1.5553
     647       1.4767
     648       1.5413
     649       1.5411
     650       1.5097
     651       1.3930
     652       1.3553
     653       1.4679
     654       1.3337
     655       1.4234
     656       1.4771
     657       1.4109
     658       1.4320
     659       1.4141
     660       1.3898
     661       1.4724
     662       1.5868
     663       1.5295
     664       1.4571
     665       1.4237
     666       1.4844
     667       1.5891
     668       1.5018
     669       1.4355
     670       1.5373
     671       1.4584
     672       1.4455
     673       1.5019
     674       1.4643
     675       1.4079
     676       1.6170
     677       1.5644
     678       1.4273
     679       1.4707
     680       1.3822
     681       1.3357
     682       1.4327
     683       1.3642
     684       1.3456
     685       1.3452
     686       1.3612
     687       1.4440
     688       1.4991
     689       1.6383
     690       1.5015
     691       1.3920
     692       1.4011
     693       1.4182
     694       1.3777
     695       1.5362
     696       1.4188
     697       1.4508
     698       1.4949
     699       1.4022
     700       1.4586
     701       1.4052
     702       1.5043
     703       1.4790
     704       1.4878
     705       1.5413
     706       1.5664
     707       1.5492
     708       1.5679
     709       1.5013
     710       1.5429
     711       1.5200
     712       1.5409
     713       1.4783
     714       1.5017
     715       1.4930
     716       1.4253
     717       1.5674
     718       1.4897
     719       1.4799
     720       1.5176
     721       1.5873
     722       1.5625
     723       1.6181
     724       1.7860
     725       1.7009
     726       1.5856
     727       1.6145
     728       1.5917
     729       1.6617
     730       1.6652
     731       1.6257
     732       1.6454
     733       1.5739
     734       1.6008
     735       1.7609
     736       1.4951
     737       1.7200
     738       1.8122
     739       1.6016
     740       1.8455
     741       1.6788
     742       1.7790
     743       1.7489
     744       1.7935
     745       1.7276
     746       1.6256
     747       1.6508
     748       1.6859
     749       1.5261
     750       1.6205
     751       1.5305
     752       1.5805
     753       1.7488
     754       1.5206
     755       1.6093
     756       1.6822
     757       1.6910
     758       1.6737
     759       1.6795
     760       1.6825
     761       1.6105
     762       1.6577
     763       1.7059
     764       1.7001
     765       1.6746
     766       1.5965
     767       1.7114
     768       1.6626
     769       1.7125
     770       1.6764
     771       1.5574
     772       1.4673
     773       1.4975
     774       1.5034
     775       1.4793
     776       1.5228
     777       1.5454
     778       1.6095
     779       1.6447
     780       1.7692
     781       1.6535
     782       1.5551
     783       1.6150
     784       1.5791
     785       1.8116
     786       1.7710
     787       1.8071
     788       1.6935
     789       1.7436
     790       1.6094
     791       1.7255
     792       1.6718
     793       1.6710
     794       1.7047
     795       1.8395
     796       1.7149
     797       1.6223
     798       1.5475
     799       1.5355
     800       1.5556
     801       1.5679
     802       1.5179
     803       1.6403
     804       1.6633
     805       1.5904
     806       1.5876
     807       1.5506
     808       1.6277
     809       1.6251
     810       1.5763
     811       1.5811
     812       1.5051
     813       1.6217
     814       1.6096
     815       1.5415
     816       1.4976
     817       1.5251
     818       1.5003
     819       1.6498
     820       1.6706
     821       1.6053
     822       1.4756
     823       1.6737
     824       1.5948
     825       1.6722
     826       1.6799
     827       1.8438
     828       1.5868
     829       1.6266
     830       1.5726
     831       1.6893
     832       1.7245
     833       1.6845
     834       1.7967
     835       1.6071
     836       1.7008
     837       1.7124
     838       1.6650
     839       1.7216
     840       1.5825
     841       1.6153
     842       1.7788
     843       1.6807
     844       1.6059
     845       1.5799
     846       1.5875
     847       1.5519
     848       1.6825
     849       1.6497
     850       1.5616
     851       1.7598
     852       1.5742
     853       1.5872
     854       1.6692
     855       1.6054
     856       1.6300
     857       1.5532
     858       1.5020
     859       1.5016
     860       1.6046
     861       1.5788
     862       1.5648
     863       1.5148
     864       1.7119
     865       1.5764
     866       1.5610
     867       1.4912
     868       1.5629
     869       1.4028
     870       1.5757
     871       1.5208
     872       1.5273
     873       1.5714
     874       1.5464
     875       1.6775
     876       1.5446
     877       1.4971
     878       1.5393
     879       1.4990
     880       1.5010
     881       1.6001
     882       1.5218
     883       1.6052
     884       1.5410
     885       1.6019
     886       1.5659
     887       1.4899
     888       1.6235
     889       1.5772
     890       1.5865
     891       1.4869
     892       1.5090
     893       1.5485
     894       1.4917
     895       1.5171
     896       1.5582
     897       1.4012
     898       1.4699
     899       1.4276
     900       1.4572
     901       1.4908
     902       1.6310
     903       1.6329
     904       1.6079
     905       1.5960
     906       1.5900
     907       1.5823
     908       1.5294
     909       1.5024
     910       1.5957
     911       1.5175
     912       1.5692
     913       1.6497
     914       1.6162
     915       1.5418
     916       1.4922
     917       1.5978
     918       1.4591
     919       1.6234
     920       1.6712
     921       1.5225
     922       1.5842
     923       1.5298
     924       1.6396
     925       1.4605
     926       1.5708
     927       1.6418
     928       1.6745
     929       1.5311
     930       1.6232
     931       1.4186
     932       1.5197
     933       1.5646
     934       1.4751
     935       1.5976
     936       1.5255
     937       1.5286
     938       1.6599
     939       1.6292
     940       1.5454
     941       1.6086
     942       1.7519
     943       1.6529
     944       1.6154
     945       1.7933
     946       1.5669
     947       1.6464
     948       1.6866
     949       1.6407
     950       1.7262
     951       1.5860
     952       1.6261
     953       1.6064
     954       1.6019
     955       1.5753
     956       1.5899
     957       1.6104
     958       1.6157
     959       1.6106
     960       1.6225
     961       1.5223
     962       1.6157
     963       1.5502
     964       1.6309
     965       1.5316
     966       1.5662
     967       1.6030
     968       1.6190
     969       1.6680
     970       1.7695
     971       1.6416
     972       1.6008
     973       1.7884
     974       1.6400
     975       1.6343
     976       1.6061
     977       1.5980
     978       1.5020
     979       1.5493
     980       1.5536
     981       1.6891
     982       1.6299
     983       1.7501
     984       1.6001
     985       1.6552
     986       1.7207
     987       1.7518
     988       1.5864
     989       1.6820
     990       1.8824
     991       1.6388
     992       1.7844
     993       1.8658
     994       1.6447
     995       1.6330
     996       1.6424
     997       1.6787
     998       1.6818
     999       1.7438
    1000       1.7438
    1001       1.7485
    1002       1.7217
    1003       1.6348
    1004       1.6801
    1005       1.7818
    1006       1.9040
    1007       1.7661
    1008       1.7208
    1009       1.7419
    1010       1.8491
    1011       1.8339
    1012       1.8479
    1013       1.8028
    1014       1.8246
    1015       1.8187
    1016       1.8390
    1017       1.9206
    1018       1.9375
    1019       1.7139
    1020       1.8078
    1021       1.8623
    1022       1.8355
    1023       1.8688
    1024       1.9797
    1025       1.7645
    1026       1.9092
    1027       1.8816
    1028       1.8428
    1029       1.7122
    1030       1.8523
    1031       1.9178
    1032       1.8752
    1033       1.9137
    1034       1.7709
    1035       1.9564
    1036       1.7900
    1037       1.8327
    1038       1.8494
    1039       1.8175
    1040       1.7342
    1041       1.8536
    1042       1.8773
    1043       1.8525
    1044       1.7837
    1045       1.8245
    1046       1.8225
    1047       1.7665
    1048       1.8523
    1049       1.8749
    1050       1.8219
    1051       1.9157
    1052       1.8130
    1053       1.8339
    1054       1.9896
    1055       1.8199
    1056       1.8644
    1057       1.9286
    1058       1.8923
    1059       1.7506
    1060       1.7801
    1061       1.7649
    1062       1.8483
    1063       1.8168
    1064       1.8257
    1065       1.8243
    1066       1.7956
    1067       1.8811
    1068       1.9635
    1069       1.9005
    1070       1.7842
    1071       1.7486
    1072       1.8200
    1073       1.8004
    1074       1.6981
    1075       1.7452
    1076       1.8577
    1077       1.8795
    1078       1.7455
    1079       1.7254
    1080       1.8274
    1081       1.7497
    1082       1.7234
    1083       1.7287
    1084       1.6680
    1085       1.6862
    1086       1.7734
    1087       1.8206
    1088       1.7918
    1089       1.8095
    1090       1.7761
    1091       1.8300
    1092       1.6558
    1093       1.7365
    1094       1.7900
    1095       1.7803
    1096       1.8749
    1097       1.8126
    1098       1.8923
    1099       1.6978
    1100       1.7589
    1101       1.8382
    1102       1.8025
    1103       1.6739
    1104       1.7301
    1105       1.7638
    1106       1.7234
    1107       1.6689
    1108       1.7670
    1109       1.7976
    1110       1.6879
    1111       1.6634
    1112       1.8876
    1113       1.7276
    1114       1.7728
    1115       1.8490
    1116       1.7052
    1117       1.6858
    1118       1.8606
    1119       1.8343
    1120       1.9438
    1121       1.8584
    1122       1.9522
    1123       1.9233
    1124       1.8465
    1125       1.8895
    1126       1.6905
    1127       1.8005
    1128       1.8585
    1129       1.9129
    1130       1.8155
    1131       1.7887
    1132       1.7018
    1133       1.8257
    1134       1.8610
    1135       1.8252
    1136       1.8533
    1137       1.7830
    1138       1.8629
    1139       1.7583
    1140       1.7596
    1141       1.6407
    1142       1.7093
    1143       1.7408
    1144       1.8962
    1145       1.9230
    1146       1.8280
    1147       1.9667
    1148       1.8392
    1149       1.8400
    1150       1.7346
    1151       1.7871
    1152       1.7656
    1153       1.7669
    1154       1.6703
    1155       1.6572
    1156       1.6472
    1157       1.6845
    1158       1.6486
    1159       1.7594
    1160       1.7654
    1161       1.7566
    1162       1.8466
    1163       1.8204
    1164       1.7343
    1165       1.7571
    1166       1.7346
    1167       1.8324
    1168       1.8124
    1169       1.7927
    1170       1.7997
    1171       1.9461
    1172       1.8880
    1173       1.7674
    1174       1.8057
    1175       1.6807
    1176       1.7965
    1177       1.8637
    1178       1.8227
    1179       1.8225
    1180       1.7156
    1181       1.8362
    1182       1.9115
    1183       1.8117
    1184       1.8575
    1185       1.8471
    1186       1.7657
    1187       1.8001
    1188       1.9069
    1189       1.8060
    1190       1.7662
    1191       1.7785
    1192       1.7436
    1193       1.8656
    1194       1.8383
    1195       1.7155
    1196       1.7452
    1197       1.7187
    1198       1.8034
    1199       1.8447
    1200       1.8760
    1201       1.7371
    1202       1.7476
    1203       1.7228
    1204       1.7979
    1205       1.7560
    1206       1.7669
    1207       1.8381
    1208       1.8668
    1209       1.8210
    1210       1.8428
    1211       1.9020
    1212       1.9042
    1213       1.7275
    1214       1.7098
    1215       1.7591
    1216       1.8277
    1217       1.7523
    1218       1.8053
    1219       1.7595
    1220       1.9049
    1221       1.8919
    1222       1.8103
    1223       1.8137
    1224       1.6754
    1225       1.7121
    1226       1.7708
    1227       1.8824
    1228       1.8892
    1229       1.8180
    1230       1.7719
    1231       1.7020
    1232       1.8020
    1233       1.8942
    1234       1.8200
    1235       1.8029
    1236       1.7713
    1237       1.7467
    1238       1.8305
    1239       1.7827
    1240       1.8080
    1241       1.9173
    1242       1.8685
    1243       1.8882
    1244       1.9516
    1245       1.7528
    1246       1.8390
    1247       1.8398
    1248       1.7767
    1249       1.7420
    1250       1.8944
    1251       1.9228
    1252       1.8928
    1253       1.9036
    1254       1.8909
    1255       1.9206
    1256       1.8295
    1257       1.7151
    1258       1.7848
    1259       1.9321
    1260       1.7747
    1261       1.8322
    1262       1.8075
    1263       1.8646
    1264       1.8000
    1265       1.8144
    1266       1.7806
    1267       1.8435
    1268       1.7259
    1269       1.6755
    1270       1.7058
    1271       1.7142
    1272       1.7237
    1273       1.6952
    1274       1.7270
    1275       1.7984
    1276       1.7828
    1277       1.7705
    1278       1.7361
    1279       1.8280
    1280       1.7408
    1281       1.7469
    1282       1.7629
    1283       1.8334
    1284       1.8210
    1285       1.7106
    1286       1.7353
    1287       1.6650
    1288       1.7513
    1289       1.6796
    1290       1.7305
    1291       1.7360
    1292       1.8153
    1293       1.8263
    1294       1.7714
    1295       1.7110
    1296       1.7127
    1297       1.7423
    1298       1.6374
    1299       1.7534
    1300       1.7159
    1301       1.6716
    1302       1.7889
    1303       1.8121
    1304       1.7847
    1305       1.7062
    1306       1.6988
    1307       1.6907
    1308       1.7449
    1309       1.7063
    1310       1.7068
    1311       1.7637
    1312       1.8005
    1313       1.6880
    1314       1.7223
    1315       1.7541
    1316       1.8163
    1317       1.8375
    1318       1.8671
    1319       1.6973
    1320       1.7165
    1321       1.7617
    1322       1.8701
    1323       1.7547
    1324       1.6463
    1325       1.7523
    1326       1.8417
    1327       1.8978
    1328       1.7725
    1329       1.8120
    1330       1.7770
    1331       1.7302
    1332       1.7403
    1333       1.8075
    1334       1.7164
    1335       1.8426
    1336       1.8524
    1337       1.9351
    1338       1.7853
    1339       1.8034
    1340       1.7669
    1341       1.9028
    1342       1.7991
    1343       1.8730
    1344       1.8570
    1345       1.9054
    1346       1.7983
    1347       1.9093
    1348       1.7704
    1349       1.6211
    1350       1.8051
    1351       1.7360
    1352       1.8163
    1353       1.7144
    1354       1.8594
    1355       1.7350
    1356       1.7572
    1357       1.8016
    1358       1.7627
    1359       1.7847
    1360       1.7215
    1361       1.8093
    1362       1.8359
    1363       1.7461
    1364       1.7425
    1365       1.7802
    1366       1.8000
    1367       1.6673
    1368       1.8977
    1369       1.7860
    1370       1.7625
    1371       1.7754
    1372       1.8227
    1373       1.8289
    1374       1.7397
    1375       1.6620
    1376       1.7692
    1377       1.8089
    1378       1.6654
    1379       1.8228
    1380       1.7974
    1381       1.7833
    1382       1.7842
    1383       1.9208
    1384       1.8397
    1385       1.7968
    1386       1.8520
    1387       1.7909
    1388       1.8488
    1389       1.7844
    1390       1.7414
    1391       1.8056
    1392       1.7584
    1393       1.7741
    1394       1.8448
    1395       1.9366
    1396       1.8455
    1397       1.7981
    1398       1.7477
    1399       1.7669
    1400       1.7945
    1401       1.7639
    1402       1.8167
    1403       1.9408
    1404       1.7670
    1405       1.7351
    1406       1.7517
    1407       1.8869
    1408       1.7724
    1409       1.7737
    1410       1.9658
    1411       1.8915
    1412       1.7785
    1413       1.8195
    1414       1.8092
    1415       1.7959
    1416       1.9073
    1417       1.7897
    1418       1.7063
    1419       1.8348
    1420       1.8203
    1421       1.7412
    1422       1.7291
    1423       1.8694
    1424       1.7850
    1425       1.7162
    1426       1.8170
    1427       1.7141
    1428       1.7435
    1429       1.7725
    1430       1.9173
    1431       1.7289
    1432       1.8092
    1433       1.8615
    1434       1.7505
    1435       1.6853
    1436       1.8503
    1437       1.7635
    1438       1.6707
    1439       1.8518
    1440       1.6618
    1441       1.8836
    1442       1.8929
    1443       1.8503
    1444       1.7225
    1445       1.7143
    1446       1.6102
    1447       1.6261
    1448       1.6668
    1449       1.7748
    1450       1.6521
    1451       1.8113
    1452       1.7688
    1453       1.7019
    1454       1.6826
    1455       1.7613
    1456       1.6478
    1457       1.7068
    1458       1.6868
    1459       1.6522
    1460       1.7209
    1461       1.7633
    1462       1.8284
    1463       1.7841
    1464       1.6897
    1465       1.7132
    1466       1.7350
    1467       1.7746
    1468       1.7449
    1469       1.7961
    1470       1.7807
    1471       1.6505
    1472       1.7607
    1473       1.7302
    1474       1.6622
    1475       1.8420
    1476       1.8559
    1477       1.7688
    1478       1.7933
    1479       1.8316
    1480       1.8423
    1481       1.6764
    1482       1.7049
    1483       1.8744
    1484       1.8510
    1485       1.8207
    1486       1.7813
    1487       1.7531
    1488       1.8532
    1489       1.7364
    1490       1.8300
    1491       1.8175
    1492       1.8125
    1493       1.8879
    1494       1.6998
    1495       1.8140
    1496       1.7460
    1497       1.7821
    1498       1.8002
    1499       1.8048
    1500       1.6520
    1501       1.7212
    1502       1.7637
    1503       1.7193
    1504       1.7503
    1505       1.7931
    1506       1.8026
    1507       1.7919
    1508       1.7495
    1509       1.7502
    1510       1.8063
    1511       1.7080
    1512       1.8624
    1513       1.9155
    1514       1.7894
    1515       1.8158
    1516       1.7414
    1517       1.7410
    1518       1.7491
    1519       1.6799
    1520       1.7072
    1521       1.7782
    1522       1.7887
    1523       1.7148
    1524       1.7425
    1525       1.7555
    1526       1.7048
    1527       1.6743
    1528       1.7938
    1529       1.8309
    1530       1.7359
    1531       1.7305
    1532       1.6752
    1533       1.7019
    1534       1.7081
    1535       1.8127
    1536       1.6800
    1537       1.7428
    1538       1.7305
    1539       1.6558
    1540       1.7753
    1541       1.7717
    1542       1.8393
    1543       1.8850
    1544       1.7662
    1545       1.7802
    1546       1.8902
    1547       1.8410
    1548       1.8568
    1549       1.7969
    1550       1.8467
    1551       1.8818
    1552       1.8299
    1553       1.8776
    1554       1.8792
    1555       1.8293
    1556       1.8348
    1557       1.8785
    1558       1.8819
    1559       1.9037
    1560       1.9062
    1561       1.8134
    1562       1.7279
    1563       1.8009
    1564       1.6702
    1565       1.8352
    1566       1.7836
    1567       1.7571
    1568       1.8240
    1569       1.8249
    1570       1.8015
    1571       1.7435
    1572       1.7292
    1573       1.7546
    1574       1.7622
    1575       1.7148
    1576       1.7808
    1577       1.7232
    1578       1.7270
    1579       1.7874
    1580       1.7443
    1581       1.7695
    1582       1.7256
    1583       1.8514
    1584       1.7749
    1585       1.8168
    1586       1.7761
    1587       1.7898
    1588       1.8684
    1589       1.8280
    1590       1.6949
    1591       1.6954
    1592       1.8746
    1593       1.7776
    1594       1.8441
    1595       1.8696
    1596       1.7049
    1597       1.7656
    1598       1.8259
    1599       1.7987
    1600       1.7919
    1601       1.8059
    1602       1.7988
    1603       1.9742
    1604       1.8683
    1605       1.9308
    1606       1.8572
    1607       1.9427
    1608       1.8883
    1609       1.9586
    1610       2.0172
    1611       2.0404
    1612       1.8831
    1613       2.0382
    1614       1.9496
    1615       2.0090
    1616       1.8710
    1617       1.9285
    1618       1.9433
    1619       1.8817
    1620       1.9875
    1621       1.9903
    1622       1.9491
    1623       1.9139
    1624       2.0040
    1625       1.9145
    1626       2.0364
    1627       1.8915
    1628       1.9687
    1629       1.8890
    1630       1.8244
    1631       1.7505
    1632       1.7382
    1633       1.8617
    1634       1.7736
    1635       1.8074
    1636       1.7921
    1637       1.7168
    1638       1.7610
    1639       1.7736
    1640       1.8439
    1641       1.7590
    1642       1.7649
    1643       1.8947
    1644       1.8618
    1645       1.7610
    1646       1.8063
    1647       1.7956
    1648       1.7146
    1649       1.8614
    1650       1.7483
    1651       1.7595
    1652       1.7628
    1653       1.8538
    1654       1.7819
    1655       1.7911
    1656       1.7921
    1657       1.8934
    1658       1.8072
    1659       1.8188
    1660       1.6370
    1661       1.8396
    1662       1.6819
    1663       1.8655
    1664       1.7589
    1665       1.7745
    1666       1.8977
    1667       1.7955
    1668       1.8428
    1669       1.7863
    1670       1.8714
    1671       1.8170
    1672       1.7550
    1673       1.8043
    1674       1.7706
    1675       1.7680
    1676       1.7599
    1677       1.7788
    1678       1.7544
    1679       1.6751
    1680       1.6750
    1681       1.7624
    1682       1.7161
    1683       1.6597
    1684       1.7455
    1685       1.7234
    1686       1.7740
    1687       1.6648
    1688       1.7797
    1689       1.6249
    1690       1.7957
    1691       1.6769
    1692       1.7140
    1693       1.7384
    1694       1.7575
    1695       1.7614
    1696       1.7321
    1697       1.5965
    1698       1.7621
    1699       1.5987
    1700       1.9008
    1701       1.7043
    1702       1.6460
    1703       1.5972
    1704       1.6297
    1705       1.7052
    1706       1.7091
    1707       1.6347
    1708       1.6096
    1709       1.7909
    1710       1.6616
    1711       1.6383
    1712       1.7422
    1713       1.7702
    1714       1.7653
    1715       1.8014
    1716       1.7251
    1717       1.7498
    1718       1.7358
    1719       1.8976
    1720       1.8356
    1721       1.7456
    1722       1.8662
    1723       1.7330
    1724       1.7399
    1725       1.7236
    1726       1.7060
    1727       1.8033
    1728       1.8180
    1729       1.7957
    1730       1.8322
    1731       1.8736
    1732       1.5875
    1733       1.7174
    1734       1.7596
    1735       1.7856
    1736       1.7656
    1737       1.7507
    1738       1.7703
    1739       1.7155
    1740       1.7764
    1741       1.8145
    1742       1.7827
    1743       1.7414
    1744       1.7882
    1745       1.7319
    1746       1.8073
    1747       1.6697
    1748       1.7874
    1749       1.7791
    1750       1.7320
    1751       1.7290
    1752       1.6537
    1753       1.7648
    1754       1.6960
    1755       1.7652
    1756       1.6306
    1757       1.7206
    1758       1.6877
    1759       1.7686
    1760       1.8374
    1761       1.7635
    1762       1.7822
    1763       1.6434
    1764       1.6594
    1765       1.7161
    1766       1.6963
    1767       1.7392
    1768       1.6782
    1769       1.6968
    1770       1.7433
    1771       1.6264
    1772       1.7110
    1773       1.7031
    1774       1.8714
    1775       1.7355
    1776       1.6938
    1777       1.6311
    1778       1.6991
    1779       1.6864
    1780       1.7604
    1781       1.8298
    1782       1.8123
    1783       1.8113
    1784       1.6806
    1785       1.6634
    1786       1.7668
    1787       1.7634
    1788       1.6652
    1789       1.7216
    1790       1.6473
    1791       1.6188
    1792       1.6896
    1793       1.7406
    1794       1.7148
    1795       1.9207
    1796       1.8257
    1797       1.9667
    1798       1.8122
    1799       1.7519
    1800       1.7936
    1801       1.7932
    1802       1.8092
    1803       1.8107
    1804       1.7628
    1805       1.7648
    1806       1.8647
    1807       1.8795
    1808       1.8446
    1809       1.7794
    1810       1.7827
    1811       1.8695
    1812       1.8841
    1813       1.7044
    1814       1.7774
    1815       1.7953
    1816       1.8326
    1817       1.8295
    1818       1.7507
    1819       1.6730
    1820       1.6498
    1821       1.7749
    1822       1.7135
    1823       1.9664
    1824       1.8677
    1825       1.7956
    1826       1.8725
    1827       1.7616
    1828       1.7565
    1829       1.7663
    1830       1.7443
    1831       1.7038
    1832       1.7160
    1833       1.7936
    1834       1.7265
    1835       1.7299
    1836       1.8195
    1837       1.7964
    1838       1.6988
    1839       1.7714
    1840       1.7528
    1841       1.7897
    1842       1.8263
    1843       1.8795
    1844       1.8460
    1845       1.7935
    1846       1.6728
    1847       1.8026
    1848       1.7977
    1849       1.8789
    1850       1.7124
    1851       1.8903
    1852       1.8609
    1853       1.8762
    1854       1.7521
    1855       1.8117
    1856       1.9074
    1857       1.8689
    1858       1.8974
    1859       1.8684
    1860       1.9181
    1861       1.8380
    1862       1.8145
    1863       1.8830
    1864       1.8756
    1865       2.0002
    1866       1.8395
    1867       1.8720
    1868       2.0599
    1869       1.9435
    1870       1.9423
    1871       1.8144
    1872       1.9230
    1873       1.8790
    1874       1.9610
    1875       1.9964
    1876       1.9662
    1877       1.8903
    1878       1.8861
    1879       1.8671
    1880       1.8688
    1881       1.8659
    1882       1.8071
    1883       1.9929
    1884       1.9386
    1885       1.9114
    1886       1.8234
    1887       1.9121
    1888       1.9075
    1889       1.9089
    1890       1.9227
    1891       1.8796
    1892       1.9328
    1893       2.0369
    1894       2.0228
    1895       1.9724
    1896       1.8596
    1897       2.0001
    1898       1.8839
    1899       1.9501
    1900       2.0233
    1901       2.0403
    1902       1.9195
    1903       1.9106
    1904       1.9005
    1905       1.8631
    1906       1.9171
    1907       1.8965
    1908       1.9976
    1909       1.8564
    1910       1.8568
    1911       1.8186
    1912       1.8451
    1913       1.8692
    1914       1.8707
    1915       1.8743
    1916       1.8202
    1917       1.7832
    1918       1.9433
    1919       1.9228
    1920       1.8835
    1921       1.8177
    1922       1.9326
    1923       1.8375
    1924       1.8538
    1925       1.8787
    1926       1.8692
    1927       1.8281
    1928       1.8573
    1929       1.8614
    1930       1.8311
    1931       2.0019
    1932       1.9403
    1933       2.0177
    1934       1.7896
    1935       1.9237
    1936       1.8016
    1937       1.8770
    1938       1.9973
    1939       1.8731
    1940       1.9492
    1941       1.7721
    1942       1.8382
    1943       1.8770
    1944       1.8009
    1945       1.8521
    1946       1.8952
    1947       1.7820
    1948       1.8888
    1949       1.8143
    1950       1.8736
    1951       1.8429
    1952       1.9911
    1953       1.9419
    1954       1.8427
    1955       1.7600
    1956       1.8951
    1957       1.7240
    1958       1.7812
    1959       1.7223
    1960       1.7308
    1961       1.7937
    1962       1.8572
    1963       1.8622
    1964       1.8666
    1965       1.8358
    1966       1.8140
    1967       1.9500
    1968       1.8995
    1969       1.8233
    1970       1.8864
    1971       1.7707
    1972       1.8033
    1973       1.9341
    1974       1.8459
    1975       1.8355
    1976       1.8033
    1977       1.8716
    1978       1.8154
    1979       1.8555
    1980       1.7976
    1981       1.8202
    1982       1.8063
    1983       1.8926
    1984       1.8594
    1985       1.9071
    1986       1.9870
    1987       1.7887
    1988       1.8392
    1989       1.8052
    1990       1.7627
    1991       1.8912
    1992       1.8493
    1993       1.9158
    1994       1.8412
    1995       1.8128
    1996       1.9132
    1997       1.8966
    1998       1.8806
    1999       1.8085
    2000       1.8592
    2001       1.8736
    2002       1.9000
    2003       1.9499
    2004       1.8269
    2005       1.9305
    2006       1.8327
    2007       1.8641
    2008       1.7313
    2009       1.7727
    2010       1.8525
    2011       1.8959
    2012       1.8922
    2013       1.8851
    2014       1.8325
    2015       1.8388
    2016       1.7975
    2017       1.7869
    2018       1.8400
    2019       1.8822
    2020       1.8349
    2021       1.9156
    2022       1.8094
    2023       1.8965
    2024       1.8331
    2025       1.8173
    2026       1.8489
    2027       1.8114
    2028       1.6971
    2029       1.6981
    2030       1.7625
    2031       1.7741
    2032       1.6554
    2033       1.6996
    2034       1.7415
    2035       1.8570
    2036       1.7114
    2037       1.6059
    2038       1.6858
    2039       1.6932
    2040       1.6304
    2041       1.6281
    2042       1.7121
    2043       1.7779
    2044       1.6881
    2045       1.8038
    2046       1.7251
    2047       1.7261
    2048       1.7824
    2049       1.6645
    2050       1.6947
    2051       1.8376
    2052       1.7191
    2053       1.7160
    2054       1.6311
    2055       1.7795
    2056       1.7145
    2057       1.6306
    2058       1.6286
    2059       1.6488
    2060       1.7257
    2061       1.6992
    2062       1.6491
    2063       1.6717
    2064       1.7081
    2065       1.6979
    2066       1.6515
    2067       1.6291
    2068       1.6577
    2069       1.7361
    2070       1.6427
    2071       1.6684
    2072       1.6268
    2073       1.6354
    2074       1.6167
    2075       1.6624
    2076       1.7451
    2077       1.7515
    2078       1.6657
    2079       1.6227
    2080       1.7039
    2081       1.7425
    2082       1.5515
    2083       1.5937
    2084       1.6553
    2085       1.7200
    2086       1.6366
    2087       1.6623
    2088       1.8237
    2089       1.7151
    2090       1.7518
    2091       1.7838
    2092       1.7653
    2093       1.6363
    2094       1.7793
    2095       1.7514
    2096       1.7203
    2097       1.7560
    2098       1.7702
    2099       1.7038
    2100       1.7095
    2101       1.6650
    2102       1.5999
    2103       1.7627
    2104       1.6236
    2105       1.6549
    2106       1.7208
    2107       1.7753
    2108       1.8318
    2109       1.6769
    2110       1.8717
    2111       1.7073
    2112       1.7200
    2113       1.7059
    2114       1.7685
    2115       1.6477
    2116       1.6449
    2117       1.6592
    2118       1.7140
    2119       1.6541
    2120       1.7144
    2121       1.7168
    2122       1.6618
    2123       1.7545
    2124       1.6269
    2125       1.7274
    2126       1.7137
    2127       1.6539
    2128       1.7778
    2129       1.7160
    2130       1.7252
    2131       1.7269
    2132       1.7012
    2133       1.7514
    2134       1.6984
    2135       1.6515
    2136       1.6912
    2137       1.7272
    2138       1.7147
    2139       1.7333
    2140       1.6555
    2141       1.7123
    2142       1.7406
    2143       1.7029
    2144       1.7812
    2145       1.6480
    2146       1.7446
    2147       1.6355
    2148       1.6378
    2149       1.6063
    2150       1.6269
    2151       1.6701
    2152       1.6663
    2153       1.5990
    2154       1.5830
    2155       1.6424
    2156       1.6075
    2157       1.6620
    2158       1.5651
    2159       1.6913
    2160       1.6664
    2161       1.7405
    2162       1.7957
    2163       1.7176
    2164       1.5475
    2165       1.6221
    2166       1.5288
    2167       1.6922
    2168       1.7185
    2169       1.7279
    2170       1.7795
    2171       1.7252
    2172       1.6710
    2173       1.7372
    2174       1.7202
    2175       1.6595
    2176       1.6605
    2177       1.7259
    2178       1.6515
    2179       1.7634
    2180       1.6870
    2181       1.6976
    2182       1.6942
    2183       1.6578
    2184       1.7242
    2185       1.7532
    2186       1.6501
    2187       1.6906
    2188       1.7569
    2189       1.6457
    2190       1.7336
    2191       1.7791
    2192       1.7390
    2193       1.6939
    2194       1.7513
    2195       1.6960
    2196       1.7205
    2197       1.6469
    2198       1.7267
    2199       1.6949
    2200       1.7358
    2201       1.7494
    2202       1.8249
    2203       1.5890
    2204       1.8337
    2205       1.7280
    2206       1.8451
    2207       1.6838
    2208       1.6829
    2209       1.8108
    2210       1.7090
    2211       1.7096
    2212       1.7214
    2213       1.7606
    2214       1.6907
    2215       1.6483
    2216       1.6713
    2217       1.6169
    2218       1.7588
    2219       1.7688
    2220       1.6994
    2221       1.7209
    2222       1.8158
    2223       1.6299
    2224       1.7579
    2225       1.7367
    2226       1.7035
    2227       1.6880
    2228       1.6525
    2229       1.6955
    2230       1.6322
    2231       1.6487
    2232       1.7016
    2233       1.7664
    2234       1.6580
    2235       1.7604
    2236       1.5340
    2237       1.6821
    2238       1.7637
    2239       1.6629
    2240       1.7054
    2241       1.6881
    2242       1.7363
    2243       1.7322
    2244       1.8028
    2245       1.7506
    2246       1.7293
    2247       1.6751
    2248       1.6769
    2249       1.6038
    2250       1.7421
    2251       1.6822
    2252       1.6671
    2253       1.6495
    2254       1.6951
    2255       1.6960
    2256       1.6525
    2257       1.7361
    2258       1.6880
    2259       1.5496
    2260       1.6169
    2261       1.7107
    2262       1.7286
    2263       1.5730
    2264       1.6219
    2265       1.6839
    2266       1.7078
    2267       1.6989
    2268       1.6948
    2269       1.7183
    2270       1.6593
    2271       1.6438
    2272       1.6281
    2273       1.5728
    2274       1.6197
    2275       1.6957
    2276       1.6466
    2277       1.6515
    2278       1.5415
    2279       1.6714
    2280       1.6345
    2281       1.6244
    2282       1.6144
    2283       1.6121
    2284       1.6177
    2285       1.5352
    2286       1.6945
    2287       1.5673
    2288       1.6029
    2289       1.5749
    2290       1.7020
    2291       1.6373
    2292       1.6617
    2293       1.7046
    2294       1.6416
    2295       1.6206
    2296       1.5760
    2297       1.6164
    2298       1.6102
    2299       1.6449
    2300       1.4887
    2301       1.6443
    2302       1.6290
    2303       1.5983
    2304       1.6408
    2305       1.6482
    2306       1.6448
    2307       1.6757
    2308       1.6350
    2309       1.6340
    2310       1.7761
    2311       1.7556
    2312       1.6515
    2313       1.7549
    2314       1.6753
    2315       1.7139
    2316       1.7201
    2317       1.8057
    2318       1.8154
    2319       1.7192
    2320       1.6289
    2321       1.7498
    2322       1.6736
    2323       1.7647
    2324       1.7239
    2325       1.6830
    2326       1.7032
    2327       1.6071
    2328       1.7743
    2329       1.6690
    2330       1.6094
    2331       1.7642
    2332       1.8386
    2333       1.6786
    2334       1.7574
    2335       1.6930
    2336       1.7307
    2337       1.8039
    2338       1.7369
    2339       1.7040
    2340       1.6253
    2341       1.6601
    2342       1.5756
    2343       1.6127
    2344       1.6310
    2345       1.6652
    2346       1.6882
    2347       1.7061
    2348       1.6231
    2349       1.6917
    2350       1.6404
    2351       1.6467
    2352       1.5405
    2353       1.6238
    2354       1.6145
    2355       1.5876
    2356       1.6294
    2357       1.6545
    2358       1.5940
    2359       1.5758
    2360       1.5946
    2361       1.6902
    2362       1.6563
    2363       1.6205
    2364       1.4855
    2365       1.6319
    2366       1.5488
    2367       1.5812
    2368       1.6037
    2369       1.5384
    2370       1.5635
    2371       1.5723
    2372       1.5126
    2373       1.5772
    2374       1.5528
    2375       1.5630
    2376       1.6332
    2377       1.6165
    2378       1.5718
    2379       1.6829
    2380       1.6253
    2381       1.5779
    2382       1.6837
    2383       1.6870
    2384       1.6955
    2385       1.6347
    2386       1.6889
    2387       1.6384
    2388       1.5548
    2389       1.6862
    2390       1.5895
    2391       1.6172
    2392       1.6625
    2393       1.5639
    2394       1.6796
    2395       1.5845
    2396       1.6315
    2397       1.6714
    2398       1.6071
    2399       1.5815
    2400       1.5959
    2401       1.6131
    2402       1.5745
    2403       1.5972
    2404       1.6753
    2405       1.6793
    2406       1.7162
    2407       1.5742
    2408       1.6400
    2409       1.7291
    2410       1.6002
    2411       1.6315
    2412       1.6844
    2413       1.6116
    2414       1.7099
    2415       1.6969
    2416       1.6443
    2417       1.5302
    2418       1.6542
    2419       1.5812
    2420       1.5299
    2421       1.5536
    2422       1.5460
    2423       1.4912
    2424       1.6298
    2425       1.6013
    2426       1.6190
    2427       1.4893
    2428       1.6104
    2429       1.5866
    2430       1.5497
    2431       1.5444
    2432       1.6004
    2433       1.6051
    2434       1.5534
    2435       1.5957
    2436       1.5064
    2437       1.4885
    2438       1.5777
    2439       1.4786
    2440       1.4728
    2441       1.6311
    2442       1.6616
    2443       1.5660
    2444       1.8075
    2445       1.6568
    2446       1.6075
    2447       1.5971
    2448       1.6097
    2449       1.5424
    2450       1.6605
    2451       1.5901
    2452       1.5794
    2453       1.6834
    2454       1.6232
    2455       1.5643
    2456       1.6123
    2457       1.7522
    2458       1.7492
    2459       1.6401
    2460       1.7676
    2461       1.6985
    2462       1.6896
    2463       1.7163
    2464       1.6824
    2465       1.6933
    2466       1.6852
    2467       1.8034
    2468       1.6826
    2469       1.6326
    2470       1.6425
    2471       1.6955
    2472       1.7387
    2473       1.6616
    2474       1.6803
    2475       1.6251
    2476       1.5983
    2477       1.5739
    2478       1.6563
    2479       1.7833
    2480       1.6193
    2481       1.6881
    2482       1.5907
    2483       1.7083
    2484       1.6460
    2485       1.9394
    2486       1.6632
    2487       1.6687
    2488       1.8495
    2489       1.5538
    2490       1.6776
    2491       1.6622
    2492       1.6225
    2493       1.7193
    2494       1.6869
    2495       1.6576
    2496       1.7688
    2497       1.6527
    2498       1.6299
    2499       1.6358
    2500       1.8249
    2501       1.7337
    2502       1.7449
    2503       1.7210
    2504       1.7457
    2505       1.7376
    2506       1.8735
    2507       1.7885
    2508       1.6332
    2509       1.6587
    2510       1.6725
    2511       1.6982
    2512       1.6910
    2513       1.7432
    2514       1.6140
    2515       1.7333
    2516       1.8230
    2517       1.6936
    2518       1.7743
    2519       1.7549
    2520       1.8189
    2521       1.7531
    2522       1.8777
    2523       1.7704
    2524       1.6545
    2525       1.6784
    2526       1.7756
    2527       1.7079
    2528       1.8386
    2529       1.6761
    2530       1.8232
    2531       1.7946
    2532       1.8470
    2533       1.8298
    2534       1.7232
    2535       1.8483
    2536       1.8464
    2537       1.7677
    2538       1.8358
    2539       1.7944
    2540       1.8043
    2541       1.7811
    2542       1.7118
    2543       1.8139
    2544       1.8287
    2545       1.7772
    2546       1.8540
    2547       1.7778
    2548       1.5898
    2549       1.7237
    2550       1.7688
    2551       1.7825
    2552       1.6924
    2553       1.7620
    2554       1.6209
    2555       1.5785
    2556       1.9095
    2557       1.6719
    2558       1.6888
    2559       1.6389
    2560       1.7056
    2561       1.7402
    2562       1.7269
    2563       1.6067
    2564       1.7047
    2565       1.6574
    2566       1.6439
    2567       1.7506
    2568       1.6876
    2569       1.7117
    2570       1.9175
    2571       1.7232
    2572       1.6159
    2573       1.7634
    2574       1.6908
    2575       1.7694
    2576       1.6937
    2577       1.8606
    2578       1.8834
    2579       1.6967
    2580       1.6874
    2581       1.7823
    2582       1.7631
    2583       1.7589
    2584       1.6771
    2585       1.8230
    2586       1.7617
    2587       1.8249
    2588       1.7957
    2589       1.8717
    2590       1.7486
    2591       1.9677
    2592       1.7017
    2593       1.9031
    2594       1.8191
    2595       1.8202
    2596       1.7235
    2597       1.7229
    2598       1.7476
    2599       1.6655
    2600       1.6931
    2601       1.7429
    2602       1.7169
    2603       1.7820
    2604       1.7643
    2605       1.8055
    2606       1.8867
    2607       1.7667
    2608       1.8123
    2609       1.9256
    2610       1.7489
    2611       1.7506
    2612       1.8383
    2613       1.7281
    2614       1.7146
    2615       1.8677
    2616       1.7865
    2617       1.8606
    2618       1.8435
    2619       1.8761
    2620       1.9331
    2621       1.8127
    2622       1.7749
    2623       1.7339
    2624       1.8099
    2625       1.7670
    2626       1.7965
    2627       1.8538
    2628       1.8581
    2629       1.7931
    2630       1.7764
    2631       1.8769
    2632       1.8562
    2633       1.6934
    2634       1.8375
    2635       1.9286
    2636       1.8767
    2637       1.8635
    2638       1.9205
    2639       1.8041
    2640       1.7001
    2641       1.8633
    2642       1.7310
    2643       1.9388
    2644       1.8204
    2645       1.7093
    2646       1.8102
    2647       1.7125
    2648       1.5631
    2649       1.5907
    2650       1.6489
    2651       1.6920
    2652       1.6760
    2653       1.6820
    2654       1.7250
    2655       1.7234
    2656       1.7207
    2657       1.7750
    2658       1.8199
    2659       1.9527
    2660       1.8136
    2661       1.8768
    2662       1.8473
    2663       1.8340
    2664       1.7697
    2665       1.7700
    2666       1.8340
    2667       1.9612
    2668       1.8263
    2669       1.9166
    2670       1.7876
    2671       1.9144
    2672       1.9785
    2673       1.9559
    2674       1.9368
    2675       1.9847
    2676       2.0217
    2677       1.8098
    2678       1.8447
    2679       1.7299
    2680       1.7954
    2681       1.8008
    2682       1.7906
    2683       1.6237
    2684       1.6494
    2685       1.7372
    2686       1.7836
    2687       1.8081
    2688       1.9638
    2689       1.8891
    2690       2.0195
    2691       1.8292
    2692       1.7689
    2693       1.7976
    2694       1.7185
    2695       1.6862
    2696       1.7123
    2697       1.6506
    2698       1.8596
    2699       1.6124
    2700       1.6767
    2701       1.7022
    2702       1.7694
    2703       1.9124
    2704       1.7428
    2705       1.8574
    2706       1.8528
    2707       1.7819
    2708       1.7587
    2709       1.8001
    2710       1.7594
    2711       1.7305
    2712       1.5969
    2713       1.6269
    2714       1.6794
    2715       1.7674
    2716       1.7805
    2717       1.5482
    2718       1.6600
    2719       1.6217
    2720       1.6952
    2721       1.6715
    2722       1.6870
    2723       1.6855
    2724       1.7271
    2725       1.7257
    2726       1.7503
    2727       1.8382
    2728       1.8221
    2729       1.7336
    2730       1.8000
    2731       1.7981
    2732       1.8912
    2733       1.7583
    2734       1.7177
    2735       1.7553
    2736       1.8139
    2737       1.7628
    2738       1.7577
    2739       1.8586
    2740       1.7286
    2741       1.6791
    2742       1.8412
    2743       1.6740
    2744       1.7508
    2745       1.8967
    2746       1.7384
    2747       1.8102
    2748       1.9095
    2749       1.8813
    2750       1.7624
    2751       1.8443
    2752       1.8574
    2753       1.7836
    2754       1.8201
    2755       1.7120
    2756       1.6903
    2757       1.6775
    2758       1.6600
    2759       1.6563
    2760       1.7139
    2761       1.6678
    2762       1.6967
    2763       1.7673
    2764       1.9197
    2765       1.8049
    2766       1.8247
    2767       1.8266
    2768       1.6932
    2769       1.8216
    2770       1.8520
    2771       1.8054
    2772       1.9029
    2773       1.7804
    2774       1.8811
    2775       1.9656
    2776       1.8617
    2777       1.8435
    2778       1.8886
    2779       1.8675
    2780       1.8112
    2781       1.8142
    2782       1.9580
    2783       1.7467
    2784       1.8785
    2785       2.0396
    2786       1.8173
    2787       1.8033
    2788       1.7551
    2789       1.9538
    2790       1.8739
    2791       1.8717
    2792       1.8902
    2793       1.8336
    2794       1.9224
    2795       1.8040
    2796       1.9542
    2797       1.7571
    2798       1.8964
    2799       1.7634
    2800       1.8928
    2801       1.8441
    2802       1.9235
    2803       1.9036
    2804       1.8867
    2805       1.8925
    2806       1.8971
    2807       1.7615
    2808       1.8047
    2809       1.7373
    2810       1.6582
    2811       1.7263
    2812       1.7629
    2813       1.8992
    2814       1.7575
    2815       1.9568
    2816       1.8551
    2817       1.8006
    2818       1.9394
    2819       1.8218
    2820       1.9067
    2821       1.7309
    2822       1.8319
    2823       1.9544
    2824       1.9439
    2825       1.7749
    2826       1.8466
    2827       1.9685
    2828       1.9469
    2829       1.9940
    2830       1.8008
    2831       1.8487
    2832       1.9648
    2833       1.9625
    2834       1.7978
    2835       1.7416
    2836       1.8338
    2837       1.8851
    2838       1.8975
    2839       2.0121
    2840       1.7372
    2841       1.8583
    2842       1.8587
    2843       1.7752
    2844       1.8183
    2845       1.8503
    2846       1.8283
    2847       1.8543
    2848       1.8588
    2849       1.8377
    2850       1.7864
    2851       1.7569
    2852       1.7744
    2853       1.6890
    2854       1.8502
    2855       1.8845
    2856       1.9590
    2857       1.8561
    2858       1.9312
    2859       1.8597
    2860       1.8721
    2861       1.8582
    2862       1.8115
    2863       1.9776
    2864       1.9484
    2865       1.8753
    2866       1.9964
    2867       1.7926
    2868       1.8438
    2869       1.8923
    2870       1.8975
    2871       1.7658
    2872       1.9201
    2873       1.8526
    2874       1.8968
    2875       1.9211
    2876       1.8115
    2877       1.8552
    2878       1.9235
    2879       1.8879
    2880       1.8783
    2881       1.8957
    2882       1.9205
    2883       1.9146
    2884       1.8829
    2885       1.9264
    2886       1.9992
    2887       1.9734
    2888       1.8789
    2889       1.9235
    2890       1.8815
    2891       1.9445
    2892       1.9000
    2893       1.9062
    2894       1.8771
    2895       1.9464
    2896       1.8896
    2897       1.8323
    2898       1.8768
    2899       2.0299
    2900       1.9534
    2901       1.8205
    2902       1.9011
    2903       1.8457
    2904       1.9707
    2905       1.9922
    2906       1.8542
    2907       1.9104
    2908       1.8143
    2909       2.0304
    2910       1.9698
    2911       1.9659
    2912       1.9117
    2913       1.8536
    2914       1.8369
    2915       1.9955
    2916       1.9791
    2917       2.0341
    2918       1.9537
    2919       1.9071
    2920       1.9364
    2921       1.8351
    2922       1.9223
    2923       1.8654
    2924       1.9288
    2925       1.7880
    2926       1.9028
    2927       1.8541
    2928       1.8363
    2929       1.8937
    2930       1.9642
    2931       1.9426
    2932       1.9290
    2933       1.8815
    2934       1.8825
    2935       1.9045
    2936       1.8809
    2937       1.9468
    2938       1.8101
    2939       1.7953
    2940       1.9740
    2941       1.8206
    2942       1.8408
    2943       1.8778
    2944       1.8458
    2945       1.7694
    2946       1.8648
    2947       1.8603
    2948       1.7396
    2949       1.8875
    2950       1.7401
    2951       1.6672
    2952       1.6620
    2953       1.7579
    2954       1.8688
    2955       1.8700
    2956       1.7357
    2957       1.7306
    2958       1.7237
    2959       1.7556
    2960       1.7943
    2961       1.7424
    2962       1.8393
    2963       1.6986
    2964       1.8181
    2965       1.7769
    2966       1.7464
    2967       1.9928
    2968       2.0086
    2969       1.8529
    2970       1.9782
    2971       2.0731
    2972       1.8731
    2973       1.8958
    2974       1.9308
    2975       1.7887
    2976       1.8487
    2977       1.7713
    2978       1.8838
    2979       1.8222
    2980       1.7641
    2981       1.7964
    2982       1.7596
    2983       1.8802
    2984       1.8328
    2985       1.8884
    2986       1.8184
    2987       1.8450
    2988       1.7275
    2989       1.6961
    2990       1.8336
    2991       1.7394
    2992       1.7749
    2993       1.7706
    2994       1.8408
    2995       1.8777
    2996       1.7486
    2997       1.7329
    2998       1.7884
    2999       1.7280
    3000       1.5932
    3001       1.6808
