0.195720
0.403660
0.615041
0.811348
1.048787
1.286461
1.529958
1.796839
2.068201
2.311342
2.543606
2.777226
3.001557
3.235527
3.453991
3.711162
3.949646
4.198281
4.462262
4.764936
5.031593
5.345022
5.631779
5.915039
6.179792
6.463445
6.701695
6.961830
7.237550
7.516878
7.786200
8.154758
8.439191
8.681002
8.963470
9.228526
9.492369
9.835372
10.127850
10.410890
10.669647
10.963399
11.254627
11.602680
12.038220
12.404892
12.682987
12.981280
13.363669
13.644333
13.954634
14.210249
14.449568
14.710649
14.946799
15.191442
15.448543
15.698766
15.962551
16.235994
16.506853
16.779920
17.067288
17.346922
17.631199
17.949922
18.223824
18.461294
18.718534
19.006563
19.303969
19.656119
20.017459
20.324522
20.620630
20.903755
21.314288
21.673005
21.992447
22.395935
22.753209
23.117986
23.432876
23.730253
24.050426
24.404220
24.749287
25.057151
25.349168
25.645189
26.003551
26.333459
26.706991
27.122374
27.496280
27.888334
28.300285
28.695917
29.134678
29.494216
29.873556
30.180940
30.535518
30.906010
31.230085
31.537181
31.837114
32.155917
32.496595
32.888728
33.228485
33.526917
33.850962
34.224674
34.674417
35.110346
35.577994
35.941067
36.389021
36.808874
37.277170
37.756108
38.166849
38.696989
39.128023
39.516427
39.960071
40.423084
40.892939
41.328680
41.768694
42.152668
42.603831
42.982709
43.366591
43.815993
44.221177
44.680194
45.093883
45.502420
45.891357
46.271099
46.654239
47.061048
47.457528
47.875094
48.305495
48.706146
49.129042
49.593085
50.028367
50.469190
50.888016
51.332567
51.763584
52.204647
52.665653
53.119447
53.583450
54.012276
54.430993
54.848290
55.294491
55.737846
56.160563
56.656607
57.110444
57.581432
58.017307
58.450864
58.882367
59.312886
59.744897
60.181473
60.632313
61.046420
61.564818
62.021540
62.443371
62.879676
63.318723
63.749508
64.172163
64.606171
65.051577
65.500818
65.976621
66.397353
66.818889
67.297048
67.774297
68.225256
68.684669
69.163548
69.625659
70.160019
70.648922
71.109532
71.596261
72.028730
72.470516
72.929687
73.371531
73.799239
74.196391
74.587432
75.014376
75.460880
75.924566
76.354191
76.812925
77.328888
77.788324
78.202807
78.687207
79.128661
79.573743
80.060220
80.515942
80.952438
81.416852
81.844650
82.288447
82.736299
83.148447
83.575163
84.039130
84.487098
84.959064
85.402582
85.860757
86.283969
86.726936
87.134939
87.572712
87.937090
88.380706
88.783550
89.211803
89.663994
90.077835
90.510747
90.962450
91.393572
91.794503
92.193731
92.600360
92.986335
93.413503
93.812676
94.228229
94.648129
95.094252
95.482758
95.907571
96.341293
96.731206
97.091392
97.533940
97.952838
98.382735
98.791345
99.194550
99.629918
100.073945
100.493811
100.913377
101.324066
101.758387
102.163415
102.601285
103.049071
103.481617
103.934511
104.386544
104.832142
105.230169
105.648058
106.076359
106.544054
106.956073
107.366412
107.802208
108.221322
108.643552
109.094115
109.570809
110.007725
110.455619
110.961772
111.443489
111.947142
112.438560
112.871729
113.289387
113.770229
114.195867
114.635075
115.025999
115.498829
115.982028
116.427067
116.843782
117.311335
117.733665
118.146604
118.600716
119.017610
119.469626
119.908477
120.291658
120.772896
121.173746
121.628633
122.026194
122.460539
122.887463
123.298766
123.683523
124.106611
124.528751
124.947216
125.383782
125.832434
126.248648
126.691875
127.091948
127.484335
127.902952
128.317944
128.712928
129.144490
129.553176
130.029458
130.452989
130.865312
131.325773
131.743297
132.138449
132.577988
132.996176
133.404586
133.799731
134.164799
134.572678
135.036167
135.470824
135.885508
136.320180
136.790908
137.210574
137.648481
138.069613
138.531760
138.945203
139.386600
139.760479
140.168088
140.616097
141.019306
141.471218
141.934499
142.401979
142.815426
143.197155
143.615900
144.019667
144.452810
144.876774
145.296350
145.682944
146.098243
146.538083
146.987371
147.370541
147.804824
148.259684
148.696916
149.133279
149.539098
149.964695
150.388507
150.795194
151.210385
151.621192
152.051771
152.640182
153.099353
153.588992
154.003726
154.374189
154.678640
155.004424
155.362516
155.812740
156.195037
156.622244
157.060551
157.474106
157.882886
158.301800
158.741818
159.172599
159.586994
160.011826
160.391307
160.837405
161.254015
161.682786
162.100254
162.507677
162.942221
163.368301
163.806313
164.221922
164.621761
165.043134
165.461303
165.863286
166.307028
166.728274
167.132489
167.539861
167.847858
168.175666
168.482459
168.765381
169.062380
169.351106
169.642502
169.959175
170.304317
170.674824
171.100284
171.505763
171.865405
172.295453
172.693451
173.118748
173.528776
173.985913
174.342067
174.716996
175.073853
175.480727
175.802398
176.176541
176.585543
177.036739
177.492470
177.867390
178.284728
178.686609
179.124644
179.564155
180.001702
180.427842
180.820893
181.231384
181.632671
181.984346
182.385974
182.876978
183.268537
183.645863
183.948838
184.288470
184.622883
184.932486
185.225716
185.547084
185.820713
186.115848
186.429377
186.898274
187.221239
187.507237
187.818398
188.170893
188.502465
188.848467
189.153371
189.511793
189.810959
190.134227
190.477929
190.794894
191.116381
191.551917
191.911141
192.276178
192.695518
193.146410
193.589652
194.033997
194.477076
194.898354
195.334168
195.744362
196.157237
196.563693
197.015065
197.462206
197.898788
198.340451
198.725824
199.109972
199.567743
199.969625
200.387374
200.832537
201.243970
201.643435
202.043241
202.457341
202.858048
203.290528
203.729176
204.152230
204.578812
204.986397
205.484500
205.913037
206.339153
206.750664
207.170764
207.601849
208.054827
208.510363
208.941906
209.333606
209.750856
210.194981
210.585754
210.980170
211.421014
211.846863
212.243007
212.673506
213.118451
213.550630
214.002169
214.442172
214.861699
215.277543
215.705597
216.165906
216.582069
217.028999
217.429805
217.869520
218.288074
218.731786
219.142484
219.600076
220.019174
220.438602
220.823579
221.243256
221.642904
222.059363
222.488089
222.882136
223.264527
223.675830
224.073653
224.507713
224.915415
225.308194
225.729131
226.156566
226.599037
226.992009
227.393649
227.775554
228.156314
228.558764
228.979330
229.400373
229.789456
230.204680
230.636761
231.039456
231.458660
231.891569
232.310112
232.759074
233.172063
233.575605
233.967992
234.380733
234.797908
235.226409
235.624598
236.005013
236.413938
236.835587
237.311040
237.772944
238.145191
238.598030
