#Frame         myrmsd
       1       0.0000
       2       1.2672
       3       1.4912
       4       1.5505
       5       1.6788
       6       1.6330
       7       1.4473
       8       1.4024
       9       1.5220
      10       1.6402
      11       1.5407
      12       1.4791
      13       1.5814
      14       1.6465
      15       1.6026
      16       1.6399
      17       1.6081
      18       1.6472
      19       1.6043
      20       1.6071
      21       1.6000
      22       1.6390
      23       1.5701
      24       1.4744
      25       1.6164
      26       1.5455
      27       1.4987
      28       1.4370
      29       1.3825
      30       1.5982
      31       1.4506
      32       1.4400
      33       1.4774
      34       1.5044
      35       1.4897
      36       1.5905
      37       1.5364
      38       1.6364
      39       1.6866
      40       1.6588
      41       1.5230
      42       1.8247
      43       1.6090
      44       1.7164
      45       1.6191
      46       1.6796
      47       1.6393
      48       1.6955
      49       1.6733
      50       1.9160
      51       1.9290
      52       1.7772
      53       1.9530
      54       2.0804
      55       1.9404
      56       1.9559
      57       2.0347
      58       1.8332
      59       1.8998
      60       1.9999
      61       1.9925
      62       1.8792
      63       1.7130
      64       1.6818
      65       1.5907
      66       1.7273
      67       1.7617
      68       1.8382
      69       1.7947
      70       1.6630
      71       1.6975
      72       1.6836
      73       1.6205
      74       1.6993
      75       1.6605
      76       1.7012
      77       1.7166
      78       1.6354
      79       1.6936
      80       1.8123
      81       1.5072
      82       1.5247
      83       1.6919
      84       1.7050
      85       1.5866
      86       1.6731
      87       1.8658
      88       1.7518
      89       1.8094
      90       1.6149
      91       1.7294
      92       1.6899
      93       1.5226
      94       1.6624
      95       1.6980
      96       1.5667
      97       1.5686
      98       1.4050
      99       1.5088
     100       1.5112
     101       1.6321
     102       1.4964
     103       1.6085
     104       1.5042
     105       1.4038
     106       1.6333
     107       1.5117
     108       1.6120
     109       1.5237
     110       1.7209
     111       1.7930
     112       1.8132
     113       1.6979
     114       1.5744
     115       1.5845
     116       1.6242
     117       1.6286
     118       1.6979
     119       1.7557
     120       1.7100
     121       1.6419
     122       1.6353
     123       1.4928
     124       1.5717
     125       1.5194
     126       1.6144
     127       1.6746
     128       1.7408
     129       1.6922
     130       1.7414
     131       1.6672
     132       1.5733
     133       1.7444
     134       1.5692
     135       1.3430
     136       1.4792
     137       1.7234
     138       1.4133
     139       1.4265
     140       1.4807
     141       1.4650
     142       1.5898
     143       1.5029
     144       1.5198
     145       1.4933
     146       1.5934
     147       1.6024
     148       1.4072
     149       1.5818
     150       1.6093
     151       1.5209
     152       1.4570
     153       1.4578
     154       1.4002
     155       1.4617
     156       1.3870
     157       1.5300
     158       1.5525
     159       1.4877
     160       1.4018
     161       1.6232
     162       1.6707
     163       1.6266
     164       1.6336
     165       1.7003
     166       1.6159
     167       1.5732
     168       1.6177
     169       1.5009
     170       1.7151
     171       1.6569
     172       1.6702
     173       1.6198
     174       1.6345
     175       1.5766
     176       1.5811
     177       1.5854
     178       1.5441
     179       1.5451
     180       1.6804
     181       1.6527
     182       1.6625
     183       1.7420
     184       1.7278
     185       1.5915
     186       1.5911
     187       1.6977
     188       1.5659
     189       1.6055
     190       1.6689
     191       1.5877
     192       1.5929
     193       1.5655
     194       1.5987
     195       1.6329
     196       1.5280
     197       1.6613
     198       1.6610
     199       1.4850
     200       1.6358
     201       1.7498
     202       1.7399
     203       1.6753
     204       1.6290
     205       1.5277
     206       1.6256
     207       1.5410
     208       1.5078
     209       1.4303
     210       1.6014
     211       1.6531
     212       1.6599
     213       1.7728
     214       1.4732
     215       1.6371
     216       1.5676
     217       1.6168
     218       1.6632
     219       1.5344
     220       1.5858
     221       1.5522
     222       1.6407
     223       1.6110
     224       1.6459
     225       1.6304
     226       1.5237
     227       1.6160
     228       1.6282
     229       1.6128
     230       1.5087
     231       1.4898
     232       1.5294
     233       1.5450
     234       1.4910
     235       1.4880
     236       1.4576
     237       1.4646
     238       1.4926
     239       1.5035
     240       1.4895
     241       1.5362
     242       1.5217
     243       1.5068
     244       1.5864
     245       1.5210
     246       1.5135
     247       1.4065
     248       1.5211
     249       1.5376
     250       1.4491
     251       1.5989
     252       1.5628
     253       1.4132
     254       1.5297
     255       1.6007
     256       1.6415
     257       1.5911
     258       1.4944
     259       1.5325
     260       1.6058
     261       1.7588
     262       1.5377
     263       1.4381
     264       1.3979
     265       1.4607
     266       1.4620
     267       1.4471
     268       1.7112
     269       1.3589
     270       1.3623
     271       1.4150
     272       1.3733
     273       1.4527
     274       1.3934
     275       1.4457
     276       1.4978
     277       1.3719
     278       1.5007
     279       1.5356
     280       1.8112
     281       1.6301
     282       1.6509
     283       1.5353
     284       1.6244
     285       1.7371
     286       1.7848
     287       1.6278
     288       1.6842
     289       1.6427
     290       1.6804
     291       1.5846
     292       1.6334
     293       1.5809
     294       1.6113
     295       1.6563
     296       1.5553
     297       1.7868
     298       1.6201
     299       1.5695
     300       1.8488
     301       1.7219
     302       1.8088
     303       1.7773
     304       1.6742
     305       1.6443
     306       1.5359
     307       1.5654
     308       1.6136
     309       1.6113
     310       1.4758
     311       1.6078
     312       1.6274
     313       1.6915
     314       1.5780
     315       1.5780
     316       1.5895
     317       1.5938
     318       1.5395
     319       1.6612
     320       1.6695
     321       1.7350
     322       1.6787
     323       1.5715
     324       1.5568
     325       1.5181
     326       1.5654
     327       1.6469
     328       1.7111
     329       1.4993
     330       1.6383
     331       1.5938
     332       1.5660
     333       1.6236
     334       1.7189
     335       1.5569
     336       1.6052
     337       1.6137
     338       1.6261
     339       1.5654
     340       1.4707
     341       1.6810
     342       1.5207
     343       1.6273
     344       1.6838
     345       1.6351
     346       1.5906
     347       1.6211
     348       1.6729
     349       1.6082
     350       1.6300
     351       1.6121
     352       1.5427
     353       1.7067
     354       1.6700
     355       1.6566
     356       1.6217
     357       1.6340
     358       1.6231
     359       1.5852
     360       1.6575
     361       1.6613
     362       1.6214
     363       1.6158
     364       1.5797
     365       1.4986
     366       1.5563
     367       1.6034
     368       1.6206
     369       1.6518
     370       1.6524
     371       1.6247
     372       1.9149
     373       1.7277
     374       1.5713
     375       1.5159
     376       1.6438
     377       1.6091
     378       1.6195
     379       1.7441
     380       1.7461
     381       1.6425
     382       1.6998
     383       1.6442
     384       1.7021
     385       1.6927
     386       1.7287
     387       1.8234
     388       1.7646
     389       1.7285
     390       1.7125
     391       1.7586
     392       1.6543
     393       1.6522
     394       1.7230
     395       1.7061
     396       1.7198
     397       1.6486
     398       1.6777
     399       1.6224
     400       1.7580
     401       1.5644
     402       1.6141
     403       1.6254
     404       1.5868
     405       1.6888
     406       1.7122
     407       1.7398
     408       1.6786
     409       1.7163
     410       1.6891
     411       1.5560
     412       1.6599
     413       1.6981
     414       1.7469
     415       1.7136
     416       1.7351
     417       1.7203
     418       1.7663
     419       1.7727
     420       1.6519
     421       1.6973
     422       1.7282
     423       1.8896
     424       1.6785
     425       1.6677
     426       1.7043
     427       1.7286
     428       1.7332
     429       1.6916
     430       1.7796
     431       1.7779
     432       1.7013
     433       1.5003
     434       1.5208
     435       1.6641
     436       1.6881
     437       1.6611
     438       1.6449
     439       1.5613
     440       1.6853
     441       1.6206
     442       1.6663
     443       1.6162
     444       1.6973
     445       1.6701
     446       1.6801
     447       1.6177
     448       1.6351
     449       1.6139
     450       1.5942
     451       1.6863
     452       1.6617
     453       1.7709
     454       1.7170
     455       1.6411
     456       1.6207
     457       1.5201
     458       1.6557
     459       1.7874
     460       1.6179
     461       1.6416
     462       1.6873
     463       1.6819
     464       1.7649
     465       1.7411
     466       1.7375
     467       1.7810
     468       1.7761
     469       1.7658
     470       1.7342
     471       1.8337
     472       1.8696
     473       1.6437
     474       1.6459
     475       1.7126
     476       1.7185
     477       1.7457
     478       1.7769
     479       1.8304
     480       1.7883
     481       1.6954
     482       1.7289
     483       1.6512
     484       1.8685
     485       1.7938
     486       1.9526
     487       1.7022
     488       1.8035
     489       1.7524
     490       1.7339
     491       1.7500
     492       1.7186
     493       1.7109
     494       1.7536
     495       1.8016
     496       1.6443
     497       1.7179
     498       1.7640
     499       1.6718
     500       1.7377
     501       1.7907
     502       1.9577
     503       2.0853
     504       1.8791
     505       1.8510
     506       1.9446
     507       1.7540
     508       1.8573
     509       1.8649
     510       1.7920
     511       1.8158
     512       1.6732
     513       1.7838
     514       1.7791
     515       1.8008
     516       1.8554
     517       1.9809
     518       1.8511
     519       1.9146
     520       1.7145
     521       1.7038
     522       1.7457
     523       1.7397
     524       1.6517
     525       1.6040
     526       1.6953
     527       1.7628
     528       1.8568
     529       1.7308
     530       1.7636
     531       1.7686
     532       1.7264
     533       1.7183
     534       1.8619
     535       1.8248
     536       1.7926
     537       1.6837
     538       1.9257
     539       1.6166
     540       1.6967
     541       1.8256
     542       1.7381
     543       1.7411
     544       1.8903
     545       1.7619
     546       1.7851
     547       1.8114
     548       1.7536
     549       1.8459
     550       1.7786
     551       1.7346
     552       1.8388
     553       1.6374
     554       1.7809
     555       1.6632
     556       1.6600
     557       1.8609
     558       1.6188
     559       1.7586
     560       1.6991
     561       1.6019
     562       1.5884
     563       1.6231
     564       1.6120
     565       1.6517
     566       1.6217
     567       1.6756
     568       1.6312
     569       1.6264
     570       1.7199
     571       1.7239
     572       1.7525
     573       1.6344
     574       1.6851
     575       1.5733
     576       1.6663
     577       1.7784
     578       1.6714
     579       1.7490
     580       1.7252
     581       1.6286
     582       1.6551
     583       1.7393
     584       1.6577
     585       1.7339
     586       1.5767
     587       1.6342
     588       1.7794
     589       1.7140
     590       1.6955
     591       1.7671
     592       1.7297
     593       1.6310
     594       1.7004
     595       1.6206
     596       1.5957
     597       1.6203
     598       1.5707
     599       1.5046
     600       1.5754
     601       1.4374
     602       1.5275
     603       1.4841
     604       1.5276
     605       1.5805
     606       1.5730
     607       1.3991
     608       1.4575
     609       1.6985
     610       1.5833
     611       1.6776
     612       1.6257
     613       1.6463
     614       1.6912
     615       1.7543
     616       1.6755
     617       1.6547
     618       1.6787
     619       1.8017
     620       1.7806
     621       1.8206
     622       1.7216
     623       1.7431
     624       1.7077
     625       1.7996
     626       1.6490
     627       1.6518
     628       1.6733
     629       1.7806
     630       1.5331
     631       1.6083
     632       1.5789
     633       1.6616
     634       1.8631
     635       1.7684
     636       1.6308
     637       1.6874
     638       1.5993
     639       1.5673
     640       1.5596
     641       1.4869
     642       1.5433
     643       1.6162
     644       1.6572
     645       1.5538
     646       1.6378
     647       1.5720
     648       1.5310
     649       1.5953
     650       1.5219
     651       1.5737
     652       1.5991
     653       1.7645
     654       1.6003
     655       1.5998
     656       1.5674
     657       1.4855
     658       1.5133
     659       1.5134
     660       1.6992
     661       1.6551
     662       1.6470
     663       1.6710
     664       1.6633
     665       1.7380
     666       1.7153
     667       1.8272
     668       1.7909
     669       1.6961
     670       1.6890
     671       1.7966
     672       1.7201
     673       1.6958
     674       1.6032
     675       1.5987
     676       1.5249
     677       1.5809
     678       1.6451
     679       1.6306
     680       1.6794
     681       1.7539
     682       1.6768
     683       1.5752
     684       1.7280
     685       1.7086
     686       1.6565
     687       1.7289
     688       1.7846
     689       1.6071
     690       1.7497
     691       1.6181
     692       1.7042
     693       1.6659
     694       1.6610
     695       1.5337
     696       1.5651
     697       1.6589
     698       1.7169
     699       1.7753
     700       1.6979
     701       1.7535
     702       1.6540
     703       1.6135
     704       1.5922
     705       1.5610
     706       1.7225
     707       1.6047
     708       1.5684
     709       1.6680
     710       1.6919
     711       1.7530
     712       1.7823
     713       1.6767
     714       1.7657
     715       1.8096
     716       1.6792
     717       1.7607
     718       1.6826
     719       1.6409
     720       1.7066
     721       1.6513
     722       1.6499
     723       1.7792
     724       1.8273
     725       1.7512
     726       1.7526
     727       1.7807
     728       1.8365
     729       1.7553
     730       1.8476
     731       1.6976
     732       1.6834
     733       1.7593
     734       1.7574
     735       1.7207
     736       1.7971
     737       1.8402
     738       1.7482
     739       1.6833
     740       1.7395
     741       1.8210
     742       1.7725
     743       1.6809
     744       1.7852
     745       1.7161
     746       1.7128
     747       1.5998
     748       1.6974
     749       1.7687
     750       1.6854
     751       1.5778
     752       1.5587
     753       1.6257
     754       1.7813
     755       1.8051
     756       1.6470
     757       1.6788
     758       1.6208
     759       1.6308
     760       1.5886
     761       1.7538
     762       1.6634
     763       1.7110
     764       1.7175
     765       1.6423
     766       1.7387
     767       1.7463
     768       1.7597
     769       1.8012
     770       1.8018
     771       2.0210
     772       1.9536
     773       1.8723
     774       2.0682
     775       1.9716
     776       1.8714
     777       2.0407
     778       2.0433
     779       1.9471
     780       2.2621
     781       2.1677
     782       2.0680
     783       2.1342
     784       1.9946
     785       1.9778
     786       2.1369
     787       2.1506
     788       1.8014
     789       2.0947
     790       2.0423
     791       2.0526
     792       1.9074
     793       2.0322
     794       1.9755
     795       2.0125
     796       1.8258
     797       1.9678
     798       1.8600
     799       1.6836
     800       1.8326
     801       1.7653
     802       1.8385
     803       1.6531
     804       1.6682
     805       1.6003
     806       1.6896
     807       1.6110
     808       1.7176
     809       1.6753
     810       1.6985
     811       1.7233
     812       1.6328
     813       1.5722
     814       1.6802
     815       1.8340
     816       1.7813
     817       1.7960
     818       1.7220
     819       1.7055
     820       1.7001
     821       1.6835
     822       1.8565
     823       1.7444
     824       1.6823
     825       1.7729
     826       1.8096
     827       1.7537
     828       1.7000
     829       1.8570
     830       1.8858
     831       1.8467
     832       1.7007
     833       1.6756
     834       1.7807
     835       1.7481
     836       1.7073
     837       1.7429
     838       1.6157
     839       1.9125
     840       1.6654
     841       1.6470
     842       1.5647
     843       1.5766
     844       1.6278
     845       1.6243
     846       1.8216
     847       1.8883
     848       1.7395
     849       1.9974
     850       1.9100
     851       1.7894
     852       1.7321
     853       1.7795
     854       1.7860
     855       1.7952
     856       1.7893
     857       1.6809
     858       1.7238
     859       1.7148
     860       1.6562
     861       1.7022
     862       1.7759
     863       1.6641
     864       1.6607
     865       1.5533
     866       1.6850
     867       1.8335
     868       1.6268
     869       1.6782
     870       1.6588
     871       1.7414
     872       1.7523
     873       1.7613
     874       1.9663
     875       1.7008
     876       1.7145
     877       1.7164
     878       1.7350
     879       1.7247
     880       1.9150
     881       1.8128
     882       1.7852
     883       1.8416
     884       2.2103
     885       1.7558
     886       1.8145
     887       1.7762
     888       1.8612
     889       1.7710
     890       1.6767
     891       1.6761
     892       1.6464
     893       1.7807
     894       1.7570
     895       1.8694
     896       1.8457
     897       1.7600
     898       1.7101
     899       1.6426
     900       1.8841
     901       1.6776
     902       1.7626
     903       1.9135
     904       1.8102
     905       1.9027
     906       1.8390
     907       1.8415
     908       1.6452
     909       1.7919
     910       1.7811
     911       1.7903
     912       1.7088
     913       1.6608
     914       1.8548
     915       1.9404
     916       1.8716
     917       1.5686
     918       1.6978
     919       1.7738
     920       1.6213
     921       1.8037
     922       1.7264
     923       1.7952
     924       1.6963
     925       1.7166
     926       1.8477
     927       1.7800
     928       1.6877
     929       1.8875
     930       1.8030
     931       1.7711
     932       1.7944
     933       1.9073
     934       1.9041
     935       1.8998
     936       1.9003
     937       1.8049
     938       1.8528
     939       2.0327
     940       1.7097
     941       1.7189
     942       1.7662
     943       1.6811
     944       1.8290
     945       1.8683
     946       1.8243
     947       1.8877
     948       1.8951
     949       1.8901
     950       1.8755
     951       1.7822
     952       1.7717
     953       1.8015
     954       1.7901
     955       1.8006
     956       1.8907
     957       2.0080
     958       1.8416
     959       2.0367
     960       1.7161
     961       1.8147
     962       1.9274
     963       2.0097
     964       1.8728
     965       1.8822
     966       1.7882
     967       1.7321
     968       1.7463
     969       1.7741
     970       1.9652
     971       1.9621
     972       1.9984
     973       2.0186
     974       1.6974
     975       1.7700
     976       1.7178
     977       1.7699
     978       1.8121
     979       1.6888
     980       1.8367
     981       1.6604
     982       1.8255
     983       2.0656
     984       1.9354
     985       1.7047
     986       1.8520
     987       1.8147
     988       1.8559
     989       1.7232
     990       1.5772
     991       1.5949
     992       1.6182
     993       1.5387
     994       1.6668
     995       1.5503
     996       1.6086
     997       1.6623
     998       1.6238
     999       1.6950
    1000       1.8461
    1001       1.8773
    1002       1.7011
    1003       1.6997
    1004       1.6412
    1005       1.9173
    1006       1.7688
    1007       1.7425
    1008       1.7522
    1009       1.6923
    1010       1.6187
    1011       1.5812
    1012       1.5745
    1013       1.6396
    1014       1.6639
    1015       1.6009
    1016       1.6806
    1017       1.7140
    1018       1.7077
    1019       1.7448
    1020       1.7490
    1021       1.6928
    1022       1.6801
    1023       1.7649
    1024       1.7405
    1025       1.6850
    1026       1.6540
    1027       1.6940
    1028       1.6938
    1029       1.7196
    1030       1.7354
    1031       1.6781
    1032       1.7066
    1033       1.8124
    1034       1.6970
    1035       1.6559
    1036       1.8186
    1037       1.5897
    1038       1.7543
    1039       1.7904
    1040       1.7743
    1041       1.7749
    1042       1.8877
    1043       1.9029
    1044       1.7345
    1045       1.7575
    1046       1.6820
    1047       1.7768
    1048       1.8167
    1049       1.8448
    1050       1.7018
    1051       1.7236
    1052       1.7160
    1053       1.7753
    1054       1.7544
    1055       1.7757
    1056       1.7364
    1057       1.6765
    1058       1.6859
    1059       1.7318
    1060       1.7174
    1061       1.6762
    1062       1.6905
    1063       1.6819
    1064       1.7439
    1065       1.6934
    1066       1.6863
    1067       1.7331
    1068       1.6862
    1069       1.6207
    1070       1.6641
    1071       1.6450
    1072       1.6076
    1073       1.7492
    1074       1.6133
    1075       1.6406
    1076       1.6534
    1077       1.7490
    1078       1.6386
    1079       1.6929
    1080       1.6646
    1081       1.6643
    1082       1.6343
    1083       1.7817
    1084       1.6100
    1085       1.6627
    1086       1.7264
    1087       1.6706
    1088       1.6622
    1089       1.5959
    1090       1.6807
    1091       1.6498
    1092       1.6621
    1093       1.7460
    1094       1.7087
    1095       1.6603
    1096       1.6799
    1097       1.6977
    1098       1.7451
    1099       1.6824
    1100       1.7006
    1101       1.7177
    1102       1.6817
    1103       1.8593
    1104       1.8279
    1105       1.7652
    1106       1.7207
    1107       1.7198
    1108       1.8186
    1109       1.6665
    1110       1.7314
    1111       1.6309
    1112       1.6536
    1113       1.7362
    1114       1.7620
    1115       1.8167
    1116       1.7089
    1117       1.7271
    1118       1.7366
    1119       1.6894
    1120       1.6595
    1121       1.7671
    1122       1.7811
    1123       1.7596
    1124       1.7773
    1125       1.7330
    1126       1.7412
    1127       1.6252
    1128       1.7232
    1129       1.7891
    1130       1.8177
    1131       1.8658
    1132       1.7948
    1133       1.7024
    1134       1.6955
    1135       1.7354
    1136       1.8042
    1137       1.8705
    1138       1.6352
    1139       1.8010
    1140       1.7080
    1141       1.7785
    1142       1.6610
    1143       1.6802
    1144       1.7517
    1145       1.7843
    1146       1.7569
    1147       1.6975
    1148       1.7273
    1149       1.8669
    1150       1.7700
    1151       1.7671
    1152       1.7522
    1153       1.8822
    1154       1.6957
    1155       1.6685
    1156       1.7512
    1157       1.7760
    1158       1.7258
    1159       1.6416
    1160       1.6336
    1161       1.7430
    1162       1.7480
    1163       1.8442
    1164       1.7264
    1165       1.5981
    1166       1.7192
    1167       1.7439
    1168       1.6121
    1169       1.7475
    1170       1.7012
    1171       1.7186
    1172       1.6254
    1173       1.6435
    1174       1.5878
    1175       1.5997
    1176       1.6741
    1177       1.6382
    1178       1.6067
    1179       1.6040
    1180       1.6704
    1181       1.6446
    1182       1.7446
    1183       1.7147
    1184       1.6251
    1185       1.6013
    1186       1.5707
    1187       1.5349
    1188       1.6220
    1189       1.6553
    1190       1.6319
    1191       1.5868
    1192       1.6238
    1193       1.5467
    1194       1.6908
    1195       1.7380
    1196       1.7515
    1197       1.8160
    1198       1.7190
    1199       1.7393
    1200       1.6984
    1201       1.7107
    1202       1.7351
    1203       1.6925
    1204       1.6211
    1205       1.7063
    1206       1.6942
    1207       1.8234
    1208       1.8477
    1209       1.8355
    1210       1.7988
    1211       1.6581
    1212       1.7573
    1213       1.8053
    1214       1.7701
    1215       1.6388
    1216       1.7245
    1217       1.7620
    1218       1.6974
    1219       1.7159
    1220       1.5467
    1221       1.6402
    1222       1.6644
    1223       1.6063
    1224       1.7951
    1225       1.7508
    1226       1.6983
    1227       1.6293
    1228       1.6231
    1229       1.5999
    1230       1.7098
    1231       1.6802
    1232       1.7041
    1233       1.7353
    1234       1.8249
    1235       1.8028
    1236       1.9006
    1237       1.8489
    1238       1.8047
    1239       1.8082
    1240       1.7389
    1241       1.7926
    1242       1.8032
    1243       1.7759
    1244       1.7924
    1245       1.7480
    1246       1.6818
    1247       1.7163
    1248       1.8758
    1249       1.7581
    1250       1.8381
    1251       1.8272
    1252       1.7445
    1253       1.7505
    1254       1.7466
    1255       1.7235
    1256       1.6822
    1257       1.6371
    1258       1.7032
    1259       1.7502
    1260       1.8305
    1261       1.8252
    1262       1.8436
    1263       1.6862
    1264       1.8365
    1265       1.6826
    1266       1.9320
    1267       1.7431
    1268       1.7513
    1269       1.8030
    1270       1.8756
    1271       1.7630
    1272       1.8252
    1273       1.7841
    1274       1.7485
    1275       1.7648
    1276       1.6920
    1277       1.7606
    1278       1.7492
    1279       1.7446
    1280       1.6373
    1281       1.7847
    1282       1.7452
    1283       1.6537
    1284       1.6951
    1285       1.7817
    1286       1.6464
    1287       2.0048
    1288       1.7521
    1289       1.6543
    1290       1.7522
    1291       1.8107
    1292       1.7617
    1293       1.7173
    1294       1.8361
    1295       1.6715
    1296       1.7196
    1297       1.6979
    1298       1.7201
    1299       1.7114
    1300       1.7511
    1301       1.6874
    1302       1.7351
    1303       1.7689
    1304       1.7271
    1305       1.7704
    1306       1.7714
    1307       1.7563
    1308       1.7984
    1309       1.8390
    1310       1.7450
    1311       1.8247
    1312       1.7861
    1313       1.8694
    1314       1.7380
    1315       1.7705
    1316       1.7773
    1317       1.8482
    1318       1.9036
    1319       1.7775
    1320       1.7171
    1321       1.7152
    1322       1.6915
    1323       1.7236
    1324       1.7542
    1325       1.7579
    1326       1.8182
    1327       1.8631
    1328       1.8922
    1329       1.7983
    1330       1.8985
    1331       2.0041
    1332       1.7691
    1333       1.7900
    1334       1.7079
    1335       1.7011
    1336       1.7100
    1337       1.8022
    1338       1.7730
    1339       1.7934
    1340       1.8456
    1341       1.8472
    1342       1.8031
    1343       1.8336
    1344       1.7667
    1345       1.8613
    1346       1.8920
    1347       1.8981
    1348       1.8538
    1349       1.8168
    1350       1.8050
    1351       1.9324
    1352       1.8442
    1353       1.8455
    1354       1.8654
    1355       1.8886
    1356       1.7766
    1357       1.8606
    1358       1.8242
    1359       1.8103
    1360       1.7725
    1361       1.8094
    1362       1.6968
    1363       1.8466
    1364       1.7584
    1365       1.8178
    1366       1.8331
    1367       1.8854
    1368       1.8495
    1369       1.7529
    1370       1.7424
    1371       1.8370
    1372       1.8426
    1373       1.8523
    1374       1.7991
    1375       2.0893
    1376       1.8151
    1377       1.9774
    1378       1.8359
    1379       1.9562
    1380       1.7991
    1381       1.6982
    1382       1.7502
    1383       1.6685
    1384       1.7202
    1385       1.8203
    1386       1.8658
    1387       1.8588
    1388       1.8489
    1389       1.9997
    1390       2.0460
    1391       2.2639
    1392       1.9386
    1393       2.2794
    1394       1.9760
    1395       2.0784
    1396       2.1464
    1397       2.1443
    1398       1.9704
    1399       1.8941
    1400       1.9684
    1401       2.0764
    1402       2.1383
    1403       1.9557
    1404       1.8574
    1405       1.8740
    1406       1.9436
    1407       1.9359
    1408       1.8791
    1409       1.8190
    1410       1.8078
    1411       1.9812
    1412       1.9493
    1413       2.2875
    1414       1.9736
    1415       1.9245
    1416       1.9802
    1417       2.0915
    1418       2.2024
    1419       1.9267
    1420       2.0481
    1421       2.0748
    1422       2.0932
    1423       1.9634
    1424       2.0841
    1425       1.8940
    1426       1.9740
    1427       1.8177
    1428       1.9220
    1429       1.8429
    1430       2.0837
    1431       2.0997
    1432       1.8526
    1433       1.9554
    1434       1.9285
    1435       1.9472
    1436       2.0253
    1437       2.0348
    1438       1.9534
    1439       1.8593
    1440       2.0521
    1441       2.0833
    1442       2.1629
    1443       1.9790
    1444       1.8842
    1445       2.0698
    1446       1.9928
    1447       1.8258
    1448       1.9025
    1449       1.9023
    1450       1.9704
    1451       1.9293
    1452       1.9602
    1453       2.0892
    1454       2.0259
    1455       2.0291
    1456       1.9523
    1457       1.9703
    1458       1.8840
    1459       1.8573
    1460       1.8695
    1461       1.8814
    1462       1.9959
    1463       2.1337
    1464       2.0872
    1465       2.0971
    1466       1.8177
    1467       1.8271
    1468       1.8651
    1469       1.9496
    1470       1.9066
    1471       1.7618
    1472       2.0444
    1473       2.0285
    1474       1.9327
    1475       2.2253
    1476       1.9300
    1477       2.1187
    1478       2.1635
    1479       1.9867
    1480       2.0613
    1481       2.0178
    1482       1.8595
    1483       1.9807
    1484       1.8566
    1485       1.9002
    1486       1.8145
    1487       1.8282
    1488       1.9114
    1489       1.8483
    1490       1.9737
    1491       1.9190
    1492       1.8883
    1493       1.8306
    1494       1.9639
    1495       2.0635
    1496       1.9070
    1497       2.0178
    1498       1.8239
    1499       1.8627
    1500       1.8805
    1501       1.8492
    1502       1.7866
    1503       1.7250
    1504       1.7398
    1505       1.8660
    1506       1.7458
    1507       1.9281
    1508       1.8559
    1509       1.8500
    1510       2.0507
    1511       1.8486
    1512       1.9121
    1513       2.0207
    1514       1.8964
    1515       2.0209
    1516       2.1143
    1517       1.9909
    1518       2.0655
    1519       1.9630
    1520       2.0130
    1521       1.9291
    1522       1.9008
    1523       1.9763
    1524       1.9463
    1525       1.9310
    1526       2.0814
    1527       2.0335
    1528       1.8382
    1529       1.9425
    1530       2.0317
    1531       1.9001
    1532       1.9471
    1533       1.9610
    1534       1.9139
    1535       2.0301
    1536       1.9210
    1537       1.9227
    1538       2.0089
    1539       2.0340
    1540       1.9343
    1541       2.0645
    1542       1.9798
    1543       2.0705
    1544       1.9726
    1545       2.0461
    1546       1.9529
    1547       2.1846
    1548       1.9327
    1549       1.9210
    1550       1.8918
    1551       1.8742
    1552       1.8928
    1553       1.9164
    1554       1.9654
    1555       1.9447
    1556       2.0281
    1557       1.9395
    1558       2.0034
    1559       1.8820
    1560       1.9443
    1561       1.9812
    1562       1.9576
    1563       2.2229
    1564       2.0862
    1565       2.0512
    1566       2.2226
    1567       1.9684
    1568       2.0396
    1569       2.2211
    1570       2.2803
    1571       2.2411
    1572       2.2065
    1573       2.0377
    1574       2.2259
    1575       2.0284
    1576       2.2112
    1577       2.3076
    1578       2.3612
    1579       2.3920
    1580       2.2435
    1581       2.1798
    1582       2.3033
    1583       2.2736
    1584       2.1453
    1585       2.2836
    1586       2.3506
    1587       2.1657
    1588       2.1971
    1589       2.3160
    1590       2.1891
    1591       2.3157
    1592       2.1016
    1593       2.0997
    1594       2.2502
    1595       2.0500
    1596       2.1346
    1597       2.2147
    1598       2.2426
    1599       2.1970
    1600       2.2431
    1601       2.1245
    1602       2.3412
    1603       2.2933
    1604       2.1713
    1605       2.3971
    1606       2.1500
    1607       2.1320
    1608       2.1613
    1609       2.2081
    1610       2.2105
    1611       2.1315
    1612       2.1088
    1613       1.9990
    1614       2.2605
    1615       2.1807
    1616       2.1914
    1617       1.9815
    1618       2.1730
    1619       2.1676
    1620       2.0989
    1621       1.9091
    1622       2.0685
    1623       1.9979
    1624       1.9447
    1625       2.0476
    1626       2.0777
    1627       2.0829
    1628       2.0789
    1629       2.0438
    1630       1.9567
    1631       1.9354
    1632       2.0423
    1633       2.0891
    1634       2.0702
    1635       1.9278
    1636       1.8224
    1637       1.9605
    1638       1.8870
    1639       1.9040
    1640       1.8298
    1641       1.8772
    1642       1.8353
    1643       1.8712
    1644       1.9837
    1645       1.8984
    1646       1.8782
    1647       1.9286
    1648       1.8789
    1649       1.8828
    1650       2.0223
    1651       2.0501
    1652       2.0095
    1653       2.0284
    1654       1.9908
    1655       1.9532
    1656       2.0074
    1657       1.9849
    1658       2.1073
    1659       1.9809
    1660       1.9327
    1661       2.0171
    1662       1.8504
    1663       1.9544
    1664       1.9742
    1665       2.1161
    1666       2.0719
    1667       1.9673
    1668       2.0504
    1669       2.0703
    1670       2.1016
    1671       2.0979
    1672       2.0509
    1673       2.1272
    1674       2.0819
    1675       2.0299
    1676       2.0473
    1677       2.1124
    1678       2.2258
    1679       2.1045
    1680       2.0047
    1681       2.0494
    1682       1.9767
    1683       2.0281
    1684       2.1331
    1685       2.1134
    1686       1.9766
    1687       2.0673
    1688       2.1428
    1689       2.1940
    1690       2.1174
    1691       2.1738
    1692       2.2270
    1693       2.1630
    1694       2.2167
    1695       2.0889
    1696       2.1484
    1697       2.2121
    1698       2.0961
    1699       2.1989
    1700       2.1177
    1701       2.1408
    1702       2.1281
    1703       2.1580
    1704       2.0041
    1705       2.0691
    1706       2.1686
    1707       2.3366
    1708       2.2505
    1709       2.1339
    1710       2.2376
    1711       2.1873
    1712       2.1908
    1713       2.4492
    1714       2.1204
    1715       2.2402
    1716       2.2369
    1717       2.0076
    1718       2.0634
    1719       1.9772
    1720       2.0529
    1721       2.0362
    1722       2.1567
    1723       2.0257
    1724       2.0679
    1725       1.9522
    1726       2.0347
    1727       2.1025
    1728       2.0078
    1729       1.9252
    1730       1.8711
    1731       1.9130
    1732       1.9538
    1733       1.8907
    1734       1.9473
    1735       1.8892
    1736       1.8841
    1737       2.0148
    1738       1.9312
    1739       2.0311
    1740       1.9783
    1741       1.8957
    1742       1.8839
    1743       1.9048
    1744       1.7798
    1745       1.7982
    1746       1.8516
    1747       1.9013
    1748       1.9379
    1749       1.9071
    1750       1.7768
    1751       1.8869
    1752       1.8740
    1753       1.8874
    1754       1.8691
    1755       1.8212
    1756       1.9181
    1757       1.8544
    1758       1.9160
    1759       1.9247
    1760       1.9124
    1761       1.9010
    1762       1.8539
    1763       1.8088
    1764       1.9140
    1765       1.9934
    1766       1.9327
    1767       1.9378
    1768       1.7747
    1769       1.9881
    1770       2.0253
    1771       2.0097
    1772       1.9358
    1773       1.9389
    1774       1.9062
    1775       1.8805
    1776       1.7973
    1777       1.9487
    1778       1.8963
    1779       1.8773
    1780       1.7787
    1781       1.8917
    1782       1.9000
    1783       1.8088
    1784       2.0593
    1785       1.9729
    1786       2.0135
    1787       1.9456
    1788       1.9317
    1789       1.9379
    1790       1.8569
    1791       2.1037
    1792       2.0695
    1793       1.9315
    1794       2.0807
    1795       1.9488
    1796       2.0101
    1797       2.0351
    1798       1.8921
    1799       1.9106
    1800       1.9636
    1801       2.0146
    1802       1.9413
    1803       2.0008
    1804       1.9348
    1805       2.0477
    1806       1.9992
    1807       1.9956
    1808       1.9414
    1809       1.8389
    1810       1.9539
    1811       1.9768
    1812       1.9852
    1813       2.0541
    1814       1.9972
    1815       1.9368
    1816       1.8652
    1817       1.8882
    1818       1.9390
    1819       1.9594
    1820       1.8680
    1821       1.8080
    1822       1.9510
    1823       2.0201
    1824       2.2381
    1825       2.0509
    1826       2.0800
    1827       2.0706
    1828       2.0777
    1829       1.9225
    1830       1.9788
    1831       2.0576
    1832       2.0207
    1833       2.0189
    1834       1.8775
    1835       1.9082
    1836       2.0563
    1837       2.0144
    1838       2.2005
    1839       2.1895
    1840       2.1042
    1841       1.9661
    1842       2.1405
    1843       2.2043
    1844       2.0760
    1845       1.9497
    1846       2.0958
    1847       1.9796
    1848       2.0111
    1849       2.0377
    1850       2.1667
    1851       2.3123
    1852       2.0945
    1853       2.3050
    1854       2.0913
    1855       2.1476
    1856       2.0614
    1857       2.1278
    1858       2.0479
    1859       2.0144
    1860       2.1244
    1861       2.0211
    1862       1.9497
    1863       1.9271
    1864       1.9751
    1865       1.9843
    1866       2.0160
    1867       1.9783
    1868       2.0095
    1869       1.9260
    1870       1.8688
    1871       1.9738
    1872       2.0747
    1873       2.0969
    1874       1.9474
    1875       2.0537
    1876       1.9457
    1877       2.1141
    1878       2.0356
    1879       2.0667
    1880       2.0387
    1881       1.9751
    1882       2.0203
    1883       2.2297
    1884       2.0738
    1885       1.8941
    1886       2.0443
    1887       1.9657
    1888       2.1574
    1889       2.0983
    1890       2.1775
    1891       2.0625
    1892       2.0106
    1893       2.2005
    1894       1.9946
    1895       1.8924
    1896       2.0987
    1897       2.0602
    1898       2.1927
    1899       2.1046
    1900       2.0042
    1901       1.9471
    1902       2.0199
    1903       2.0263
    1904       1.9815
    1905       2.0485
    1906       1.9921
    1907       2.1550
    1908       2.1133
    1909       1.9056
    1910       1.9993
    1911       2.2009
    1912       2.1490
    1913       2.0735
    1914       2.1318
    1915       2.0763
    1916       1.9925
    1917       1.9990
    1918       2.0167
    1919       1.9533
    1920       1.9621
    1921       1.9833
    1922       2.0612
    1923       1.9221
    1924       1.8213
    1925       1.8810
    1926       1.8988
    1927       1.8571
    1928       1.9888
    1929       1.8770
    1930       1.8862
    1931       1.8090
    1932       2.0425
    1933       1.8987
    1934       1.9564
    1935       1.8767
    1936       1.8517
    1937       2.0081
    1938       2.0905
    1939       1.9184
    1940       1.9707
    1941       2.0264
    1942       1.9007
    1943       1.9032
    1944       1.9931
    1945       1.8546
    1946       1.9074
    1947       1.8040
    1948       1.8608
    1949       1.8213
    1950       1.8933
    1951       1.7565
    1952       1.8713
    1953       1.8639
    1954       1.9593
    1955       1.9978
    1956       1.8571
    1957       1.8959
    1958       1.9542
    1959       2.0377
    1960       2.0972
    1961       1.8848
    1962       1.9508
    1963       1.7127
    1964       1.7577
    1965       1.7736
    1966       1.8205
    1967       1.8602
    1968       1.8267
    1969       1.8277
    1970       1.6968
    1971       1.7276
    1972       1.7595
    1973       1.7936
    1974       1.7952
    1975       1.7529
    1976       1.6914
    1977       1.7664
    1978       1.7902
    1979       1.7259
    1980       1.7190
    1981       1.7866
    1982       1.8674
    1983       1.7889
    1984       1.7093
    1985       1.7824
    1986       1.7998
    1987       1.7978
    1988       1.8630
    1989       1.8188
    1990       1.7356
    1991       1.7957
    1992       1.7467
    1993       1.7774
    1994       1.7958
    1995       1.7640
    1996       1.7888
    1997       1.8707
    1998       1.8535
    1999       1.8292
    2000       1.8642
    2001       1.8605
    2002       1.8398
    2003       1.8274
    2004       1.8007
    2005       1.8125
    2006       1.9166
    2007       1.8788
    2008       1.7852
    2009       1.9472
    2010       1.8288
    2011       1.8510
    2012       1.8958
    2013       1.8104
    2014       1.8644
    2015       1.7718
    2016       1.8038
    2017       1.8088
    2018       1.7610
    2019       1.8679
    2020       1.8091
    2021       1.7573
    2022       2.0157
    2023       1.9087
    2024       1.7933
    2025       1.7126
    2026       1.8704
    2027       1.8716
    2028       1.8797
    2029       1.7720
    2030       1.7115
    2031       1.7529
    2032       1.8609
    2033       1.8539
    2034       1.7612
    2035       1.7828
    2036       1.7132
    2037       1.9064
    2038       1.8050
    2039       1.7850
    2040       1.8850
    2041       1.9007
    2042       1.7868
    2043       1.7832
    2044       1.7959
    2045       1.8980
    2046       1.7862
    2047       1.8585
    2048       1.8030
    2049       1.7857
    2050       1.8511
    2051       1.7993
    2052       1.8502
    2053       1.9066
    2054       1.8888
    2055       1.8706
    2056       1.9740
    2057       1.8866
    2058       1.8613
    2059       1.8393
    2060       1.9685
    2061       1.9347
    2062       1.8925
    2063       1.9447
    2064       1.9820
    2065       1.8428
    2066       2.0620
    2067       1.8683
    2068       1.8170
    2069       1.8429
    2070       1.8983
    2071       1.9052
    2072       1.8596
    2073       1.8768
    2074       1.7970
    2075       1.8568
    2076       1.7696
    2077       1.9034
    2078       1.8749
    2079       1.8945
    2080       1.8620
    2081       1.9935
    2082       2.0070
    2083       1.9420
    2084       1.9784
    2085       1.9754
    2086       1.9170
    2087       1.9847
    2088       1.9372
    2089       1.8294
    2090       1.8468
    2091       1.9075
    2092       1.9028
    2093       1.7700
    2094       1.7983
    2095       1.7850
    2096       1.9735
    2097       1.9147
    2098       1.9473
    2099       1.8182
    2100       1.8753
    2101       1.8390
    2102       1.8775
    2103       1.8168
    2104       2.0577
    2105       1.9752
    2106       1.9787
    2107       1.9021
    2108       1.8080
    2109       2.0710
    2110       1.8473
    2111       2.0451
    2112       1.9415
    2113       1.9078
    2114       2.0960
    2115       1.9329
    2116       1.9405
    2117       1.9761
    2118       1.7765
    2119       1.8269
    2120       1.9044
    2121       1.8850
    2122       1.9227
    2123       2.0196
    2124       1.8938
    2125       1.9961
    2126       2.1098
    2127       1.9692
    2128       1.9234
    2129       1.6639
    2130       1.9118
    2131       1.8576
    2132       1.8421
    2133       1.8429
    2134       1.8082
    2135       1.8632
    2136       1.7217
    2137       1.8345
    2138       1.7319
    2139       1.8891
    2140       1.7728
    2141       1.7409
    2142       1.7441
    2143       1.7990
    2144       1.8056
    2145       1.8912
    2146       1.9532
    2147       1.9634
    2148       1.8642
    2149       1.8458
    2150       1.8496
    2151       1.8464
    2152       1.7995
    2153       1.8235
    2154       1.8347
    2155       1.8245
    2156       1.9048
    2157       1.8535
    2158       1.9842
    2159       1.8996
    2160       1.9246
    2161       1.9064
    2162       1.8723
    2163       1.9090
    2164       1.9563
    2165       1.8623
    2166       1.8768
    2167       1.8281
    2168       1.9405
    2169       1.8952
    2170       1.8724
    2171       1.7890
    2172       1.7418
    2173       1.7610
    2174       1.7729
    2175       1.8170
    2176       1.8303
    2177       1.7570
    2178       1.8358
    2179       1.8656
    2180       1.8927
    2181       1.8775
    2182       1.8909
    2183       1.9529
    2184       2.0229
    2185       1.8513
    2186       1.8136
    2187       1.9077
    2188       1.9032
    2189       1.9482
    2190       1.9075
    2191       1.9686
    2192       1.9849
    2193       1.8891
    2194       1.8908
    2195       1.9448
    2196       2.0392
    2197       1.8876
    2198       1.9493
    2199       1.9857
    2200       1.9293
    2201       1.9845
    2202       1.9240
    2203       1.9080
    2204       1.8261
    2205       1.9158
    2206       1.8739
    2207       1.9499
    2208       2.0874
    2209       1.8048
    2210       1.7934
    2211       1.8721
    2212       1.8284
    2213       1.9471
    2214       1.9199
    2215       1.8189
    2216       1.8783
    2217       1.9708
    2218       1.9132
    2219       1.8987
    2220       1.9044
    2221       1.8010
    2222       1.8570
    2223       1.8979
    2224       1.7683
    2225       1.8331
    2226       1.7687
    2227       1.8421
    2228       1.9454
    2229       1.7380
    2230       1.7587
    2231       1.8689
    2232       1.9980
    2233       1.9256
    2234       1.8911
    2235       1.8811
    2236       1.9434
    2237       1.8648
    2238       1.8908
    2239       1.9047
    2240       1.8756
    2241       1.8968
    2242       1.9712
    2243       2.0399
    2244       1.9363
    2245       1.9163
    2246       1.9406
    2247       2.0296
    2248       2.0539
    2249       2.0180
    2250       2.0503
    2251       2.0526
    2252       1.9491
    2253       2.1185
    2254       1.9844
    2255       2.0630
    2256       2.1264
    2257       2.2044
    2258       1.9808
    2259       2.0913
    2260       1.9750
    2261       2.1384
    2262       2.0850
    2263       2.1042
    2264       2.0746
    2265       2.0939
    2266       2.1736
    2267       2.0018
    2268       2.0528
    2269       2.2230
    2270       2.1427
    2271       2.1196
    2272       2.1418
    2273       2.0184
    2274       2.1510
    2275       2.0166
    2276       2.0252
    2277       2.1128
    2278       1.9204
    2279       2.0081
    2280       1.9529
    2281       2.2267
    2282       2.1295
    2283       2.2197
    2284       2.2234
    2285       2.1075
    2286       2.2105
    2287       2.1447
    2288       2.0161
    2289       2.0572
    2290       1.9719
    2291       2.0730
    2292       2.1700
    2293       2.0883
    2294       2.0123
    2295       2.0827
    2296       2.2043
    2297       2.0380
    2298       2.0869
    2299       2.0536
    2300       1.9881
    2301       1.9743
    2302       1.9142
    2303       1.9514
    2304       1.9371
    2305       2.0294
    2306       2.0152
    2307       2.0380
    2308       2.0338
    2309       1.9481
    2310       1.9889
    2311       2.0681
    2312       1.9773
    2313       2.0645
    2314       2.0492
    2315       2.0467
    2316       2.0530
    2317       2.0770
    2318       2.1596
    2319       2.2428
    2320       2.1175
    2321       2.1099
    2322       2.0886
    2323       2.1577
    2324       1.9344
    2325       2.0619
    2326       2.0671
    2327       1.9886
    2328       2.0257
    2329       2.0516
    2330       2.1345
    2331       2.0839
    2332       2.1460
    2333       2.1201
    2334       1.9687
    2335       2.1358
    2336       2.0962
    2337       2.1123
    2338       2.0270
    2339       2.1161
    2340       1.9589
    2341       2.1421
    2342       2.0560
    2343       2.0046
    2344       1.9924
    2345       1.9918
    2346       2.1537
    2347       2.0324
    2348       2.0214
    2349       1.9811
    2350       2.2025
    2351       2.1079
    2352       2.0102
    2353       2.2803
    2354       2.0695
    2355       2.1050
    2356       2.0350
    2357       2.1315
    2358       1.9989
    2359       2.0446
    2360       1.9713
    2361       1.9190
    2362       1.9112
    2363       2.0502
    2364       2.0127
    2365       1.9574
    2366       1.9159
    2367       1.9744
    2368       1.9658
    2369       1.9375
    2370       1.8992
    2371       2.0365
    2372       2.0552
    2373       2.2000
    2374       1.9239
    2375       2.0050
    2376       2.0442
    2377       1.9606
    2378       2.0934
    2379       2.0202
    2380       2.1627
    2381       2.1745
    2382       2.0733
    2383       2.0905
    2384       1.9506
    2385       1.9877
    2386       1.9447
    2387       1.9081
    2388       2.0760
    2389       1.8492
    2390       1.8990
    2391       1.9434
    2392       1.9193
    2393       2.0230
    2394       1.9609
    2395       2.0434
    2396       2.0289
    2397       1.9827
    2398       1.9616
    2399       2.0415
    2400       1.9383
    2401       2.0535
    2402       2.0704
    2403       2.0543
    2404       1.8877
    2405       1.9532
    2406       1.9094
    2407       1.9151
    2408       1.9979
    2409       1.9806
    2410       1.9864
    2411       1.9552
    2412       2.0364
    2413       2.0231
    2414       2.0484
    2415       2.0192
    2416       1.9146
    2417       1.8818
    2418       1.8756
    2419       2.0301
    2420       1.9855
    2421       1.9338
    2422       2.1022
    2423       2.0308
    2424       2.0353
    2425       2.0598
    2426       2.0047
    2427       1.9240
    2428       1.9660
    2429       2.0185
    2430       1.9880
    2431       1.8482
    2432       1.9206
    2433       2.0950
    2434       1.9582
    2435       2.0006
    2436       1.8825
    2437       1.9429
    2438       1.8645
    2439       1.9334
    2440       1.9710
    2441       1.9864
    2442       1.9672
    2443       1.8974
    2444       2.0731
    2445       1.9422
    2446       1.9894
    2447       1.8982
    2448       2.0221
    2449       1.9091
    2450       1.8415
    2451       1.8980
    2452       1.8534
    2453       1.9410
    2454       1.9006
    2455       1.9142
    2456       2.0003
    2457       1.9797
    2458       1.9528
    2459       1.8246
    2460       1.9230
    2461       1.8974
    2462       1.9875
    2463       1.9101
    2464       1.8365
    2465       1.9342
    2466       1.8868
    2467       1.8973
    2468       1.9478
    2469       1.8822
    2470       1.8862
    2471       1.8347
    2472       1.8464
    2473       1.7814
    2474       1.9213
    2475       1.8942
    2476       1.9572
    2477       1.9465
    2478       1.9161
    2479       1.9913
    2480       1.9876
    2481       1.8865
    2482       1.8988
    2483       1.9341
    2484       1.9187
    2485       1.9095
    2486       1.8924
    2487       1.7583
    2488       1.8785
    2489       1.7810
    2490       1.8845
    2491       1.8953
    2492       1.9089
    2493       1.8248
    2494       1.8652
    2495       1.8831
    2496       1.8523
    2497       1.9066
    2498       1.8530
    2499       1.9596
    2500       1.9208
    2501       1.9115
    2502       1.9960
    2503       1.8628
    2504       1.8046
    2505       1.9357
    2506       1.8318
    2507       1.8208
    2508       1.9218
    2509       1.8828
    2510       1.8684
    2511       1.9679
    2512       1.8442
    2513       1.8514
    2514       1.8861
    2515       1.8774
    2516       1.9147
    2517       1.8708
    2518       1.9113
    2519       1.8803
    2520       1.8818
    2521       1.8489
    2522       1.8375
    2523       1.9368
    2524       2.0816
    2525       1.9122
    2526       1.8759
    2527       1.9490
    2528       1.9526
    2529       1.9330
    2530       1.9157
    2531       2.0129
    2532       1.9688
    2533       1.8481
    2534       1.7723
    2535       1.8407
    2536       1.7468
    2537       1.7600
    2538       1.8199
    2539       1.8576
    2540       1.7577
    2541       1.7953
    2542       1.8427
    2543       1.8938
    2544       1.9803
    2545       1.8718
    2546       1.8278
    2547       1.8261
    2548       1.9268
    2549       1.9973
    2550       2.1700
    2551       1.9870
    2552       1.8687
    2553       1.9793
    2554       1.9949
    2555       1.9091
    2556       1.9708
    2557       2.0341
    2558       2.0094
    2559       1.9767
    2560       1.9766
    2561       2.0177
    2562       2.0879
    2563       2.0972
    2564       1.9405
    2565       2.0228
    2566       2.0405
    2567       2.0276
    2568       1.9736
    2569       1.9966
    2570       1.9603
    2571       1.9307
    2572       1.9069
    2573       2.0177
    2574       1.9787
    2575       1.9837
    2576       1.9831
    2577       1.8879
    2578       1.9666
    2579       2.0075
    2580       2.0386
    2581       2.0385
    2582       2.0161
    2583       2.0157
    2584       1.9709
    2585       1.8880
    2586       1.9547
    2587       1.9924
    2588       1.8760
    2589       1.8710
    2590       1.9488
    2591       1.9873
    2592       1.9082
    2593       2.1002
    2594       1.9038
    2595       1.9772
    2596       1.9780
    2597       2.0885
    2598       1.9900
    2599       1.9852
    2600       2.0107
    2601       1.9402
    2602       1.9869
    2603       1.9407
    2604       2.0421
    2605       1.9875
    2606       1.9719
    2607       1.8883
    2608       1.8678
    2609       1.8400
    2610       1.8630
    2611       1.8871
    2612       1.8549
    2613       2.0017
    2614       1.8557
    2615       1.9341
    2616       1.9291
    2617       2.0103
    2618       1.8314
    2619       1.9149
    2620       1.8861
    2621       1.8515
    2622       1.9976
    2623       1.9136
    2624       1.8958
    2625       1.8688
    2626       1.9272
    2627       1.9397
    2628       1.8619
    2629       1.8806
    2630       1.9286
    2631       1.9529
    2632       2.0178
    2633       1.9240
    2634       2.0088
    2635       1.9345
    2636       2.0131
    2637       1.9306
    2638       1.8943
    2639       1.9356
    2640       1.9640
    2641       1.8113
    2642       1.9410
    2643       1.8966
    2644       1.9110
    2645       1.9274
    2646       1.8767
    2647       1.8977
    2648       2.0270
    2649       1.9598
    2650       1.9931
    2651       1.9528
    2652       1.9221
    2653       1.9310
    2654       1.9324
    2655       1.8783
    2656       1.9538
    2657       1.9606
    2658       1.9744
    2659       1.8741
    2660       1.9536
    2661       2.0127
    2662       1.9974
    2663       2.0395
    2664       1.9825
    2665       1.9748
    2666       2.0783
    2667       1.9636
    2668       1.9338
    2669       1.9282
    2670       1.9348
    2671       1.9500
    2672       1.9793
    2673       1.9296
    2674       2.0845
    2675       1.9595
    2676       2.0049
    2677       2.0156
    2678       1.9908
    2679       1.9740
    2680       1.8803
    2681       1.9459
    2682       2.0615
    2683       2.0155
    2684       2.0561
    2685       1.8661
    2686       1.8383
    2687       2.0435
    2688       1.9712
    2689       1.8493
    2690       1.9653
    2691       1.9324
    2692       1.9180
    2693       1.8738
    2694       1.8462
    2695       1.9316
    2696       2.0962
    2697       2.1460
    2698       2.0413
    2699       2.0012
    2700       2.0467
    2701       1.8909
    2702       1.9143
    2703       1.9298
    2704       1.9275
    2705       1.9310
    2706       1.9559
    2707       1.9467
    2708       2.0527
    2709       1.9876
    2710       1.9015
    2711       1.9930
    2712       2.1116
    2713       2.0588
    2714       2.0829
    2715       1.9944
    2716       2.0504
    2717       2.0525
    2718       2.0865
    2719       2.0606
    2720       2.0231
    2721       1.9853
    2722       2.1220
    2723       2.0193
    2724       1.9095
    2725       1.9474
    2726       2.0125
    2727       1.9517
    2728       2.0258
    2729       2.0672
    2730       1.9701
    2731       1.9684
    2732       1.9464
    2733       2.0495
    2734       2.0113
    2735       1.9509
    2736       2.0460
    2737       1.9370
    2738       1.9297
    2739       1.9364
    2740       1.9032
    2741       1.9598
    2742       2.0284
    2743       2.1234
    2744       2.0019
    2745       2.0413
    2746       2.1086
    2747       1.9739
    2748       2.0443
    2749       1.9463
    2750       1.9831
    2751       2.0489
    2752       2.0834
    2753       2.1872
    2754       2.1225
    2755       2.0669
    2756       2.0180
    2757       2.0564
    2758       1.9522
    2759       1.9907
    2760       2.0519
    2761       2.1942
    2762       2.0960
    2763       2.0956
    2764       2.0750
    2765       2.0536
    2766       2.1434
    2767       2.0638
    2768       2.0556
    2769       2.0691
    2770       2.0522
    2771       2.1052
    2772       1.9002
    2773       2.0846
    2774       2.0821
    2775       2.1003
    2776       1.9541
    2777       2.0216
    2778       2.0067
    2779       1.9610
    2780       1.9934
    2781       1.9565
    2782       2.1299
    2783       2.1053
    2784       2.1928
    2785       1.9739
    2786       2.0836
    2787       2.1442
    2788       2.0114
    2789       2.0100
    2790       2.0463
    2791       2.1113
    2792       2.1339
    2793       2.1354
    2794       2.1101
    2795       2.0796
    2796       2.1223
    2797       2.1562
    2798       2.3151
    2799       2.1431
    2800       2.1803
    2801       1.9870
    2802       2.0469
    2803       2.0648
    2804       2.1845
    2805       2.1428
    2806       2.2423
    2807       2.3694
    2808       2.4080
    2809       2.3055
    2810       2.2418
    2811       2.2920
    2812       2.1303
    2813       2.2089
    2814       2.2508
    2815       2.1459
    2816       2.3514
    2817       2.1159
    2818       2.2081
    2819       2.1300
    2820       2.1433
    2821       2.1477
    2822       2.0628
    2823       2.1176
    2824       2.0654
    2825       2.2362
    2826       2.1874
    2827       2.2082
    2828       2.1483
    2829       2.1321
    2830       2.1699
    2831       2.1379
    2832       2.1688
    2833       2.1610
    2834       2.1337
    2835       2.1334
    2836       2.1339
    2837       2.0770
    2838       2.2175
    2839       2.1323
    2840       2.1584
    2841       2.1758
    2842       2.1247
    2843       2.0783
    2844       2.0221
    2845       2.2848
    2846       2.1922
    2847       2.1115
    2848       2.1465
    2849       2.2458
    2850       2.1220
    2851       2.1955
    2852       2.1887
    2853       2.1135
    2854       2.0948
    2855       2.1221
    2856       2.3669
    2857       2.2037
    2858       2.2419
    2859       2.2989
    2860       2.1718
    2861       2.1077
    2862       2.1719
    2863       2.1202
    2864       2.0891
    2865       2.0645
    2866       2.1518
    2867       2.0001
    2868       2.0932
    2869       2.1083
    2870       2.0864
    2871       2.1453
    2872       2.1711
    2873       2.2203
    2874       2.2316
    2875       2.1046
    2876       2.1380
    2877       2.1492
    2878       2.1350
    2879       2.1604
    2880       2.2450
    2881       2.2299
    2882       2.0432
    2883       2.2960
    2884       2.3151
    2885       2.1293
    2886       2.0722
    2887       2.0988
    2888       2.0080
    2889       2.0452
    2890       1.9565
    2891       2.0410
    2892       1.9286
    2893       2.0054
    2894       2.0225
    2895       2.1212
    2896       2.1139
    2897       2.0342
    2898       2.0655
    2899       2.0155
    2900       1.9447
    2901       2.1204
    2902       1.9977
    2903       2.0831
    2904       2.1123
    2905       2.0240
    2906       1.9171
    2907       2.0578
    2908       2.0935
    2909       2.1442
    2910       1.9869
    2911       2.0875
    2912       2.0141
    2913       2.0030
    2914       1.8957
    2915       1.9440
    2916       1.9052
    2917       1.9884
    2918       1.9751
    2919       2.0535
    2920       2.0264
    2921       2.0237
    2922       2.0071
    2923       2.0589
    2924       2.0730
    2925       1.9579
    2926       2.0537
    2927       2.0186
    2928       1.9541
    2929       2.0793
    2930       2.0323
    2931       1.9557
    2932       1.9555
    2933       2.0266
    2934       2.0219
    2935       1.9488
    2936       2.0200
    2937       1.9988
    2938       1.9494
    2939       1.9829
    2940       1.9972
    2941       1.9579
    2942       2.0114
    2943       2.0505
    2944       2.0243
    2945       1.9153
    2946       2.0256
    2947       1.9895
    2948       2.0115
    2949       1.9261
    2950       2.0238
    2951       1.9722
    2952       2.0013
    2953       1.9235
    2954       1.8898
    2955       1.9795
    2956       2.0087
    2957       1.9483
    2958       2.0131
    2959       2.0760
    2960       1.9974
    2961       2.0239
    2962       1.9356
    2963       2.1345
    2964       2.0048
    2965       2.0172
    2966       1.9233
    2967       2.0308
    2968       2.0175
    2969       2.0621
    2970       1.9827
    2971       1.9013
    2972       2.1119
    2973       2.0434
    2974       2.0654
    2975       2.0675
    2976       2.0891
    2977       2.1362
    2978       1.9539
    2979       2.0306
    2980       2.0133
    2981       2.0153
    2982       1.9722
    2983       2.0260
    2984       1.9680
    2985       1.9755
    2986       1.8536
    2987       1.9246
    2988       1.9682
    2989       1.9989
    2990       1.9811
    2991       1.9018
    2992       2.0219
    2993       1.9846
    2994       1.9504
    2995       1.8948
    2996       1.9364
    2997       2.0605
    2998       1.9932
    2999       2.0993
    3000       1.9718
    3001       2.0003
