0.323512
0.705107
1.056686
1.398570
1.743746
2.090389
2.441715
2.817231
3.199781
3.603741
4.014406
4.436802
4.848124
5.268807
5.688381
6.067022
6.477047
6.935774
7.369866
7.792787
8.204235
8.645898
9.105237
9.516380
9.973653
10.405857
10.802352
11.189248
11.574110
11.941392
12.384111
12.775307
13.132809
13.514024
13.911720
14.297384
14.713736
15.140922
15.557186
15.988303
16.412684
16.784393
17.178005
17.582310
18.060626
18.509913
18.929532
19.320758
19.754428
20.215700
20.681050
21.155466
21.599271
22.096714
22.537313
22.914556
23.323213
23.727190
24.193518
24.602873
25.018930
25.465988
25.873235
26.306883
26.767609
27.174554
27.617767
28.033587
28.462435
28.899583
29.300636
29.736991
30.152805
30.576445
30.958686
31.295883
31.710865
32.148675
32.603336
33.035561
33.437573
33.918474
34.373680
34.838951
35.332586
35.743443
36.181256
36.613571
37.031785
37.449875
37.881042
38.313194
38.764577
39.329741
39.819165
40.300649
40.751586
41.170857
41.627908
42.066280
42.486969
42.922119
43.406636
43.810329
44.205817
44.642852
45.081968
45.508728
45.954244
46.385224
46.785176
47.237568
47.649175
48.144883
48.592464
48.986957
49.398778
49.839187
50.279591
50.693270
51.152921
51.553528
52.009299
52.416424
52.877429
53.292870
53.748994
54.205375
54.617324
55.085632
55.544011
56.073779
56.561893
57.013991
57.510645
57.932530
58.328836
58.755444
59.209420
59.686356
60.119410
60.566190
61.021926
61.466981
61.926442
62.358780
62.752166
63.172735
63.541396
63.922420
64.269351
64.624597
64.972287
65.374425
65.803318
66.229605
66.638646
67.062092
67.436423
67.911438
68.322696
68.710801
69.124868
69.590609
70.010865
70.419204
70.817315
71.221017
71.631274
72.058419
72.509658
72.925680
73.366904
73.791734
74.240320
74.707023
75.172118
75.627080
76.083797
76.536010
76.976522
77.455903
77.909743
78.325318
78.727258
79.085593
79.483271
79.912127
80.295279
80.686618
81.037806
81.428407
81.830174
82.189434
82.572824
82.965823
83.372035
83.789449
84.218161
84.602744
85.002282
85.398220
85.796287
86.174877
86.591503
86.977863
87.360733
87.767173
88.224715
88.606577
88.999103
89.383736
89.819779
90.242529
90.652196
91.080129
91.486744
91.917963
92.299776
92.637615
93.025644
93.449644
93.832801
94.225387
94.626337
94.999607
95.367598
95.706818
96.068197
96.494976
96.871121
97.279445
97.658377
98.074751
98.451726
98.820177
99.208626
99.578725
99.966059
100.403959
100.818844
101.229183
101.632609
102.038151
102.425419
102.792348
103.122318
103.468135
103.845580
104.249135
104.653424
105.046974
105.402429
105.803767
106.152963
106.487669
106.865606
107.252395
107.641926
108.072362
108.463522
108.794105
109.175304
109.547398
109.963332
110.377449
110.779970
111.210664
111.607575
112.004449
112.447064
112.836814
113.243598
113.688797
114.075700
114.488006
114.873456
115.255478
115.649227
116.033031
116.421127
116.821356
117.269539
117.693071
118.114120
118.501449
118.921877
119.378427
119.826167
120.299036
120.777885
121.250235
121.756943
122.191084
122.652178
123.148680
123.583117
124.019460
124.432981
124.842911
125.294133
125.718686
126.100653
126.496498
126.852237
127.204468
127.587374
127.984369
128.383465
128.764355
129.150280
129.503809
129.858865
130.270248
130.653321
131.053212
131.440655
131.802248
132.191795
132.598416
132.961894
133.420028
133.846605
134.271270
134.722687
135.141048
135.549043
135.974340
136.447672
136.875985
137.322341
137.737644
138.133248
138.562609
138.983420
139.429870
139.888326
140.294757
140.721620
141.174325
141.570901
141.997429
142.396248
142.800466
143.202815
143.635440
144.041411
144.469441
144.882415
145.298352
145.675908
146.130348
146.554032
146.975519
147.395371
147.817572
148.267830
148.697238
149.141874
149.547771
149.981543
150.370365
150.780019
151.232768
151.629752
152.056351
152.467272
152.852689
153.266108
153.714353
154.113412
154.559052
154.983026
155.419154
155.881662
156.297132
156.725501
157.203891
157.669548
158.112403
158.552276
158.940335
159.375030
159.818084
160.229224
160.717003
161.143193
161.588213
161.994344
162.441526
162.822798
163.223050
163.649561
164.052178
164.468852
164.881007
165.313257
165.720966
166.122488
166.505653
166.909227
167.267924
167.633343
168.012671
168.384370
168.788840
169.200944
169.643139
170.071215
170.485360
170.884785
171.320155
171.743263
172.149035
172.569751
172.983296
173.409355
173.860866
174.270291
174.699486
175.123535
175.570575
175.994070
176.417287
176.846860
177.269901
177.649784
178.064425
178.511797
178.907518
179.329848
179.746890
180.189672
180.621593
181.056843
181.482862
181.968946
182.423116
182.864676
183.304622
183.771892
184.211518
184.627133
185.080120
185.516641
185.977780
186.422097
186.853171
187.267144
187.732350
188.102226
188.565877
188.989796
189.424457
189.885680
190.342721
190.751588
191.185748
191.578065
192.060621
192.439231
192.869846
193.336359
193.754178
194.167587
194.567263
194.982125
195.391731
195.844962
196.269664
196.674700
197.053684
197.425494
197.776066
198.198635
198.558104
198.893775
199.237679
199.601627
199.975814
200.363226
200.718231
201.052416
201.389869
201.722442
202.043336
202.344152
202.673806
202.992559
203.290014
203.650524
204.014255
204.356609
204.712569
205.033640
205.435192
205.797907
206.085689
206.393009
206.683947
206.952842
207.266979
207.562228
207.836527
208.117690
208.438897
208.703312
208.983861
209.243609
209.515060
209.799440
210.045433
210.334944
210.628161
210.925290
211.215252
211.496529
211.756118
212.037095
212.314740
212.600257
212.876271
213.169629
213.488089
213.802038
214.074873
214.370513
214.660712
215.023936
215.334470
215.582985
215.909459
216.191625
216.470113
216.742416
217.045971
217.334493
217.633269
217.917102
218.209381
218.495959
218.771238
219.051045
219.328281
219.629156
219.926668
220.213945
220.509125
220.785871
221.088724
221.363850
221.663349
221.938760
222.210909
222.510341
222.788174
223.078712
223.350669
223.634923
223.946505
224.232814
224.521332
224.806937
225.077328
225.351644
225.628982
225.908078
226.172032
226.454611
226.761901
227.026919
227.313820
227.597583
227.877578
228.162615
228.443918
228.737289
229.050959
229.357269
229.631281
229.915464
230.202307
230.515547
230.821888
231.087004
231.358844
231.647872
231.942875
232.208466
232.482172
232.766815
233.058939
233.331415
233.600272
233.874833
234.143906
234.422419
234.700426
234.963384
235.235256
235.503704
