0.196697
0.425501
0.653029
0.867766
1.106951
1.339230
1.573452
1.810705
2.069344
2.312591
2.567905
2.809822
3.048658
3.302740
3.560993
3.794490
4.028027
4.264660
4.508855
4.783443
5.059634
5.331519
5.620509
5.961923
6.282187
6.615774
6.946347
7.239041
7.549591
7.834589
8.110478
8.389852
8.679564
8.978878
9.248798
9.517466
9.780123
10.028842
10.303555
10.579007
10.840343
11.106185
11.367471
11.626248
11.878840
12.169672
12.461065
12.723077
13.007363
13.277357
13.572893
13.859820
14.164275
14.464491
14.727024
14.991132
15.266296
15.548073
15.857382
16.188765
16.499166
16.812862
17.122598
17.434572
17.715294
18.022989
18.312801
18.602862
18.882112
19.211130
19.511442
19.789837
20.090287
20.385912
20.690343
20.995744
21.313612
21.573637
21.833658
22.095629
22.357366
22.605065
22.863011
23.139130
23.465823
23.731062
24.049928
24.359496
24.720562
25.059740
25.376607
25.700489
26.045319
26.405184
26.708831
27.017802
27.311115
27.637019
27.903858
28.170951
28.420482
28.695783
28.976971
29.262264
29.557865
29.830380
30.108387
30.412107
30.727013
31.037324
31.338111
31.647927
32.010482
32.359479
32.670695
32.998769
33.356322
33.744407
34.127515
34.489577
34.851755
35.173061
35.561811
35.964765
36.292369
36.647163
37.022718
37.348677
37.656421
37.976301
38.295074
38.605529
38.908609
39.238099
39.586659
39.945542
40.290062
40.634270
40.999640
41.357312
41.694526
42.012102
42.369355
42.729521
43.020730
43.350175
43.711957
44.019121
44.318907
44.645290
44.968594
45.254458
45.545557
45.837146
46.112289
46.393773
46.694251
46.989022
47.270327
47.601622
47.910212
48.242170
48.549895
48.851843
49.137430
49.414604
49.732396
50.014654
50.321073
50.614405
50.910745
51.194595
51.486828
51.778403
52.070828
52.361332
52.622555
52.887081
53.150762
53.398603
53.680295
53.942810
54.238928
54.504821
54.789128
55.039042
55.331326
55.616480
55.894182
56.165831
56.440387
56.725625
57.054218
57.359291
57.682658
57.973562
58.262651
58.513696
58.812898
59.127946
59.463468
59.782895
60.119900
60.439881
60.772834
61.086442
61.419139
61.726784
62.044146
62.348982
62.707533
62.989171
63.284769
63.552179
63.816429
64.070211
64.353810
64.626132
64.903183
65.199887
65.503469
65.756022
66.057406
66.316375
66.587133
66.884845
67.139698
67.421372
67.712979
68.056652
68.383239
68.706485
69.011708
69.321344
69.610220
69.909043
70.239368
70.568872
70.893741
71.212514
71.570347
71.892903
72.170174
72.483695
72.773821
73.073943
73.374729
73.763588
74.033313
74.296295
74.555411
74.845717
75.119237
75.389180
75.670980
75.928742
76.195177
76.465243
76.741479
77.016401
77.288553
77.590659
77.860104
78.194558
78.496883
78.824595
79.193117
79.512035
79.798847
80.128976
80.398988
80.637760
80.912359
81.184489
81.521129
81.813069
82.105946
82.425328
82.726233
83.109626
83.465633
83.751419
84.063336
84.365445
84.658773
84.995075
85.341702
85.708036
86.017303
86.264358
86.548533
86.826798
87.103154
87.391673
87.692527
88.021230
88.269928
88.579004
88.881249
89.195390
89.527755
89.906339
90.287899
90.659711
90.987814
91.315020
91.638435
91.972763
92.308521
92.659331
93.020837
93.334124
93.691156
94.023853
94.314563
94.615668
94.875455
95.130436
95.381065
95.710845
96.009166
96.294349
96.565848
96.882692
97.176525
97.462145
97.706306
97.971854
98.215165
98.454113
98.707864
98.959231
99.194194
99.472576
99.708314
99.979062
100.244830
100.533879
100.780738
101.024771
101.335427
101.589285
101.886373
102.194535
102.489168
102.816750
103.136830
103.489440
103.817828
104.129037
104.425885
104.726719
105.031766
105.336147
105.601443
105.867868
106.141704
106.446629
106.712909
107.093659
107.394530
107.770012
108.123931
108.481443
108.789421
109.135900
109.527341
109.820481
110.103440
110.399318
110.663426
110.936794
111.219459
111.534814
111.836291
112.138562
112.440942
112.778229
113.089799
113.411277
113.788458
114.166331
114.491187
114.820125
115.133812
115.523558
115.861724
116.178432
116.461207
116.769196
117.143279
117.489944
117.833565
118.188179
118.517368
118.843025
119.151927
119.462896
119.740057
120.028032
120.285348
120.571375
120.858794
121.116341
121.357220
121.629132
121.910888
122.187280
122.433387
122.677868
122.944048
123.191725
123.438342
123.683402
123.926124
124.173475
124.431031
124.694589
124.964334
125.204162
125.474696
125.753861
126.057829
126.366514
126.706596
127.100048
127.609939
129.039938
130.390932
131.762797
132.456084
132.983846
133.351050
133.719089
134.063521
134.429196
135.010112
135.291371
135.558725
135.812325
136.065951
136.349451
136.611198
136.864470
137.128558
137.380419
137.665549
137.975536
138.295746
138.596787
138.963162
139.229198
139.525438
139.774833
140.069337
140.344914
140.674953
141.024444
141.345909
141.646736
141.929703
142.264409
142.624030
142.931679
143.254235
143.563796
143.882461
144.171226
144.451896
144.760308
145.071338
145.335178
145.601198
145.884375
146.174898
146.443423
146.712840
147.014176
147.334379
147.599755
147.874787
148.140151
148.407784
148.648492
148.889926
149.127755
149.390840
149.647859
149.920626
150.188479
150.455629
150.710187
150.991078
151.260142
151.524250
151.805318
152.087897
152.357727
152.603998
152.858463
153.101821
153.340137
153.587134
153.835357
154.079506
154.304848
154.562073
154.817323
155.084890
155.342127
155.598450
155.853406
156.118670
156.366483
156.630784
156.917120
157.184185
157.455833
157.736369
158.000357
158.262571
158.522898
158.776136
159.041246
159.320506
159.592306
159.859629
160.128791
160.381425
160.660350
160.905961
161.173777
161.451076
161.735019
162.003893
162.269911
162.540677
162.803814
163.085436
163.370597
163.651472
163.927391
164.210718
164.504133
164.773080
165.067087
165.372869
165.650754
165.928624
166.219533
166.500448
166.841706
167.111385
167.387133
167.656363
167.916709
168.202259
168.485904
168.768217
169.047787
169.319422
169.604261
169.878948
170.158383
170.437968
170.710990
170.972007
171.234786
171.503410
171.771025
172.043982
172.310267
172.557540
172.817244
173.083298
173.361341
173.633881
173.925413
174.217350
174.515575
174.813892
175.129026
175.427438
175.719021
176.014151
176.321104
176.655516
176.933412
177.227623
177.526326
177.815598
178.083100
178.357941
178.612714
178.893816
179.154022
179.422696
179.690627
179.988080
180.275251
180.568802
