#Frame         myrmsd
       1       0.0000
       2       1.0993
       3       1.2076
       4       1.4312
       5       1.3963
       6       1.4097
       7       1.2820
       8       1.4293
       9       1.3269
      10       1.4349
      11       1.5259
      12       1.5255
      13       1.5999
      14       1.5786
      15       1.6882
      16       1.7267
      17       1.8697
      18       1.8840
      19       1.7397
      20       1.7642
      21       1.6688
      22       1.6792
      23       1.7478
      24       1.7866
      25       1.5614
      26       1.7395
      27       1.6486
      28       1.7380
      29       1.7956
      30       1.8330
      31       1.7659
      32       1.8856
      33       1.8857
      34       1.8594
      35       1.8000
      36       1.7908
      37       1.8296
      38       1.8486
      39       1.8572
      40       1.8304
      41       1.8213
      42       1.7462
      43       1.8121
      44       1.7973
      45       1.7788
      46       1.8291
      47       1.8836
      48       1.7813
      49       1.8574
      50       1.8239
      51       1.7734
      52       1.8653
      53       1.8358
      54       1.8366
      55       1.8698
      56       1.8398
      57       1.8428
      58       1.8707
      59       1.9053
      60       1.8055
      61       1.9006
      62       1.7678
      63       1.8608
      64       1.8605
      65       1.8006
      66       1.8192
      67       1.9460
      68       2.0555
      69       1.9345
      70       1.9883
      71       1.9456
      72       2.0652
      73       2.0074
      74       1.9407
      75       1.9356
      76       1.9739
      77       1.9474
      78       1.9520
      79       1.9706
      80       1.9294
      81       1.9552
      82       1.9416
      83       1.9262
      84       1.8699
      85       1.9338
      86       1.8756
      87       1.8567
      88       1.7728
      89       1.8837
      90       1.8465
      91       1.9016
      92       1.8066
      93       1.7848
      94       1.8270
      95       1.8727
      96       1.8513
      97       1.8193
      98       1.8264
      99       1.9199
     100       1.8973
     101       1.8814
     102       1.8318
     103       1.8813
     104       1.8467
     105       1.8271
     106       1.8827
     107       1.8791
     108       1.8787
     109       1.8513
     110       1.8809
     111       1.9332
     112       1.9041
     113       2.0112
     114       1.9505
     115       1.9300
     116       1.9191
     117       1.9657
     118       1.9334
     119       2.0993
     120       1.9448
     121       1.9887
     122       1.9550
     123       1.8627
     124       1.9113
     125       1.8782
     126       1.9648
     127       1.9542
     128       1.9581
     129       2.0963
     130       2.1006
     131       1.9386
     132       1.9958
     133       1.8108
     134       1.9135
     135       1.9462
     136       1.9304
     137       1.9774
     138       1.9600
     139       2.1121
     140       2.0838
     141       1.9557
     142       2.0148
     143       1.9667
     144       1.8839
     145       2.0151
     146       1.8985
     147       1.8938
     148       1.8426
     149       1.9175
     150       1.9261
     151       2.0227
     152       2.1066
     153       1.9816
     154       2.1094
     155       1.9948
     156       2.0001
     157       1.9025
     158       2.0457
     159       1.9482
     160       1.9056
     161       1.8865
     162       2.0335
     163       2.1314
     164       2.0603
     165       2.1428
     166       2.1561
     167       2.1571
     168       2.0613
     169       2.1438
     170       2.1373
     171       2.0525
     172       1.9754
     173       2.0421
     174       1.9892
     175       1.9815
     176       2.0456
     177       1.9920
     178       2.0483
     179       2.0460
     180       2.0148
     181       2.0223
     182       2.0232
     183       2.0558
     184       2.1310
     185       1.9744
     186       1.9392
     187       1.9719
     188       2.0044
     189       2.0223
     190       1.9965
     191       2.0363
     192       2.1148
     193       1.9587
     194       1.9801
     195       1.9368
     196       1.8957
     197       2.0230
     198       1.9250
     199       2.0615
     200       2.0514
     201       2.0532
     202       2.0126
     203       2.1189
     204       2.1318
     205       2.2142
     206       1.9938
     207       2.1134
     208       2.2417
     209       2.1229
     210       2.1727
     211       2.0674
     212       2.1419
     213       2.2514
     214       2.0156
     215       1.9795
     216       2.1280
     217       2.0554
     218       2.0855
     219       2.1857
     220       2.1583
     221       2.1262
     222       2.1228
     223       2.0297
     224       2.0229
     225       1.9221
     226       1.9561
     227       1.9569
     228       2.1702
     229       2.0773
     230       2.1125
     231       2.1070
     232       2.0448
     233       2.0913
     234       2.1276
     235       1.9898
     236       2.0513
     237       2.0441
     238       2.0237
     239       2.1122
     240       1.9570
     241       1.9264
     242       2.0180
     243       1.9248
     244       1.9908
     245       1.9627
     246       1.8893
     247       2.0307
     248       1.8781
     249       1.9103
     250       1.9754
     251       2.0354
     252       1.9887
     253       2.0444
     254       2.0042
     255       1.9671
     256       1.8933
     257       2.1159
     258       1.9252
     259       1.9600
     260       2.0538
     261       1.9607
     262       1.9954
     263       1.9246
     264       1.9695
     265       2.0341
     266       2.0791
     267       2.0718
     268       2.0561
     269       2.0618
     270       1.9631
     271       1.8952
     272       1.9914
     273       1.9269
     274       2.0096
     275       2.0014
     276       1.9371
     277       2.1292
     278       2.1019
     279       1.9983
     280       2.0684
     281       2.0494
     282       1.9520
     283       2.0052
     284       2.1058
     285       2.0281
     286       2.0305
     287       1.9461
     288       1.9445
     289       2.0577
     290       2.0852
     291       1.9743
     292       1.9930
     293       1.9594
     294       1.9736
     295       1.9932
     296       1.9368
     297       2.0459
     298       2.0921
     299       2.1050
     300       2.1163
     301       2.0866
     302       2.0230
     303       2.2506
     304       2.2049
     305       2.0277
     306       2.1438
     307       2.1964
     308       2.1411
     309       2.1645
     310       2.0933
     311       2.1772
     312       2.2930
     313       2.2141
     314       2.0964
     315       2.1727
     316       2.0317
     317       2.0664
     318       2.1257
     319       2.1381
     320       2.0734
     321       2.0978
     322       1.9940
     323       2.0893
     324       2.2041
     325       2.1528
     326       2.0234
     327       2.1396
     328       2.1067
     329       2.0597
     330       2.1798
     331       2.1891
     332       2.1729
     333       2.2346
     334       2.1859
     335       2.1453
     336       2.2319
     337       2.2884
     338       2.2911
     339       2.1846
     340       2.3108
     341       2.3348
     342       2.3008
     343       2.2034
     344       2.2164
     345       2.2695
     346       2.3704
     347       2.2576
     348       2.2302
     349       2.2176
     350       2.1640
     351       2.0964
     352       2.2044
     353       2.1997
     354       2.2255
     355       2.2063
     356       2.1793
     357       2.2133
     358       2.0742
     359       2.1998
     360       2.1590
     361       2.1027
     362       2.1849
     363       2.1897
     364       2.2103
     365       2.1437
     366       2.1574
     367       2.0914
     368       2.2389
     369       2.2409
     370       2.1802
     371       2.3487
     372       2.1627
     373       2.1650
     374       2.2536
     375       2.2678
     376       2.1144
     377       2.0672
     378       2.2088
     379       2.2600
     380       2.1793
     381       2.1986
     382       2.2367
     383       2.2669
     384       2.1620
     385       2.3607
     386       2.2190
     387       2.2514
     388       2.2485
     389       2.2938
     390       2.1969
     391       2.2129
     392       2.3982
     393       2.3459
     394       2.3525
     395       2.3218
     396       2.3241
     397       2.4859
     398       2.3755
     399       2.2465
     400       2.3467
     401       2.4059
     402       2.3322
     403       2.3001
     404       2.1799
     405       2.2543
     406       2.3178
     407       2.3837
     408       2.3908
     409       2.3434
     410       2.3865
     411       2.2766
     412       2.2168
     413       2.2038
     414       2.3686
     415       2.3044
     416       2.3376
     417       2.2623
     418       2.1641
     419       2.2054
     420       2.1786
     421       2.1862
     422       2.2325
     423       2.2040
     424       2.2179
     425       2.3064
     426       2.2351
     427       2.1745
     428       2.3071
     429       2.1389
     430       2.1454
     431       2.1982
     432       2.1467
     433       2.2268
     434       2.2452
     435       2.2421
     436       2.2332
     437       2.3032
     438       2.2808
     439       2.2240
     440       2.2008
     441       2.1114
     442       2.2782
     443       2.3006
     444       2.2466
     445       2.3350
     446       2.3347
     447       2.2148
     448       2.3297
     449       2.3767
     450       2.4011
     451       2.3237
     452       2.3127
     453       2.2652
     454       2.3398
     455       2.1839
     456       2.3866
     457       2.2794
     458       2.2946
     459       2.1951
     460       2.2479
     461       2.2689
     462       2.2750
     463       2.3881
     464       2.3103
     465       2.2749
     466       2.1639
     467       2.2278
     468       2.3026
     469       2.4013
     470       2.5073
     471       2.1215
     472       2.3668
     473       2.2482
     474       2.3098
     475       2.4873
     476       2.3862
     477       2.3493
     478       2.3197
     479       2.2472
     480       2.2742
     481       2.3697
     482       2.3415
     483       2.4002
     484       2.3238
     485       2.2400
     486       2.1832
     487       2.1869
     488       2.2984
     489       2.3141
     490       2.2195
     491       2.2585
     492       2.1821
     493       2.0711
     494       2.2644
     495       2.2130
     496       2.1224
     497       2.2152
     498       2.2259
     499       2.3013
     500       2.2577
     501       2.2909
     502       2.2593
     503       2.2428
     504       2.2052
     505       2.2935
     506       2.3031
     507       2.2545
     508       2.0840
     509       2.3713
     510       2.2614
     511       2.2506
     512       2.1823
     513       2.3014
     514       2.3907
     515       2.2597
     516       2.2934
     517       2.2619
     518       2.2534
     519       2.3576
     520       2.3484
     521       2.3061
     522       2.1867
     523       2.1637
     524       2.3451
     525       2.1619
     526       2.1242
     527       2.1076
     528       2.2395
     529       2.2112
     530       2.3153
     531       2.2355
     532       2.1900
     533       2.1127
     534       2.2021
     535       2.1282
     536       2.1834
     537       2.2382
     538       2.1679
     539       2.1781
     540       2.1536
     541       2.1577
     542       2.2055
     543       2.2730
     544       2.2956
     545       2.2613
     546       2.2287
     547       2.1793
     548       2.0877
     549       2.1476
     550       2.2012
     551       2.2046
     552       2.3099
     553       2.1339
     554       2.2173
     555       2.2276
     556       2.1374
     557       2.3108
     558       2.2366
     559       2.3599
     560       2.3048
     561       2.2713
     562       2.2421
     563       2.2831
     564       2.2644
     565       2.3296
     566       2.1944
     567       2.2253
     568       2.2165
     569       2.2681
     570       2.2442
     571       2.2877
     572       2.2578
     573       2.1917
     574       2.3528
     575       2.2480
     576       2.4487
     577       2.3584
     578       2.2629
     579       2.2171
     580       2.2089
     581       2.3096
     582       2.2677
     583       2.2470
     584       2.2830
     585       2.3224
     586       2.1567
     587       2.3195
     588       2.3306
     589       2.1770
     590       2.2769
     591       2.2999
     592       2.2295
     593       2.2175
     594       2.1631
     595       2.2189
     596       2.2654
     597       2.3055
     598       2.2557
     599       2.1266
     600       2.1291
     601       2.2877
     602       2.2221
     603       2.2730
     604       2.1990
     605       2.2472
     606       2.1824
     607       2.2098
     608       2.2083
     609       2.2753
     610       2.4315
     611       2.4134
     612       2.2547
     613       2.2259
     614       2.2251
     615       2.2121
     616       2.3774
     617       2.1835
     618       2.2702
     619       2.2733
     620       2.1635
     621       2.3125
     622       2.1695
     623       2.1780
     624       2.3122
     625       2.2466
     626       2.2212
     627       2.1506
     628       2.3228
     629       2.2531
     630       2.2155
     631       2.3025
     632       2.2074
     633       2.2609
     634       2.2711
     635       2.2586
     636       2.2209
     637       2.2099
     638       2.1899
     639       2.2618
     640       2.2997
     641       2.2524
     642       2.3478
     643       2.2717
     644       2.2260
     645       2.2175
     646       2.1076
     647       2.1027
     648       2.2231
     649       2.1463
     650       2.1824
     651       2.1555
     652       2.2568
     653       2.2865
     654       2.1623
     655       2.2148
     656       2.2801
     657       2.3442
     658       2.2305
     659       2.2897
     660       2.2116
     661       2.1545
     662       2.2221
     663       2.1556
     664       2.1853
     665       2.0747
     666       2.1446
     667       2.2546
     668       2.0626
     669       2.1953
     670       2.2497
     671       2.2948
     672       2.1926
     673       2.1580
     674       2.2854
     675       2.1844
     676       2.2434
     677       2.1207
     678       2.2663
     679       2.1789
     680       2.2007
     681       2.2679
     682       2.2490
     683       2.2047
     684       2.1737
     685       2.3320
     686       2.1377
     687       2.2087
     688       2.1868
     689       2.2725
     690       2.1596
     691       2.2566
     692       2.1658
     693       2.2135
     694       2.1702
     695       2.2182
     696       2.1953
     697       2.3370
     698       2.2195
     699       2.3033
     700       2.3613
     701       2.1922
     702       2.3001
     703       2.2396
     704       2.2989
     705       2.1051
     706       2.1584
     707       2.2997
     708       2.0554
     709       2.2595
     710       2.1566
     711       2.2564
     712       2.1077
     713       2.1901
     714       2.2016
     715       2.2170
     716       2.2340
     717       2.1627
     718       2.1966
     719       2.1981
     720       2.1428
     721       2.1781
     722       2.1043
     723       2.3951
     724       2.2870
     725       2.2100
     726       2.1571
     727       2.1417
     728       2.1833
     729       2.1833
     730       2.1632
     731       2.1921
     732       2.2559
     733       2.1919
     734       2.2161
     735       2.3060
     736       2.2372
     737       2.2175
     738       2.1892
     739       2.1427
     740       2.2022
     741       2.2598
     742       2.2169
     743       2.1585
     744       2.1599
     745       2.1826
     746       2.1023
     747       2.0788
     748       2.1311
     749       2.0843
     750       2.1621
     751       2.1091
     752       2.1418
     753       2.1178
     754       2.1614
     755       2.1024
     756       2.1410
     757       2.2001
     758       2.2138
     759       2.1275
     760       2.1010
     761       2.1234
     762       2.0765
     763       2.1827
     764       2.1077
     765       2.0742
     766       2.0571
     767       2.1047
     768       2.1541
     769       2.2054
     770       2.1267
     771       2.2027
     772       2.1348
     773       2.0759
     774       2.0206
     775       2.1924
     776       2.1047
     777       2.1606
     778       2.1379
     779       2.2203
     780       2.1465
     781       2.2126
     782       2.2272
     783       2.1951
     784       2.1862
     785       2.2032
     786       2.2647
     787       2.1583
     788       2.0876
     789       2.0659
     790       1.9986
     791       2.1590
     792       2.0845
     793       2.0396
     794       2.1211
     795       2.1780
     796       2.1195
     797       2.1203
     798       2.1267
     799       2.0966
     800       2.0527
     801       1.9248
     802       2.0801
     803       2.1783
     804       2.1891
     805       2.0929
     806       2.1752
     807       2.1903
     808       2.2192
     809       2.1388
     810       2.1497
     811       2.1615
     812       2.0241
     813       2.0576
     814       1.9250
     815       2.1705
     816       2.2515
     817       2.0821
     818       2.0433
     819       2.0592
     820       2.1598
     821       2.1206
     822       2.1901
     823       2.2226
     824       2.1593
     825       2.1423
     826       2.2019
     827       2.2186
     828       2.2111
     829       2.1333
     830       2.1264
     831       2.0801
     832       2.2456
     833       2.1849
     834       2.2206
     835       2.2531
     836       2.2127
     837       2.3285
     838       2.2201
     839       2.2781
     840       2.2307
     841       2.1367
     842       2.2448
     843       2.2190
     844       2.1995
     845       2.2298
     846       2.2531
     847       2.3085
     848       2.1005
     849       2.1430
     850       2.2368
     851       2.0898
     852       2.2405
     853       2.2219
     854       2.0885
     855       2.2499
     856       2.2529
     857       2.2635
     858       2.1468
     859       2.2486
     860       2.2347
     861       2.3036
     862       2.1492
     863       2.3178
     864       2.1473
     865       2.2810
     866       2.1922
     867       2.2476
     868       2.2611
     869       2.2302
     870       2.2498
     871       2.2787
     872       2.2115
     873       2.2806
     874       2.2544
     875       2.2781
     876       2.3919
     877       2.3083
     878       2.3392
     879       2.2604
     880       2.1509
     881       2.0696
     882       2.2415
     883       2.2349
     884       2.1600
     885       2.2061
     886       2.2514
     887       2.1727
     888       2.2289
     889       2.2194
     890       2.3107
     891       2.2241
     892       2.2128
     893       2.1947
     894       2.1634
     895       2.1359
     896       2.1707
     897       2.3863
     898       2.2291
     899       2.2816
     900       2.2305
     901       2.1940
     902       2.3143
     903       2.3501
     904       2.1894
     905       2.2377
     906       2.2846
     907       2.2858
     908       2.3046
     909       2.2122
     910       2.3137
     911       2.2440
     912       2.2143
     913       2.2663
     914       2.2833
     915       2.3005
     916       2.2196
     917       2.2108
     918       2.2935
     919       2.2908
     920       2.3095
     921       2.2275
     922       2.2545
     923       2.3057
     924       2.2623
     925       2.3492
     926       2.2994
     927       2.3050
     928       2.2946
     929       2.2425
     930       2.2439
     931       2.2288
     932       2.3846
     933       2.1777
     934       2.2216
     935       2.2643
     936       2.2865
     937       2.3270
     938       2.2241
     939       2.3591
     940       2.2587
     941       2.2649
     942       2.4058
     943       2.2932
     944       2.3580
     945       2.4015
     946       2.4031
     947       2.3871
     948       2.3114
     949       2.3350
     950       2.3437
     951       2.3524
     952       2.3749
     953       2.2957
     954       2.3318
     955       2.4629
     956       2.2106
     957       2.4132
     958       2.3703
     959       2.3112
     960       2.2366
     961       2.1541
     962       2.3865
     963       2.3901
     964       2.4316
     965       2.3507
     966       2.3209
     967       2.4127
     968       2.3163
     969       2.3609
     970       2.2710
     971       2.4754
     972       2.3522
     973       2.2803
     974       2.3370
     975       2.2933
     976       2.4158
     977       2.3468
     978       2.2307
     979       2.2719
     980       2.3177
     981       2.4113
     982       2.2578
     983       2.3466
     984       2.3497
     985       2.2973
     986       2.3388
     987       2.4726
     988       2.3036
     989       2.3149
     990       2.2773
     991       2.4584
     992       2.4320
     993       2.4305
     994       2.4502
     995       2.3582
     996       2.4338
     997       2.4620
     998       2.4031
     999       2.4018
    1000       2.3506
    1001       2.4363
    1002       2.3657
    1003       2.3508
    1004       2.3672
    1005       2.3009
    1006       2.4426
    1007       2.3017
    1008       2.4267
    1009       2.3345
    1010       2.3791
    1011       2.4213
    1012       2.4043
    1013       2.3559
    1014       2.4755
    1015       2.3925
    1016       2.4048
    1017       2.3959
    1018       2.5466
    1019       2.5198
    1020       2.6022
    1021       2.5593
    1022       2.5164
    1023       2.4726
    1024       2.4901
    1025       2.4515
    1026       2.3372
    1027       2.5156
    1028       2.4621
    1029       2.3445
    1030       2.3173
    1031       2.4400
    1032       2.3360
    1033       2.3134
    1034       2.4184
    1035       2.3011
    1036       2.3191
    1037       2.2995
    1038       2.2913
    1039       2.4832
    1040       2.2847
    1041       2.2552
    1042       2.2845
    1043       2.3868
    1044       2.3375
    1045       2.4075
    1046       2.3334
    1047       2.5429
    1048       2.4990
    1049       2.3486
    1050       2.3648
    1051       2.4555
    1052       2.3835
    1053       2.3897
    1054       2.3578
    1055       2.4032
    1056       2.2321
    1057       2.2279
    1058       2.3857
    1059       2.2895
    1060       2.3556
    1061       2.4182
    1062       2.2307
    1063       2.2685
    1064       2.3803
    1065       2.4846
    1066       2.4414
    1067       2.3905
    1068       2.5120
    1069       2.3560
    1070       2.3397
    1071       2.5153
    1072       2.3098
    1073       2.3869
    1074       2.4048
    1075       2.3292
    1076       2.4487
    1077       2.4535
    1078       2.3702
    1079       2.3727
    1080       2.4692
    1081       2.4795
    1082       2.5404
    1083       2.5949
    1084       2.5884
    1085       2.4415
    1086       2.5050
    1087       2.4652
    1088       2.3839
    1089       2.5688
    1090       2.3566
    1091       2.4677
    1092       2.4546
    1093       2.5190
    1094       2.4633
    1095       2.4183
    1096       2.4627
    1097       2.3785
    1098       2.5489
    1099       2.4142
    1100       2.3596
    1101       2.4422
    1102       2.5011
    1103       2.4833
    1104       2.4398
    1105       2.4113
    1106       2.3756
    1107       2.4671
    1108       2.2878
    1109       2.4871
    1110       2.4699
    1111       2.4741
    1112       2.4352
    1113       2.3964
    1114       2.3172
    1115       2.5423
    1116       2.5509
    1117       2.3984
    1118       2.4314
    1119       2.2930
    1120       2.4130
    1121       2.4346
    1122       2.4871
    1123       2.3895
    1124       2.3525
    1125       2.3494
    1126       2.4300
    1127       2.4321
    1128       2.6554
    1129       2.6407
    1130       2.5089
    1131       2.4968
    1132       2.5963
    1133       2.7105
    1134       2.6116
    1135       2.5828
    1136       2.5495
    1137       2.5703
    1138       2.4159
    1139       2.4981
    1140       2.4347
    1141       2.5175
    1142       2.6071
    1143       2.5009
    1144       2.5417
    1145       2.4732
    1146       2.4075
    1147       2.6110
    1148       2.5729
    1149       2.4192
    1150       2.6391
    1151       2.7576
    1152       2.5503
    1153       2.7222
    1154       2.6264
    1155       2.4997
    1156       2.7226
    1157       2.6076
    1158       2.4965
    1159       2.4701
    1160       2.6414
    1161       2.6715
    1162       2.4505
    1163       2.6877
    1164       2.5954
    1165       2.4932
    1166       2.4451
    1167       2.4509
    1168       2.5825
    1169       2.6107
    1170       2.4312
    1171       2.4087
    1172       2.5713
    1173       2.5951
    1174       2.6195
    1175       2.5722
    1176       2.5683
    1177       2.4355
    1178       2.4278
    1179       2.4386
    1180       2.5612
    1181       2.6492
    1182       2.5573
    1183       2.5123
    1184       2.4717
    1185       2.4752
    1186       2.5392
    1187       2.4592
    1188       2.5060
    1189       2.6405
    1190       2.5917
    1191       2.8165
    1192       2.6170
    1193       2.6037
    1194       2.6134
    1195       2.5809
    1196       2.6076
    1197       2.5139
    1198       2.7128
    1199       2.5976
    1200       2.4348
    1201       2.6618
    1202       2.5908
    1203       2.5836
    1204       2.4673
    1205       2.3861
    1206       2.5022
    1207       2.5427
    1208       2.4388
    1209       2.5935
    1210       2.7057
    1211       2.5338
    1212       2.4725
    1213       2.4302
    1214       2.5510
    1215       2.5766
    1216       2.3936
    1217       2.5880
    1218       2.6978
    1219       2.7602
    1220       2.7073
    1221       2.8770
    1222       2.8370
    1223       2.6977
    1224       2.5880
    1225       2.6403
    1226       2.7098
    1227       2.7741
    1228       2.6292
    1229       2.6763
    1230       2.5291
    1231       2.6435
    1232       2.6447
    1233       2.4575
    1234       2.5045
    1235       2.4374
    1236       2.6210
    1237       2.6680
    1238       2.6138
    1239       2.5642
    1240       2.5233
    1241       2.6438
    1242       2.5748
    1243       2.7312
    1244       2.7287
    1245       2.7733
    1246       2.6111
    1247       2.5630
    1248       2.6140
    1249       2.5057
    1250       2.5493
    1251       2.5568
    1252       2.4706
    1253       2.6488
    1254       2.4314
    1255       2.6114
    1256       2.5234
    1257       2.5562
    1258       2.5793
    1259       2.5704
    1260       2.5827
    1261       2.4962
    1262       2.5832
    1263       2.4022
    1264       2.3333
    1265       2.5445
    1266       2.5621
    1267       2.6351
    1268       2.5006
    1269       2.4302
    1270       2.5277
    1271       2.4487
    1272       2.5485
    1273       2.4596
    1274       2.4845
    1275       2.5902
    1276       2.3326
    1277       2.5549
    1278       2.3851
    1279       2.4635
    1280       2.6453
    1281       2.4192
    1282       2.7074
    1283       2.4001
    1284       2.4863
    1285       2.5547
    1286       2.5337
    1287       2.4780
    1288       2.5251
    1289       2.5218
    1290       2.5075
    1291       2.3434
    1292       2.5225
    1293       2.5401
    1294       2.2439
    1295       2.7627
    1296       2.6354
    1297       2.4621
    1298       2.7084
    1299       2.4675
    1300       2.6816
    1301       2.5913
    1302       2.5097
    1303       2.4651
    1304       2.6957
    1305       2.7139
    1306       2.7120
    1307       2.5223
    1308       2.5265
    1309       2.5191
    1310       2.6588
    1311       2.5383
    1312       2.4486
    1313       2.6257
    1314       2.4901
    1315       2.4623
    1316       2.5665
    1317       2.4986
    1318       2.3852
    1319       2.5444
    1320       2.4239
    1321       2.2595
    1322       2.4585
    1323       2.4197
    1324       2.5171
    1325       2.5935
    1326       2.4178
    1327       2.3086
    1328       2.4232
    1329       2.3927
    1330       2.4031
    1331       2.4277
    1332       2.6404
    1333       2.5025
    1334       2.5687
    1335       2.6299
    1336       2.6719
    1337       2.4647
    1338       2.4689
    1339       2.4666
    1340       2.5052
    1341       2.5170
    1342       2.3918
    1343       2.5272
    1344       2.6488
    1345       2.4937
    1346       2.5426
    1347       2.6786
    1348       2.5055
    1349       2.5501
    1350       2.4084
    1351       2.5505
    1352       2.6062
    1353       2.5452
    1354       2.6562
    1355       2.6048
    1356       2.4861
    1357       2.5399
    1358       2.5010
    1359       2.4957
    1360       2.5094
    1361       2.4428
    1362       2.5530
    1363       2.6218
    1364       2.5004
    1365       2.6359
    1366       2.5410
    1367       2.5956
    1368       2.5500
    1369       2.5777
    1370       2.5119
    1371       2.5977
    1372       2.5346
    1373       2.6113
    1374       2.6331
    1375       2.4389
    1376       2.4758
    1377       2.5292
    1378       2.4548
    1379       2.6428
    1380       2.4035
    1381       2.5323
    1382       2.4367
    1383       2.3763
    1384       2.5569
    1385       2.4480
    1386       2.6465
    1387       2.5037
    1388       2.5853
    1389       2.4687
    1390       2.4586
    1391       2.4663
    1392       2.4433
    1393       2.4679
    1394       2.4130
    1395       2.3811
    1396       2.4381
    1397       2.4503
    1398       2.4143
    1399       2.5763
    1400       2.4728
    1401       2.5144
    1402       2.5132
    1403       2.4941
    1404       2.4458
    1405       2.5352
    1406       2.8150
    1407       2.5444
    1408       2.5696
    1409       2.4639
    1410       2.4761
    1411       2.5088
    1412       2.4749
    1413       2.5967
    1414       2.5175
    1415       2.6770
    1416       2.4911
    1417       2.4383
    1418       2.5197
    1419       2.5142
    1420       2.4729
    1421       2.4826
    1422       2.5100
    1423       2.5550
    1424       2.5386
    1425       2.4357
    1426       2.5581
    1427       2.4685
    1428       2.7137
    1429       2.6586
    1430       2.4317
    1431       2.4690
    1432       2.5519
    1433       2.5457
    1434       2.3556
    1435       2.4290
    1436       2.5026
    1437       2.6267
    1438       2.5261
    1439       2.5351
    1440       2.5625
    1441       2.5289
    1442       2.4281
    1443       2.4780
    1444       2.6252
    1445       2.3992
    1446       2.6323
    1447       2.6269
    1448       2.5524
    1449       2.5465
    1450       2.4907
    1451       2.4319
    1452       2.5702
    1453       2.7341
    1454       2.4666
    1455       2.5713
    1456       2.6153
    1457       2.4042
    1458       2.4380
    1459       2.4752
    1460       2.5541
    1461       2.4579
    1462       2.4947
    1463       2.4291
    1464       2.4727
    1465       2.3221
    1466       2.5430
    1467       2.5803
    1468       2.4353
    1469       2.6439
    1470       2.4037
    1471       2.5107
    1472       2.5513
    1473       2.4705
    1474       2.4506
    1475       2.4561
    1476       2.4904
    1477       2.6628
    1478       2.5282
    1479       2.5255
    1480       2.4071
    1481       2.3350
    1482       2.4499
    1483       2.4272
    1484       2.4244
    1485       2.4379
    1486       2.4780
    1487       2.3719
    1488       2.4908
    1489       2.5468
    1490       2.4953
    1491       2.4455
    1492       2.6571
    1493       2.6888
    1494       2.5208
    1495       2.7209
    1496       2.5229
    1497       2.5218
    1498       2.5071
    1499       2.5290
    1500       2.6067
    1501       2.7035
    1502       2.6341
    1503       2.4514
    1504       2.5450
    1505       2.5465
    1506       2.4513
    1507       2.5528
    1508       2.5088
    1509       2.7090
    1510       2.7072
    1511       2.4973
    1512       2.4505
    1513       2.5106
    1514       2.4485
    1515       2.4968
    1516       2.4577
    1517       2.5071
    1518       2.4772
    1519       2.5642
    1520       2.4699
    1521       2.3998
    1522       2.4250
    1523       2.4099
    1524       2.4549
    1525       2.3925
    1526       2.4667
    1527       2.4124
    1528       2.4790
    1529       2.5713
    1530       2.3680
    1531       2.4966
    1532       2.3507
    1533       2.3793
    1534       2.3985
    1535       2.3136
    1536       2.3400
    1537       2.3438
    1538       2.4535
    1539       2.4659
    1540       2.6376
    1541       2.5888
    1542       2.3791
    1543       2.3034
    1544       2.4724
    1545       2.4403
    1546       2.5177
    1547       2.5399
    1548       2.4617
    1549       2.5226
    1550       2.4808
    1551       2.6064
    1552       2.4418
    1553       2.5279
    1554       2.4159
    1555       2.6979
    1556       2.5510
    1557       2.5487
    1558       2.8706
    1559       2.4878
    1560       2.5798
    1561       2.5678
    1562       2.4846
    1563       2.6502
    1564       2.4670
    1565       2.5632
    1566       2.5269
    1567       2.5671
    1568       2.7154
    1569       2.5753
    1570       2.5144
    1571       2.5105
    1572       2.5282
    1573       2.5160
    1574       2.6561
    1575       2.5511
    1576       2.5296
    1577       2.5496
    1578       2.6053
    1579       2.5894
    1580       2.7731
    1581       2.7286
    1582       2.5415
    1583       2.5198
    1584       2.5616
    1585       2.5565
    1586       2.4402
    1587       2.4057
    1588       2.4613
    1589       2.3749
    1590       2.4926
    1591       2.4903
    1592       2.5114
    1593       2.4830
    1594       2.5689
    1595       2.5572
    1596       2.5762
    1597       2.5436
    1598       2.5191
    1599       2.5791
    1600       2.5415
    1601       2.4844
    1602       2.6703
    1603       2.6015
    1604       2.5151
    1605       2.5676
    1606       2.4841
    1607       2.6860
    1608       2.4453
    1609       2.5386
    1610       2.5357
    1611       2.5180
    1612       2.4139
    1613       2.6605
    1614       2.6317
    1615       2.7839
    1616       2.6809
    1617       2.6517
    1618       2.6334
    1619       2.8626
    1620       2.6185
    1621       2.6944
    1622       2.7691
    1623       2.6829
    1624       2.7688
    1625       2.6914
    1626       2.6494
    1627       2.7702
    1628       2.7360
    1629       2.5672
    1630       2.7312
    1631       2.5611
    1632       2.6467
    1633       2.8535
    1634       2.7569
    1635       2.7531
    1636       2.6130
    1637       2.6901
    1638       2.6180
    1639       2.5298
    1640       2.5949
    1641       2.7841
    1642       2.4876
    1643       2.6110
    1644       2.5875
    1645       2.5333
    1646       2.4399
    1647       2.5273
    1648       2.5735
    1649       2.7170
    1650       2.6532
    1651       2.5969
    1652       2.5657
    1653       2.6391
    1654       2.5401
    1655       2.5553
    1656       2.7888
    1657       2.6593
    1658       2.6171
    1659       2.6056
    1660       2.6336
    1661       2.6488
    1662       2.5520
    1663       2.6784
    1664       2.8112
    1665       2.5621
    1666       2.6690
    1667       2.6361
    1668       2.5117
    1669       2.7515
    1670       2.5921
    1671       2.5927
    1672       2.4974
    1673       2.5330
    1674       2.4600
    1675       2.6062
    1676       2.6699
    1677       2.4912
    1678       2.5631
    1679       2.5280
    1680       2.5024
    1681       2.6794
    1682       2.6454
    1683       2.6251
    1684       2.5163
    1685       2.6726
    1686       2.4696
    1687       2.4895
    1688       2.4410
    1689       2.5407
    1690       2.5627
    1691       2.4344
    1692       2.4914
    1693       2.5268
    1694       2.4451
    1695       2.5958
    1696       2.5742
    1697       2.5715
    1698       2.4975
    1699       2.4679
    1700       2.8213
    1701       2.6348
    1702       2.6103
    1703       2.5571
    1704       2.5834
    1705       2.7640
    1706       2.5815
    1707       2.5728
    1708       2.6586
    1709       2.6572
    1710       2.5932
    1711       2.6598
    1712       2.5762
    1713       2.6894
    1714       2.7411
    1715       2.6482
    1716       2.5483
    1717       2.6074
    1718       2.6562
    1719       2.7101
    1720       2.7462
    1721       2.9021
    1722       2.7697
    1723       2.7144
    1724       2.7941
    1725       2.6647
    1726       2.6183
    1727       2.5778
    1728       2.4801
    1729       2.5114
    1730       2.6155
    1731       2.5105
    1732       2.7420
    1733       2.6843
    1734       2.6481
    1735       2.7082
    1736       2.7013
    1737       2.6080
    1738       2.5711
    1739       2.4338
    1740       2.3647
    1741       2.4169
    1742       2.4819
    1743       2.4882
    1744       2.5664
    1745       2.5945
    1746       2.5275
    1747       2.5652
    1748       2.6137
    1749       2.4813
    1750       2.5721
    1751       2.5420
    1752       2.4093
    1753       2.6246
    1754       2.6106
    1755       2.6168
    1756       2.5590
    1757       2.5321
    1758       2.5617
    1759       2.5163
    1760       2.5526
    1761       2.5440
    1762       2.5090
    1763       2.5722
    1764       2.4098
    1765       2.6195
    1766       2.5967
    1767       2.6160
    1768       2.6580
    1769       2.6515
    1770       2.6607
    1771       2.3877
    1772       2.5779
    1773       2.6723
    1774       2.6870
    1775       2.6195
    1776       2.7213
    1777       2.5054
    1778       2.4322
    1779       2.6894
    1780       2.4894
    1781       2.6443
    1782       2.7510
    1783       2.5298
    1784       2.6657
    1785       2.5045
    1786       2.6733
    1787       2.5599
    1788       2.6887
    1789       2.5455
    1790       2.5418
    1791       2.4266
    1792       2.5474
    1793       2.6476
    1794       2.5989
    1795       2.5413
    1796       2.6278
    1797       2.4980
    1798       2.4838
    1799       2.4583
    1800       2.5348
    1801       2.7419
    1802       2.4945
    1803       2.6463
    1804       2.4669
    1805       2.6605
    1806       2.6189
    1807       2.6027
    1808       2.4984
    1809       2.6360
    1810       2.6944
    1811       2.5395
    1812       2.5775
    1813       2.5049
    1814       2.5771
    1815       2.3974
    1816       2.5354
    1817       2.3779
    1818       2.6341
    1819       2.5891
    1820       2.5464
    1821       2.6382
    1822       2.5116
    1823       2.5057
    1824       2.7432
    1825       2.4099
    1826       2.7161
    1827       2.5097
    1828       2.4630
    1829       2.5215
    1830       2.5674
    1831       2.5706
    1832       2.6248
    1833       2.6434
    1834       2.4710
    1835       2.5894
    1836       2.5554
    1837       2.5210
    1838       2.5734
    1839       2.6327
    1840       2.4977
    1841       2.5412
    1842       2.4866
    1843       2.5194
    1844       2.5602
    1845       2.4971
    1846       2.4912
    1847       2.5459
    1848       2.6699
    1849       2.5886
    1850       2.5747
    1851       2.5929
    1852       2.5633
    1853       2.6913
    1854       2.4336
    1855       2.4568
    1856       2.6418
    1857       2.2801
    1858       2.4865
    1859       2.4002
    1860       2.4573
    1861       2.4375
    1862       2.3962
    1863       2.5093
    1864       2.6555
    1865       2.4261
    1866       2.4317
    1867       2.4314
    1868       2.5193
    1869       2.4192
    1870       2.5250
    1871       2.5232
    1872       2.4598
    1873       2.4723
    1874       2.4677
    1875       2.5222
    1876       2.5927
    1877       2.5358
    1878       2.5066
    1879       2.5273
    1880       2.5451
    1881       2.6162
    1882       2.5463
    1883       2.6612
    1884       2.4716
    1885       2.3932
    1886       2.4945
    1887       2.5949
    1888       2.5498
    1889       2.5378
    1890       2.5579
    1891       2.5572
    1892       2.4949
    1893       2.5517
    1894       2.4884
    1895       2.5954
    1896       2.4383
    1897       2.4505
    1898       2.4408
    1899       2.5245
    1900       2.6262
    1901       2.6155
    1902       2.5897
    1903       2.5670
    1904       2.7705
    1905       2.6739
    1906       2.7481
    1907       2.6192
    1908       2.5198
    1909       2.6519
    1910       2.5444
    1911       2.5530
    1912       2.5919
    1913       2.5984
    1914       2.5400
    1915       2.6006
    1916       2.5807
    1917       2.4508
    1918       2.6711
    1919       2.6796
    1920       2.5288
    1921       2.3548
    1922       2.4721
    1923       2.5444
    1924       2.6675
    1925       2.5998
    1926       2.5186
    1927       2.6261
    1928       2.6482
    1929       2.5450
    1930       2.6452
    1931       2.6666
    1932       2.6870
    1933       2.5841
    1934       2.5165
    1935       2.6140
    1936       2.8016
    1937       2.7569
    1938       2.8367
    1939       2.8338
    1940       2.6930
    1941       2.6734
    1942       2.9452
    1943       2.8914
    1944       2.7906
    1945       2.7948
    1946       2.6395
    1947       2.7622
    1948       2.6984
    1949       2.9010
    1950       2.8282
    1951       2.8725
    1952       2.9931
    1953       2.7571
    1954       2.6676
    1955       2.6681
    1956       2.8582
    1957       2.6956
    1958       2.7783
    1959       2.5147
    1960       2.7102
    1961       2.6476
    1962       2.6031
    1963       2.7937
    1964       2.6154
    1965       2.8939
    1966       2.9357
    1967       2.8552
    1968       2.9724
    1969       2.7963
    1970       2.6351
    1971       2.7554
    1972       2.8837
    1973       2.7166
    1974       2.7686
    1975       2.6874
    1976       2.7456
    1977       2.6803
    1978       2.6782
    1979       2.4910
    1980       2.5393
    1981       2.6060
    1982       2.6446
    1983       2.6246
    1984       2.6799
    1985       2.5339
    1986       2.5383
    1987       2.5178
    1988       2.5601
    1989       2.6753
    1990       2.6255
    1991       2.5556
    1992       2.5876
    1993       2.6085
    1994       2.5669
    1995       2.5756
    1996       2.5482
    1997       2.4396
    1998       2.4014
    1999       2.6301
    2000       2.2985
    2001       2.4655
    2002       2.4552
    2003       2.5884
    2004       2.5365
    2005       2.4947
    2006       2.4896
    2007       2.4730
    2008       2.5208
    2009       2.4608
    2010       2.5807
    2011       2.5388
    2012       2.6791
    2013       2.4407
    2014       2.3745
    2015       2.5091
    2016       2.4727
    2017       2.4226
    2018       2.3710
    2019       2.4210
    2020       2.6170
    2021       2.5453
    2022       2.5292
    2023       2.4674
    2024       2.5373
    2025       2.4812
    2026       2.6858
    2027       2.5455
    2028       2.4833
    2029       2.6041
    2030       2.6547
    2031       2.5744
    2032       2.4865
    2033       2.5930
    2034       2.4793
    2035       2.5835
    2036       2.7877
    2037       2.6580
    2038       2.6471
    2039       2.6501
    2040       2.5990
    2041       2.5460
    2042       2.7108
    2043       2.7545
    2044       2.6317
    2045       2.6598
    2046       2.6528
    2047       2.6577
    2048       2.7127
    2049       2.8640
    2050       2.6978
    2051       2.7510
    2052       2.5525
    2053       2.7409
    2054       2.6554
    2055       2.8222
    2056       2.6872
    2057       2.7795
    2058       2.5554
    2059       2.6545
    2060       2.6129
    2061       2.4810
    2062       2.6665
    2063       2.7072
    2064       2.9532
    2065       2.7729
    2066       2.7400
    2067       2.5593
    2068       2.8782
    2069       2.6220
    2070       2.6636
    2071       2.6697
    2072       2.7884
    2073       2.6910
    2074       2.7429
    2075       2.7515
    2076       2.5769
    2077       2.7642
    2078       2.5580
    2079       2.7485
    2080       2.7250
    2081       2.8092
    2082       2.6961
    2083       2.7004
    2084       2.8681
    2085       2.8370
    2086       2.6493
    2087       2.6843
    2088       2.6727
    2089       2.5131
    2090       2.7193
    2091       2.6419
    2092       2.5669
    2093       2.7396
    2094       2.8810
    2095       2.8055
    2096       2.6855
    2097       2.7701
    2098       2.6252
    2099       2.7523
    2100       2.6100
    2101       2.6813
    2102       2.5780
    2103       2.5399
    2104       2.5638
    2105       2.5242
    2106       2.5862
    2107       2.5146
    2108       2.7513
    2109       2.9271
    2110       2.8555
    2111       2.6087
    2112       2.5937
    2113       2.7726
    2114       2.8021
    2115       2.5908
    2116       2.5882
    2117       2.7439
    2118       2.5094
    2119       2.6998
    2120       2.7477
    2121       2.6280
    2122       2.4390
    2123       2.6808
    2124       2.7135
    2125       2.6134
    2126       2.9401
    2127       2.7987
    2128       2.7287
    2129       2.6755
    2130       2.6778
    2131       2.7302
    2132       2.7648
    2133       2.7697
    2134       2.9120
    2135       2.8175
    2136       2.7349
    2137       2.7610
    2138       2.8534
    2139       2.8036
    2140       2.8133
    2141       2.8275
    2142       2.8766
    2143       2.8280
    2144       2.7721
    2145       2.8536
    2146       2.7541
    2147       2.8132
    2148       2.6137
    2149       2.7599
    2150       2.8898
    2151       2.7846
    2152       2.6411
    2153       2.7797
    2154       2.7273
    2155       2.7118
    2156       2.7446
    2157       2.6490
    2158       2.8336
    2159       2.8582
    2160       2.7450
    2161       2.8638
    2162       2.8569
    2163       2.8028
    2164       2.8572
    2165       2.6998
    2166       2.8258
    2167       2.7384
    2168       2.6553
    2169       2.9024
    2170       2.6498
    2171       2.7065
    2172       2.6421
    2173       2.7047
    2174       2.8002
    2175       2.7483
    2176       2.8500
    2177       2.8569
    2178       2.6406
    2179       2.6589
    2180       2.6998
    2181       2.6136
    2182       2.5699
    2183       2.7244
    2184       2.5659
    2185       2.5379
    2186       2.4895
    2187       2.5030
    2188       2.6156
    2189       2.6201
    2190       2.6104
    2191       2.5761
    2192       2.6918
    2193       2.7240
    2194       2.5453
    2195       2.5005
    2196       2.7493
    2197       2.4356
    2198       2.4404
    2199       2.5138
    2200       2.6312
    2201       2.5008
    2202       2.7990
    2203       2.5534
    2204       2.6774
    2205       2.4523
    2206       2.6421
    2207       2.5017
    2208       2.6927
    2209       2.4973
    2210       2.7043
    2211       2.6085
    2212       2.6560
    2213       2.4843
    2214       2.6048
    2215       2.7980
    2216       2.4903
    2217       2.5597
    2218       2.6463
    2219       2.6124
    2220       2.6652
    2221       2.7618
    2222       2.7319
    2223       2.7130
    2224       2.6876
    2225       2.7835
    2226       2.6347
    2227       2.6362
    2228       2.8560
    2229       2.7506
    2230       2.6808
    2231       2.7938
    2232       2.8467
    2233       2.7653
    2234       2.6577
    2235       2.6029
    2236       2.7535
    2237       2.7473
    2238       2.5807
    2239       2.6037
    2240       2.7132
    2241       2.7996
    2242       2.7436
    2243       2.5446
    2244       2.7927
    2245       2.8116
    2246       2.8811
    2247       2.7110
    2248       2.9813
    2249       2.9040
    2250       2.8794
    2251       2.7504
    2252       2.6993
    2253       2.8740
    2254       2.8470
    2255       2.6200
    2256       2.6214
    2257       2.7590
    2258       2.7259
    2259       2.6190
    2260       2.7268
    2261       2.7404
    2262       2.7300
    2263       2.8274
    2264       2.7717
    2265       2.6753
    2266       2.5186
    2267       2.7622
    2268       2.4793
    2269       2.5739
    2270       2.7557
    2271       2.6095
    2272       2.5656
    2273       2.7058
    2274       2.5712
    2275       2.7390
    2276       2.6644
    2277       2.7066
    2278       2.7708
    2279       2.6147
    2280       2.5916
    2281       2.4606
    2282       2.6440
    2283       2.5981
    2284       2.6398
    2285       2.5796
    2286       2.6787
    2287       2.7433
    2288       2.5008
    2289       2.7352
    2290       2.6470
    2291       2.6606
    2292       2.7471
    2293       2.7159
    2294       2.6021
    2295       2.7645
    2296       2.6433
    2297       2.6704
    2298       2.6322
    2299       2.7888
    2300       2.6223
    2301       2.7156
    2302       2.7439
    2303       2.6570
    2304       2.7083
    2305       2.5725
    2306       2.5549
    2307       2.7375
    2308       2.8750
    2309       2.8080
    2310       2.6974
    2311       2.8898
    2312       2.7966
    2313       2.8418
    2314       2.8583
    2315       2.9439
    2316       2.8541
    2317       2.7634
    2318       2.8881
    2319       2.6982
    2320       2.7985
    2321       2.7944
    2322       2.7802
    2323       2.7805
    2324       2.8861
    2325       2.8462
    2326       2.7638
    2327       2.5855
    2328       2.7506
    2329       2.6712
    2330       2.7875
    2331       2.8006
    2332       2.8349
    2333       2.6885
    2334       2.8003
    2335       2.8083
    2336       2.7083
    2337       2.5530
    2338       2.9122
    2339       2.7379
    2340       2.8639
    2341       2.7153
    2342       2.6982
    2343       2.7881
    2344       2.6701
    2345       2.8421
    2346       2.7773
    2347       2.6426
    2348       2.6036
    2349       2.7813
    2350       2.8096
    2351       2.7012
    2352       2.5590
    2353       2.6668
    2354       2.7221
    2355       2.7280
    2356       2.6721
    2357       2.6032
    2358       2.6862
    2359       2.7195
    2360       2.7585
    2361       2.7686
    2362       2.7166
    2363       2.8552
    2364       2.8118
    2365       2.5974
    2366       2.7880
    2367       2.7084
    2368       2.5077
    2369       2.4977
    2370       2.5910
    2371       2.7008
    2372       2.5330
    2373       2.6369
    2374       2.7500
    2375       2.6701
    2376       2.5059
    2377       2.6735
    2378       2.4362
    2379       2.5701
    2380       2.3831
    2381       2.5720
    2382       2.7108
    2383       2.7307
    2384       2.5815
    2385       2.6419
    2386       2.6121
    2387       2.5764
    2388       2.6756
    2389       2.4561
    2390       2.6055
    2391       2.4891
    2392       2.4908
    2393       2.4748
    2394       2.4916
    2395       2.7300
    2396       2.5477
    2397       2.4534
    2398       2.5800
    2399       2.4091
    2400       2.4775
    2401       2.5596
    2402       2.5527
    2403       2.5785
    2404       2.5102
    2405       2.4874
    2406       2.5256
    2407       2.5366
    2408       2.6462
    2409       2.4732
    2410       2.4981
    2411       2.4035
    2412       2.4915
    2413       2.5259
    2414       2.6285
    2415       2.5291
    2416       2.6546
    2417       2.5436
    2418       2.8747
    2419       2.6477
    2420       2.5830
    2421       2.5136
    2422       2.5732
    2423       2.4849
    2424       2.4652
    2425       2.5617
    2426       2.7474
    2427       2.6423
    2428       2.7057
    2429       2.7050
    2430       2.6399
    2431       2.5293
    2432       2.5708
    2433       2.3927
    2434       2.4588
    2435       2.5549
    2436       2.4603
    2437       2.5667
    2438       2.5490
    2439       2.4646
    2440       2.5568
    2441       2.4174
    2442       2.4604
    2443       2.5829
    2444       2.5201
    2445       2.5962
    2446       2.6808
    2447       2.4912
    2448       2.5293
    2449       2.6590
    2450       2.5450
    2451       2.6686
    2452       2.7417
    2453       2.6854
    2454       2.7764
    2455       2.7138
    2456       2.5553
    2457       2.5601
    2458       2.5337
    2459       2.5709
    2460       2.7221
    2461       2.6655
    2462       2.6917
    2463       2.6512
    2464       2.5389
    2465       2.6784
    2466       2.7280
    2467       2.7626
    2468       2.6651
    2469       2.7066
    2470       2.6231
    2471       2.6299
    2472       2.5073
    2473       2.5380
    2474       2.5620
    2475       2.5356
    2476       2.5851
    2477       2.6069
    2478       2.4770
    2479       2.5353
    2480       2.6786
    2481       2.5580
    2482       2.6110
    2483       2.5725
    2484       2.5281
    2485       2.4737
    2486       2.6221
    2487       2.6259
    2488       2.4415
    2489       2.6147
    2490       2.5266
    2491       2.5217
    2492       2.5008
    2493       2.5558
    2494       2.6489
    2495       2.5704
    2496       2.4932
    2497       2.6217
    2498       2.5588
    2499       2.6952
    2500       2.5423
    2501       2.5345
    2502       2.5477
    2503       2.4604
    2504       2.6367
    2505       2.4945
    2506       2.6888
    2507       2.6415
    2508       2.7057
    2509       2.6605
    2510       2.6399
    2511       2.7993
    2512       2.6307
    2513       2.6237
    2514       2.6886
    2515       2.5808
    2516       2.7581
    2517       2.6415
    2518       2.6492
    2519       2.6727
    2520       2.6709
    2521       2.5759
    2522       2.6697
    2523       2.6096
    2524       2.5228
    2525       2.5908
    2526       2.6570
    2527       2.6861
    2528       2.6691
    2529       2.5833
    2530       2.6010
    2531       2.5818
    2532       2.4957
    2533       2.6683
    2534       2.5591
    2535       2.6489
    2536       2.6519
    2537       2.5745
    2538       2.6190
    2539       2.5242
    2540       2.6961
    2541       2.6645
    2542       2.6560
    2543       2.5408
    2544       2.7347
    2545       2.4395
    2546       2.4894
    2547       2.5267
    2548       2.6183
    2549       2.4723
    2550       2.4740
    2551       2.5223
    2552       2.5427
    2553       2.5352
    2554       2.4996
    2555       2.6302
    2556       2.6471
    2557       2.6839
    2558       2.6334
    2559       2.5519
    2560       2.6125
    2561       2.7118
    2562       2.7982
    2563       2.7130
    2564       2.5573
    2565       2.5753
    2566       2.6439
    2567       2.6573
    2568       2.6163
    2569       2.7138
    2570       2.6872
    2571       2.5093
    2572       2.7242
    2573       2.7196
    2574       2.6981
    2575       2.7236
    2576       2.7044
    2577       2.6716
    2578       2.7694
    2579       2.4595
    2580       2.5223
    2581       2.5784
    2582       2.4886
    2583       2.5020
    2584       2.5644
    2585       2.5178
    2586       2.5548
    2587       2.5691
    2588       2.6586
    2589       2.5168
    2590       2.4735
    2591       2.6829
    2592       2.5609
    2593       2.7362
    2594       2.6282
    2595       2.6409
    2596       2.6111
    2597       2.6315
    2598       2.4839
    2599       2.6329
    2600       2.5028
    2601       2.4904
    2602       2.5150
    2603       2.5876
    2604       2.5567
    2605       2.5674
    2606       2.4086
    2607       2.5052
    2608       2.3619
    2609       2.4430
    2610       2.4547
    2611       2.5719
    2612       2.3589
    2613       2.4959
    2614       2.4288
    2615       2.4122
    2616       2.4752
    2617       2.4152
    2618       2.5570
    2619       2.5532
    2620       2.5960
    2621       2.4524
    2622       2.5837
    2623       2.5340
    2624       2.6918
    2625       2.5621
    2626       2.6809
    2627       2.6677
    2628       2.7457
    2629       2.6581
    2630       2.7035
    2631       2.5845
    2632       2.5825
    2633       2.7790
    2634       2.7447
    2635       2.6656
    2636       2.7307
    2637       2.5963
    2638       2.7204
    2639       2.5395
    2640       2.5911
    2641       2.5623
    2642       2.3615
    2643       2.4020
    2644       2.4937
    2645       2.4751
    2646       2.4287
    2647       2.5677
    2648       2.5406
    2649       2.5819
    2650       2.6531
    2651       2.5631
    2652       2.4887
    2653       2.6877
    2654       2.8385
    2655       2.7328
    2656       2.6669
    2657       2.5945
    2658       2.6324
    2659       2.6794
    2660       2.5769
    2661       2.6548
    2662       2.7501
    2663       2.5986
    2664       2.6051
    2665       2.6725
    2666       2.4952
    2667       2.5457
    2668       2.3946
    2669       2.6780
    2670       2.7039
    2671       2.7358
    2672       2.5134
    2673       2.4635
    2674       2.5216
    2675       2.5348
    2676       2.5141
    2677       2.6849
    2678       2.6647
    2679       2.5828
    2680       2.7023
    2681       2.7144
    2682       2.8709
    2683       2.6722
    2684       2.9018
    2685       2.6302
    2686       2.9133
    2687       2.7867
    2688       2.7422
    2689       2.7916
    2690       2.9152
    2691       2.6265
    2692       2.6966
    2693       2.6458
    2694       2.6547
    2695       2.8193
    2696       2.5055
    2697       2.4413
    2698       2.5547
    2699       2.5264
    2700       2.6790
    2701       2.6100
    2702       2.8032
    2703       2.8003
    2704       2.5072
    2705       2.6443
    2706       2.6224
    2707       2.6366
    2708       2.6869
    2709       2.6650
    2710       2.5551
    2711       2.5966
    2712       2.7509
    2713       2.7476
    2714       2.7242
    2715       2.7128
    2716       2.6529
    2717       2.6788
    2718       2.5637
    2719       2.6516
    2720       2.5933
    2721       2.5845
    2722       2.5102
    2723       2.6353
    2724       2.4374
    2725       2.5528
    2726       2.6500
    2727       2.6034
    2728       2.8048
    2729       2.6703
    2730       2.6108
    2731       2.6099
    2732       2.4265
    2733       2.5892
    2734       2.5681
    2735       2.6014
    2736       2.4256
    2737       2.5189
    2738       2.5610
    2739       2.4492
    2740       2.5700
    2741       2.5034
    2742       2.5631
    2743       2.6538
    2744       2.5709
    2745       2.5237
    2746       2.4766
    2747       2.4409
    2748       2.5636
    2749       2.5968
    2750       2.6234
    2751       2.4843
    2752       2.5175
    2753       2.5644
    2754       2.5232
    2755       2.6110
    2756       2.3200
    2757       2.5401
    2758       2.5764
    2759       2.5853
    2760       2.4962
    2761       2.5071
    2762       2.6645
    2763       2.4526
    2764       2.4958
    2765       2.7014
    2766       2.6101
    2767       2.6272
    2768       2.5334
    2769       2.6511
    2770       2.6353
    2771       2.7977
    2772       2.7130
    2773       2.6433
    2774       2.5746
    2775       2.6664
    2776       2.8680
    2777       2.7521
    2778       2.6006
    2779       2.7265
    2780       2.8773
    2781       2.7615
    2782       2.6223
    2783       2.5837
    2784       2.7547
    2785       2.5690
    2786       2.5767
    2787       2.5783
    2788       2.7596
    2789       2.8090
    2790       2.5601
    2791       2.6801
    2792       2.5351
    2793       2.5468
    2794       2.6918
    2795       2.6639
    2796       2.6582
    2797       2.6784
    2798       2.8412
    2799       2.6152
    2800       2.5769
    2801       2.5503
    2802       2.5734
    2803       2.6609
    2804       2.5598
    2805       2.6530
    2806       2.4190
    2807       2.7811
    2808       2.5671
    2809       2.6451
    2810       2.7321
    2811       2.7006
    2812       2.6893
    2813       2.7280
    2814       2.7246
    2815       2.6347
    2816       2.6964
    2817       2.6121
    2818       2.7519
    2819       2.6633
    2820       2.5797
    2821       2.8038
    2822       2.6310
    2823       2.8096
    2824       2.6913
    2825       2.6159
    2826       2.8184
    2827       2.7386
    2828       2.6308
    2829       2.6387
    2830       2.5602
    2831       2.5798
    2832       2.6058
    2833       2.7213
    2834       2.5651
    2835       2.6661
    2836       2.8371
    2837       2.7910
    2838       2.6152
    2839       2.6509
    2840       2.6048
    2841       2.5246
    2842       2.7706
    2843       2.6378
    2844       2.5310
    2845       2.8658
    2846       2.7026
    2847       2.7479
    2848       2.6302
    2849       2.6416
    2850       2.5711
    2851       2.7225
    2852       2.6855
    2853       2.6369
    2854       2.5729
    2855       2.6722
    2856       2.7644
    2857       2.6672
    2858       2.6133
    2859       2.5715
    2860       2.7647
    2861       2.7900
    2862       2.6203
    2863       2.6735
    2864       2.6264
    2865       2.7793
    2866       2.6727
    2867       2.6499
    2868       2.5956
    2869       2.7192
    2870       2.7047
    2871       2.6851
    2872       2.7837
    2873       2.6280
    2874       2.6421
    2875       2.8050
    2876       2.5990
    2877       2.7523
    2878       2.6644
    2879       2.8117
    2880       2.7613
    2881       2.7678
    2882       2.6708
    2883       2.6518
    2884       2.6907
    2885       2.6994
    2886       2.6765
    2887       2.7355
    2888       2.7408
    2889       2.6617
    2890       2.7186
    2891       2.7106
    2892       2.6714
    2893       2.8138
    2894       2.7522
    2895       2.5325
    2896       2.7490
    2897       2.8388
    2898       2.7592
    2899       2.7317
    2900       2.6798
    2901       2.6875
    2902       2.7577
    2903       2.6289
    2904       2.6497
    2905       2.7807
    2906       2.5867
    2907       2.7121
    2908       2.6373
    2909       2.8100
    2910       2.8625
    2911       2.8713
    2912       2.8885
    2913       2.8118
    2914       2.8077
    2915       2.8628
    2916       2.7066
    2917       2.7359
    2918       2.7211
    2919       2.6711
    2920       2.7923
    2921       2.8184
    2922       2.7369
    2923       2.6655
    2924       2.7700
    2925       2.7530
    2926       2.7387
    2927       2.7044
    2928       2.6371
    2929       2.7640
    2930       2.6958
    2931       2.9053
    2932       2.8005
    2933       2.8195
    2934       2.7528
    2935       2.7312
    2936       2.7015
    2937       2.6016
    2938       2.6195
    2939       2.7812
    2940       2.7672
    2941       2.8764
    2942       2.6824
    2943       2.8140
    2944       2.7205
    2945       2.7604
    2946       2.7210
    2947       2.8541
    2948       2.7546
    2949       2.6883
    2950       2.6651
    2951       2.5919
    2952       2.6792
    2953       2.7384
    2954       2.5845
    2955       2.8733
    2956       2.8679
    2957       2.6299
    2958       2.7098
    2959       2.7693
    2960       2.5294
    2961       2.7035
    2962       2.6954
    2963       2.5251
    2964       2.5668
    2965       2.7435
    2966       2.6875
    2967       2.6440
    2968       2.5807
    2969       2.5929
    2970       2.6502
    2971       2.6712
    2972       2.4794
    2973       2.6643
    2974       2.6549
    2975       2.6891
    2976       2.6741
    2977       2.7404
    2978       2.7662
    2979       2.6750
    2980       2.8158
    2981       2.5971
    2982       2.7811
    2983       2.7906
    2984       2.7990
    2985       2.6045
    2986       2.9375
    2987       2.8390
    2988       2.7400
    2989       2.7331
    2990       2.6515
    2991       2.8192
    2992       2.8119
    2993       2.8356
    2994       2.9140
    2995       2.8051
    2996       2.8088
    2997       2.8411
    2998       2.8404
    2999       2.7562
    3000       2.6540
    3001       2.6926
