0.299166
0.666373
0.982605
1.315184
1.638752
1.954560
2.287089
2.600830
2.947951
3.244815
3.568127
3.882528
4.225347
4.587251
4.936818
5.266759
5.616675
5.966406
6.329929
6.687330
7.036436
7.395687
7.801846
8.161022
8.581266
9.059780
9.508419
9.900920
10.274319
10.661840
11.050807
11.464662
11.851272
12.252639
12.681623
13.130177
13.535603
13.951406
14.345063
14.714612
15.099417
15.497501
15.921807
16.335745
16.704736
17.108460
17.526709
17.905398
18.267099
18.663173
19.053401
19.434944
19.845649
20.320474
20.689700
21.065112
21.455733
21.818113
22.181306
22.612155
23.000893
23.380599
23.796523
24.205376
24.737851
25.213768
25.668005
26.120420
26.579214
27.052451
27.549633
28.029887
28.552753
29.118110
29.585030
30.058974
30.489263
30.917859
31.302043
31.718004
32.076187
32.491255
32.901447
33.297596
33.630317
33.941173
34.302196
34.738379
35.139617
35.567108
35.948452
36.395683
36.756893
37.145587
37.559007
37.895810
38.282257
38.641342
39.001608
39.409328
39.794600
40.136357
40.477504
40.840716
41.236348
41.579223
41.987468
42.355463
42.735953
43.094560
43.484124
43.839677
44.227293
44.616951
45.018522
45.367973
45.766738
46.148688
46.573436
47.004331
47.382763
47.777086
48.093764
48.473965
48.926250
49.328278
49.740837
50.142558
50.510208
50.822689
51.221996
51.604615
52.009542
52.374857
52.734801
53.131389
53.496044
53.863887
54.271047
54.657944
55.089065
55.498669
55.886737
56.242539
56.668551
57.071131
57.466771
57.946308
58.414979
58.841628
59.251933
59.676095
60.085457
60.564836
60.985638
61.414648
61.878453
62.294611
62.729463
63.105437
63.532536
63.916243
64.303422
64.706527
65.075474
65.533529
65.942977
66.351404
66.790505
67.188619
67.600088
68.031025
68.480527
68.892100
69.385036
69.896424
70.397615
70.871756
71.388711
71.818114
72.336317
72.811583
73.268525
73.720958
74.221589
74.732087
75.214895
75.721718
76.183872
76.699399
77.185648
77.754387
78.284023
78.773409
79.236890
79.733507
80.241440
80.789700
81.319709
81.830770
82.351941
82.921863
83.411868
83.815954
84.297022
84.736542
85.179376
85.632363
86.115356
86.553799
87.036620
87.468319
87.933175
88.395893
88.864690
89.346034
89.774239
90.295388
90.757587
91.233888
91.664024
92.115050
92.575966
93.017925
93.487923
93.955616
94.423858
94.895467
95.344637
95.820844
96.249073
96.664232
97.107633
97.591664
98.112376
98.618527
99.110240
99.592937
100.110351
100.720059
101.282672
101.782977
102.273988
102.793424
103.334937
103.824014
104.326627
104.838847
105.355221
105.844126
106.347814
106.806300
107.232501
107.696842
108.175167
108.607410
109.071820
109.497709
109.918269
110.454019
110.946501
111.457408
111.966792
112.477058
112.994858
113.518605
113.961003
114.431102
114.913714
115.331175
115.814919
116.270653
116.752599
117.271372
117.728225
118.227678
118.716521
119.166652
119.662882
120.144050
120.603150
121.063362
121.516328
122.028845
122.508312
122.999725
123.463864
123.933232
124.440737
124.907444
125.389464
125.906481
126.423129
126.888996
127.459231
127.999722
128.578349
129.124265
129.702298
130.269751
130.888420
131.421285
131.928940
132.438923
132.999738
133.498601
133.947747
134.485222
135.060743
135.610749
136.099698
136.541646
137.006913
137.491917
137.954601
138.411840
138.854091
139.290352
139.717770
140.165683
140.603455
141.044329
141.510458
141.975914
142.451235
142.914581
143.315942
143.728912
144.171835
144.628223
145.061723
145.440208
145.842980
146.287266
146.744752
147.206743
147.660893
148.106690
148.508778
148.974998
149.461113
149.895659
150.340732
150.802324
151.297560
151.862364
152.386653
152.893425
153.346421
153.830430
154.240856
154.683160
155.090720
155.600054
156.084378
156.585120
157.025215
157.471001
157.934899
158.543451
158.994915
159.439028
159.911649
160.380370
160.875092
161.384619
161.896439
162.396868
162.830722
163.294355
163.718352
164.186542
164.641085
165.131981
165.602623
166.139234
166.559140
166.981423
167.402689
167.834906
168.258952
168.748237
169.206705
169.665702
170.192809
170.637499
171.137783
171.592734
172.075192
172.471150
172.905301
173.382603
173.911458
174.331434
174.764969
175.217822
175.665861
176.144705
176.598999
177.043638
177.551596
178.021849
178.490759
178.946670
179.394181
179.814881
180.286574
180.710509
181.154511
181.619006
182.076144
182.502005
182.949163
183.405824
183.896681
184.332938
184.773639
185.188914
185.621174
186.052261
186.466760
186.908599
187.349233
187.765240
188.220622
188.683478
189.206951
189.622182
190.107867
190.536043
191.032416
191.474335
191.952801
192.372696
192.828936
193.282918
193.733063
194.185590
194.757430
195.247804
195.742760
196.232003
196.729670
197.265813
197.734304
198.209753
198.651414
199.090268
199.580807
200.085080
200.534928
200.963054
201.486288
201.956988
202.452352
202.979916
203.557266
204.052335
204.612087
205.110373
205.599966
206.204052
206.754500
207.207114
207.716320
208.211841
208.686566
209.155818
209.628121
210.093875
210.608985
211.116987
211.629471
212.089864
212.565646
213.047139
213.530134
213.994575
214.513562
215.001347
215.483649
215.987593
216.426704
216.877333
217.325571
217.815011
218.284649
218.732136
219.186026
219.627316
220.067626
220.514140
220.947353
221.357444
221.773020
222.216635
222.622263
223.037888
223.504507
223.959413
224.450393
224.897890
225.345749
225.742885
226.165707
226.639322
227.095132
227.548972
227.988227
228.397095
228.877223
229.334501
229.792949
230.255629
230.720831
231.216845
231.663771
232.165407
232.641347
233.114791
233.546846
234.022703
234.459428
234.928029
235.393732
235.838194
236.291309
236.770602
237.215425
237.631919
238.103064
238.578384
239.035067
239.454171
239.867910
240.372746
240.813192
241.289209
241.714979
242.193459
242.702704
243.256466
243.835978
244.346747
244.841450
245.333779
245.865941
246.352972
246.789384
247.204265
247.624332
248.047031
248.486423
248.912346
249.463302
249.980804
250.496775
250.987105
251.517743
252.016027
252.505641
253.011063
253.470260
253.906866
254.354610
254.808801
255.253807
255.711829
256.178906
256.685199
257.169253
257.617880
258.172071
258.664123
259.174480
259.679725
260.135623
260.556232
260.942839
261.357510
261.743862
262.144466
262.505785
262.897838
263.291162
263.657357
264.065303
264.466576
264.884676
265.328835
265.826782
266.276648
266.695338
267.152503
267.615091
268.059732
268.510906
268.945257
269.350001
269.770922
270.154372
