#Frame         myrmsd
       1       0.0000
       2       1.0906
       3       1.2594
       4       1.2217
       5       1.4186
       6       1.4728
       7       1.4186
       8       1.3332
       9       1.4045
      10       1.3612
      11       1.4412
      12       1.3139
      13       1.2662
      14       1.5006
      15       1.4077
      16       1.5770
      17       1.4326
      18       1.4751
      19       1.3963
      20       1.4213
      21       1.4453
      22       1.3641
      23       1.3576
      24       1.3927
      25       1.3976
      26       1.3550
      27       1.2525
      28       1.2799
      29       1.3779
      30       1.2990
      31       1.5246
      32       1.5263
      33       1.3317
      34       1.4451
      35       1.3625
      36       1.3941
      37       1.3429
      38       1.4293
      39       1.4294
      40       1.4680
      41       1.5444
      42       1.6596
      43       1.6858
      44       1.6448
      45       1.5298
      46       1.5443
      47       1.5019
      48       1.4648
      49       1.4444
      50       1.4998
      51       1.4148
      52       1.4638
      53       1.4021
      54       1.5093
      55       1.5219
      56       1.5671
      57       1.5389
      58       1.6428
      59       1.5752
      60       1.5194
      61       1.4742
      62       1.6346
      63       1.5157
      64       1.4989
      65       1.5195
      66       1.5126
      67       1.5523
      68       1.4405
      69       1.5631
      70       1.5807
      71       1.6458
      72       1.5491
      73       1.6240
      74       1.5673
      75       1.5042
      76       1.3842
      77       1.3317
      78       1.3535
      79       1.4042
      80       1.3215
      81       1.2905
      82       1.3442
      83       1.3348
      84       1.4177
      85       1.3997
      86       1.2720
      87       1.3461
      88       1.3313
      89       1.3532
      90       1.3044
      91       1.3680
      92       1.2646
      93       1.4113
      94       1.3380
      95       1.2971
      96       1.4426
      97       1.3082
      98       1.2145
      99       1.4418
     100       1.3970
     101       1.2459
     102       1.3766
     103       1.2538
     104       1.3275
     105       1.4152
     106       1.3001
     107       1.2636
     108       1.4922
     109       1.3489
     110       1.3524
     111       1.4713
     112       1.4728
     113       1.4200
     114       1.3993
     115       1.3214
     116       1.3253
     117       1.3946
     118       1.2640
     119       1.5627
     120       1.4652
     121       1.3697
     122       1.5244
     123       1.4998
     124       1.4781
     125       1.5462
     126       1.3684
     127       1.5759
     128       1.3661
     129       1.4544
     130       1.5694
     131       1.4772
     132       1.4831
     133       1.6585
     134       1.6931
     135       1.6470
     136       1.6920
     137       1.7837
     138       1.5957
     139       1.6130
     140       1.5106
     141       1.5555
     142       1.5200
     143       1.5901
     144       1.5519
     145       1.3955
     146       1.5661
     147       1.6396
     148       1.5384
     149       1.4706
     150       1.4183
     151       1.4258
     152       1.6010
     153       1.4971
     154       1.6029
     155       1.5833
     156       1.5607
     157       1.6378
     158       1.5976
     159       1.5831
     160       1.5455
     161       1.4885
     162       1.5393
     163       1.6875
     164       1.4832
     165       1.5067
     166       1.5502
     167       1.5362
     168       1.5324
     169       1.6986
     170       1.7196
     171       1.5722
     172       1.5696
     173       1.4529
     174       1.5064
     175       1.5764
     176       1.4773
     177       1.5619
     178       1.7162
     179       1.5698
     180       1.5892
     181       1.7204
     182       1.6765
     183       1.5023
     184       1.6736
     185       1.6394
     186       1.5323
     187       1.5186
     188       1.6038
     189       1.6709
     190       1.7010
     191       1.5364
     192       1.5568
     193       1.6058
     194       1.6435
     195       1.5591
     196       1.5940
     197       1.5507
     198       1.6968
     199       1.6029
     200       1.4793
     201       1.5772
     202       1.6658
     203       1.6611
     204       1.5564
     205       1.5266
     206       1.5723
     207       1.6789
     208       1.5803
     209       1.5875
     210       1.4878
     211       1.4193
     212       1.4810
     213       1.5299
     214       1.3820
     215       1.5021
     216       1.5217
     217       1.4105
     218       1.4439
     219       1.5503
     220       1.4793
     221       1.4960
     222       1.4676
     223       1.4261
     224       1.4140
     225       1.3439
     226       1.3673
     227       1.3415
     228       1.4798
     229       1.4564
     230       1.3618
     231       1.3585
     232       1.4732
     233       1.3879
     234       1.4072
     235       1.4832
     236       1.4595
     237       1.4621
     238       1.5202
     239       1.5831
     240       1.5296
     241       1.5116
     242       1.6164
     243       1.5332
     244       1.6842
     245       1.5538
     246       1.7214
     247       1.6055
     248       1.4682
     249       1.5192
     250       1.6068
     251       1.4561
     252       1.4223
     253       1.3770
     254       1.4934
     255       1.4645
     256       1.5118
     257       1.5501
     258       1.5364
     259       1.5871
     260       1.4770
     261       1.5277
     262       1.4587
     263       1.5231
     264       1.4107
     265       1.3734
     266       1.4212
     267       1.4964
     268       1.4077
     269       1.4511
     270       1.3557
     271       1.4435
     272       1.4184
     273       1.4621
     274       1.4868
     275       1.4289
     276       1.4877
     277       1.3636
     278       1.4776
     279       1.4952
     280       1.4651
     281       1.5169
     282       1.5090
     283       1.4983
     284       1.5286
     285       1.5002
     286       1.3853
     287       1.4187
     288       1.5334
     289       1.6012
     290       1.5140
     291       1.5180
     292       1.4560
     293       1.4186
     294       1.3930
     295       1.4966
     296       1.4845
     297       1.4477
     298       1.4438
     299       1.4848
     300       1.4001
     301       1.4375
     302       1.6230
     303       1.5802
     304       1.4995
     305       1.4624
     306       1.5149
     307       1.4921
     308       1.4659
     309       1.5745
     310       1.5844
     311       1.5358
     312       1.7264
     313       1.6024
     314       1.5188
     315       1.5395
     316       1.5036
     317       1.4176
     318       1.4139
     319       1.4537
     320       1.2965
     321       1.4113
     322       1.3969
     323       1.5347
     324       1.3694
     325       1.5880
     326       1.4233
     327       1.4807
     328       1.4354
     329       1.4595
     330       1.5108
     331       1.4829
     332       1.5260
     333       1.5017
     334       1.4320
     335       1.3487
     336       1.3405
     337       1.4378
     338       1.5897
     339       1.4197
     340       1.3699
     341       1.4504
     342       1.4190
     343       1.4620
     344       1.5194
     345       1.4401
     346       1.4153
     347       1.4317
     348       1.4773
     349       1.4782
     350       1.4703
     351       1.4965
     352       1.6352
     353       1.5236
     354       1.5477
     355       1.5802
     356       1.5005
     357       1.3854
     358       1.5174
     359       1.5215
     360       1.4990
     361       1.5066
     362       1.5371
     363       1.5210
     364       1.4988
     365       1.4958
     366       1.5091
     367       1.5130
     368       1.5338
     369       1.4525
     370       1.5268
     371       1.4768
     372       1.5133
     373       1.6132
     374       1.4125
     375       1.5156
     376       1.6821
     377       1.4750
     378       1.5429
     379       1.4473
     380       1.4153
     381       1.5792
     382       1.4434
     383       1.4447
     384       1.5880
     385       1.6306
     386       1.5186
     387       1.5088
     388       1.5711
     389       1.5649
     390       1.6567
     391       1.6943
     392       1.6769
     393       1.7955
     394       1.7833
     395       1.7694
     396       1.7751
     397       1.6167
     398       1.7681
     399       1.7538
     400       1.7490
     401       1.7526
     402       1.7732
     403       1.7327
     404       1.8064
     405       1.7003
     406       1.8787
     407       1.8229
     408       1.6921
     409       1.7529
     410       1.6652
     411       1.6850
     412       1.6708
     413       1.6349
     414       1.6052
     415       1.6588
     416       1.6512
     417       1.5995
     418       1.7938
     419       1.6630
     420       1.6954
     421       1.7314
     422       1.7219
     423       1.6702
     424       1.6693
     425       1.6016
     426       1.6825
     427       1.5847
     428       1.7313
     429       1.6312
     430       1.6398
     431       1.5147
     432       1.5559
     433       1.5611
     434       1.6648
     435       1.7384
     436       1.5734
     437       1.7188
     438       1.7944
     439       1.6587
     440       1.8285
     441       1.7324
     442       1.8352
     443       1.6906
     444       1.7187
     445       1.8035
     446       1.8204
     447       1.6193
     448       1.6494
     449       1.6563
     450       1.6314
     451       1.7595
     452       1.6798
     453       1.6850
     454       1.6204
     455       1.6339
     456       1.7035
     457       1.7978
     458       1.7946
     459       1.8285
     460       1.7309
     461       1.7812
     462       1.7941
     463       1.7586
     464       1.6560
     465       1.6444
     466       1.7532
     467       1.7707
     468       1.7768
     469       1.7970
     470       1.7303
     471       1.7690
     472       1.6985
     473       1.6796
     474       1.6250
     475       1.7117
     476       1.6023
     477       1.6162
     478       1.6310
     479       1.5527
     480       1.7404
     481       1.8794
     482       1.8201
     483       1.8057
     484       1.7553
     485       1.7546
     486       1.6241
     487       1.6713
     488       1.7390
     489       1.5999
     490       1.8132
     491       1.6585
     492       1.8718
     493       1.7057
     494       1.7794
     495       1.7960
     496       1.6660
     497       1.7460
     498       1.6603
     499       1.8327
     500       1.6988
     501       1.7928
     502       1.7619
     503       1.7679
     504       1.8513
     505       1.7972
     506       1.8003
     507       1.8091
     508       1.7255
     509       1.8102
     510       1.5359
     511       1.5968
     512       1.6701
     513       1.6469
     514       1.7165
     515       1.8577
     516       1.8446
     517       1.7073
     518       1.8421
     519       1.8055
     520       1.6203
     521       1.5583
     522       1.6908
     523       1.6101
     524       1.6218
     525       1.5932
     526       1.5250
     527       1.4017
     528       1.5382
     529       1.5504
     530       1.7013
     531       1.5358
     532       1.6653
     533       1.4315
     534       1.4792
     535       1.6099
     536       1.5297
     537       1.5519
     538       1.4815
     539       1.4257
     540       1.4144
     541       1.4530
     542       1.4773
     543       1.4321
     544       1.4074
     545       1.6745
     546       1.5539
     547       1.6248
     548       1.7529
     549       1.6827
     550       1.5550
     551       1.7170
     552       1.7138
     553       1.7101
     554       1.6865
     555       1.7780
     556       1.4920
     557       1.5249
     558       1.4323
     559       1.5798
     560       1.7372
     561       1.5882
     562       1.6193
     563       1.6293
     564       1.5282
     565       1.6509
     566       1.6035
     567       1.5674
     568       1.6511
     569       1.5870
     570       1.7549
     571       1.6489
     572       1.7269
     573       1.7230
     574       1.6772
     575       1.7339
     576       1.7448
     577       1.8007
     578       1.7020
     579       1.7369
     580       1.7317
     581       1.8105
     582       1.8503
     583       1.6712
     584       1.7097
     585       1.6407
     586       1.6397
     587       1.6961
     588       1.7262
     589       1.8572
     590       1.8632
     591       1.9389
     592       1.7629
     593       1.6885
     594       1.6504
     595       1.8667
     596       1.7637
     597       1.7639
     598       1.7953
     599       1.7683
     600       1.8285
     601       1.7818
     602       1.9042
     603       1.9957
     604       1.8328
     605       1.7812
     606       1.8487
     607       1.8627
     608       1.9594
     609       1.8781
     610       2.0268
     611       2.0491
     612       1.9856
     613       1.8671
     614       1.9120
     615       1.9345
     616       2.0243
     617       1.8966
     618       1.8637
     619       1.8762
     620       1.8679
     621       1.8321
     622       2.0107
     623       1.9366
     624       1.8537
     625       1.7410
     626       1.8413
     627       2.0089
     628       1.9831
     629       2.1107
     630       1.8644
     631       1.8730
     632       2.0604
     633       1.9132
     634       1.8702
     635       1.8270
     636       1.8584
     637       1.8088
     638       1.8781
     639       1.8992
     640       1.8531
     641       1.8469
     642       1.9857
     643       1.9133
     644       1.9983
     645       1.8007
     646       1.8606
     647       1.9649
     648       2.0423
     649       1.9910
     650       1.9204
     651       1.8835
     652       2.0233
     653       1.9761
     654       1.9815
     655       1.9202
     656       2.1073
     657       1.9599
     658       1.9859
     659       1.9760
     660       1.8380
     661       1.9272
     662       1.9729
     663       2.0028
     664       1.9183
     665       2.0557
     666       2.0663
     667       1.9272
     668       1.9077
     669       1.9410
     670       2.0389
     671       2.0026
     672       1.9425
     673       1.9166
     674       2.1740
     675       1.9193
     676       2.1087
     677       1.9020
     678       2.0279
     679       1.9371
     680       1.8647
     681       1.9572
     682       1.8495
     683       1.9724
     684       2.0416
     685       1.9411
     686       1.9217
     687       1.9494
     688       1.9325
     689       2.0664
     690       1.9339
     691       1.9556
     692       2.0449
     693       1.9870
     694       1.9878
     695       1.8899
     696       1.9113
     697       1.8284
     698       1.8993
     699       1.8890
     700       1.8846
     701       1.8226
     702       1.8750
     703       1.9220
     704       1.9698
     705       1.9234
     706       1.9849
     707       1.7749
     708       1.9413
     709       1.8693
     710       1.9754
     711       1.7488
     712       1.8202
     713       1.8495
     714       1.9438
     715       1.9965
     716       1.8984
     717       1.9855
     718       2.0311
     719       1.7159
     720       1.9838
     721       1.9385
     722       2.0667
     723       2.0710
     724       1.9723
     725       1.9811
     726       1.8837
     727       1.7174
     728       1.8816
     729       2.1043
     730       1.7784
     731       1.8702
     732       1.9349
     733       1.8471
     734       1.7941
     735       1.8981
     736       1.7709
     737       1.8745
     738       1.9166
     739       1.8526
     740       1.8234
     741       1.7709
     742       1.9462
     743       1.8914
     744       1.8451
     745       1.8950
     746       1.8764
     747       1.9822
     748       2.0178
     749       1.8443
     750       1.9532
     751       1.8486
     752       1.7859
     753       2.0065
     754       2.0196
     755       1.8327
     756       1.9582
     757       1.9160
     758       1.8462
     759       1.9979
     760       2.0494
     761       1.9444
     762       1.8890
     763       1.9285
     764       1.7749
     765       1.8118
     766       1.9449
     767       1.8967
     768       1.8992
     769       1.8138
     770       2.0349
     771       1.9507
     772       1.9298
     773       1.8074
     774       1.8549
     775       1.7915
     776       1.7533
     777       1.8613
     778       2.0566
     779       1.8812
     780       1.8185
     781       1.8554
     782       1.8265
     783       1.7765
     784       1.9828
     785       1.7986
     786       1.8402
     787       1.8354
     788       1.8467
     789       1.8483
     790       1.9276
     791       1.7933
     792       1.8097
     793       1.8696
     794       1.7079
     795       1.7877
     796       1.8289
     797       1.7974
     798       1.8778
     799       1.8925
     800       1.8986
     801       1.7235
     802       1.7230
     803       1.7799
     804       1.7903
     805       1.9576
     806       1.9481
     807       1.8841
     808       1.9073
     809       1.7368
     810       1.9088
     811       1.9200
     812       1.7082
     813       1.7143
     814       1.8579
     815       1.7834
     816       1.6780
     817       1.6249
     818       1.8685
     819       1.7434
     820       1.7281
     821       1.7245
     822       1.9126
     823       1.7817
     824       1.9448
     825       1.8128
     826       1.9095
     827       1.9579
     828       1.7791
     829       1.9292
     830       1.8511
     831       1.7770
     832       1.9297
     833       1.8531
     834       1.8384
     835       1.8812
     836       1.7982
     837       2.0124
     838       1.6867
     839       1.8210
     840       1.7587
     841       1.7089
     842       1.7372
     843       1.7441
     844       1.6844
     845       1.7026
     846       1.7232
     847       1.7973
     848       1.7921
     849       1.7057
     850       1.7666
     851       1.7490
     852       1.6820
     853       1.6555
     854       1.7177
     855       1.7507
     856       1.7583
     857       1.8227
     858       1.7628
     859       1.7328
     860       1.7924
     861       1.7957
     862       1.8073
     863       1.8035
     864       1.8124
     865       1.7291
     866       1.6434
     867       1.7746
     868       1.6296
     869       1.7122
     870       1.8703
     871       1.8213
     872       1.6768
     873       1.6966
     874       1.7742
     875       1.6217
     876       1.6886
     877       1.6924
     878       1.5821
     879       1.6483
     880       1.7170
     881       1.6078
     882       1.7947
     883       1.6642
     884       1.7445
     885       1.7092
     886       1.8344
     887       1.7632
     888       1.6578
     889       1.7311
     890       1.7975
     891       1.8907
     892       1.8095
     893       1.6001
     894       1.5963
     895       1.7186
     896       1.5836
     897       1.6691
     898       1.7463
     899       1.7877
     900       1.8117
     901       1.8425
     902       1.7682
     903       1.7369
     904       1.8364
     905       1.6421
     906       1.6569
     907       1.6746
     908       1.6571
     909       1.6385
     910       1.6496
     911       1.6593
     912       1.7761
     913       1.8241
     914       1.7914
     915       1.7743
     916       1.6697
     917       1.7539
     918       1.9012
     919       1.9205
     920       1.8227
     921       1.8749
     922       1.8831
     923       1.7960
     924       1.7018
     925       1.7724
     926       1.8465
     927       1.5689
     928       1.7981
     929       1.6582
     930       1.6739
     931       1.7474
     932       1.7865
     933       1.6986
     934       1.6269
     935       1.6199
     936       1.7066
     937       1.7330
     938       1.7002
     939       1.6374
     940       1.8468
     941       1.8674
     942       1.7594
     943       1.8481
     944       1.8279
     945       1.8729
     946       1.8116
     947       1.8880
     948       1.8245
     949       1.7960
     950       1.8349
     951       1.8240
     952       1.7930
     953       1.8434
     954       1.7835
     955       1.7569
     956       1.8519
     957       1.8973
     958       1.8566
     959       1.7400
     960       1.7675
     961       1.7090
     962       1.6998
     963       1.6290
     964       1.7259
     965       1.6971
     966       1.7223
     967       1.6865
     968       1.7571
     969       1.7330
     970       1.7091
     971       1.7809
     972       1.7755
     973       1.7532
     974       1.8349
     975       1.7250
     976       1.6382
     977       1.6934
     978       1.7557
     979       1.6593
     980       1.7167
     981       1.6287
     982       1.7560
     983       1.6627
     984       1.8832
     985       1.6841
     986       1.8038
     987       1.5729
     988       1.6776
     989       1.7478
     990       1.5054
     991       1.6676
     992       1.6144
     993       1.6426
     994       1.6626
     995       1.6539
     996       1.6614
     997       1.6169
     998       1.6991
     999       1.5182
    1000       1.5566
    1001       1.6966
    1002       1.6183
    1003       1.6772
    1004       1.7581
    1005       1.7041
    1006       1.6584
    1007       1.6721
    1008       1.7025
    1009       1.7621
    1010       1.7161
    1011       1.6574
    1012       1.7143
    1013       1.7873
    1014       1.8190
    1015       1.6659
    1016       1.6317
    1017       1.6599
    1018       1.8201
    1019       1.7069
    1020       1.8087
    1021       1.6929
    1022       1.7733
    1023       1.7681
    1024       1.7562
    1025       1.8579
    1026       1.8325
    1027       1.6526
    1028       1.7735
    1029       1.6441
    1030       1.6798
    1031       1.6556
    1032       1.5493
    1033       1.6290
    1034       1.7318
    1035       1.7412
    1036       1.8206
    1037       1.8323
    1038       1.7761
    1039       1.7957
    1040       1.7175
    1041       1.8483
    1042       1.7275
    1043       1.6028
    1044       1.7032
    1045       1.7052
    1046       1.8520
    1047       1.7379
    1048       1.7745
    1049       1.8579
    1050       1.7910
    1051       1.8747
    1052       1.6953
    1053       1.7523
    1054       1.6635
    1055       1.6962
    1056       1.7386
    1057       1.7793
    1058       2.0241
    1059       1.9242
    1060       1.8943
    1061       1.8584
    1062       1.7939
    1063       1.7777
    1064       1.9985
    1065       1.8838
    1066       1.8853
    1067       1.8161
    1068       1.9511
    1069       1.8708
    1070       1.9793
    1071       1.9110
    1072       1.9110
    1073       1.8411
    1074       1.7818
    1075       1.7133
    1076       1.7538
    1077       1.7785
    1078       1.6571
    1079       1.6918
    1080       1.7146
    1081       1.5953
    1082       1.5625
    1083       1.6838
    1084       1.5881
    1085       1.5978
    1086       1.7018
    1087       1.6747
    1088       1.7488
    1089       1.5706
    1090       1.6205
    1091       1.6245
    1092       1.5250
    1093       1.6208
    1094       1.6592
    1095       1.5346
    1096       1.4749
    1097       1.6201
    1098       1.6814
    1099       1.6645
    1100       1.6156
    1101       1.7836
    1102       1.6957
    1103       1.7024
    1104       1.5903
    1105       1.5867
    1106       1.6971
    1107       1.6369
    1108       1.6125
    1109       1.6886
    1110       1.6631
    1111       1.7302
    1112       1.6776
    1113       1.5931
    1114       1.6229
    1115       1.5844
    1116       1.5370
    1117       1.6288
    1118       1.6365
    1119       1.5859
    1120       1.7146
    1121       1.6502
    1122       1.6863
    1123       1.5570
    1124       1.6517
    1125       1.6895
    1126       1.5155
    1127       1.6084
    1128       1.5541
    1129       1.6195
    1130       1.5382
    1131       1.5468
    1132       1.5275
    1133       1.5320
    1134       1.6037
    1135       1.5285
    1136       1.6487
    1137       1.5630
    1138       1.7352
    1139       1.5960
    1140       1.6108
    1141       1.6003
    1142       1.5910
    1143       1.5271
    1144       1.4984
    1145       1.7650
    1146       1.5473
    1147       1.7392
    1148       1.6192
    1149       1.7798
    1150       1.6201
    1151       1.8181
    1152       1.8411
    1153       1.7508
    1154       1.8741
    1155       1.8738
    1156       1.8552
    1157       1.6696
    1158       1.7666
    1159       1.7800
    1160       1.7308
    1161       1.8309
    1162       1.8383
    1163       1.6834
    1164       1.8510
    1165       1.8085
    1166       1.8738
    1167       1.7800
    1168       1.8612
    1169       1.8154
    1170       1.8169
    1171       1.8259
    1172       1.6861
    1173       1.8189
    1174       1.8958
    1175       1.8954
    1176       1.9621
    1177       1.8266
    1178       1.9266
    1179       2.0183
    1180       1.8686
    1181       1.7073
    1182       1.7402
    1183       1.9042
    1184       1.7988
    1185       1.8222
    1186       1.8325
    1187       1.7647
    1188       1.7146
    1189       1.8002
    1190       1.7648
    1191       1.7904
    1192       1.8839
    1193       1.8913
    1194       1.7277
    1195       1.7528
    1196       1.6743
    1197       1.6725
    1198       1.6352
    1199       1.6704
    1200       1.7068
    1201       1.5951
    1202       1.6319
    1203       1.6896
    1204       1.6766
    1205       1.6062
    1206       1.8022
    1207       1.7119
    1208       1.6278
    1209       1.6108
    1210       1.7451
    1211       1.6187
    1212       1.7123
    1213       1.7215
    1214       1.5664
    1215       1.5517
    1216       1.5588
    1217       1.6839
    1218       1.6924
    1219       1.5553
    1220       1.5584
    1221       1.5661
    1222       1.6040
    1223       1.5675
    1224       1.5895
    1225       1.7197
    1226       1.7292
    1227       1.6659
    1228       1.7763
    1229       1.8110
    1230       1.6204
    1231       1.6111
    1232       1.6467
    1233       1.6989
    1234       1.6252
    1235       1.6969
    1236       1.6271
    1237       1.5811
    1238       1.6208
    1239       1.8495
    1240       1.7028
    1241       1.7117
    1242       1.6783
    1243       1.7744
    1244       1.6459
    1245       1.7153
    1246       1.7763
    1247       1.5442
    1248       1.5936
    1249       1.7610
    1250       1.6600
    1251       1.6385
    1252       1.6060
    1253       1.7194
    1254       1.6975
    1255       1.6476
    1256       1.7738
    1257       1.7774
    1258       1.6600
    1259       1.7254
    1260       1.7279
    1261       1.7094
    1262       1.7266
    1263       1.7585
    1264       1.8873
    1265       1.7434
    1266       1.8945
    1267       1.7501
    1268       1.6806
    1269       1.7468
    1270       1.6311
    1271       1.8267
    1272       1.7980
    1273       1.7106
    1274       1.6190
    1275       1.7025
    1276       1.7423
    1277       1.7617
    1278       1.7241
    1279       1.8633
    1280       1.7881
    1281       1.7842
    1282       1.5327
    1283       1.6683
    1284       1.7866
    1285       1.6331
    1286       1.6733
    1287       1.8437
    1288       1.7147
    1289       1.8331
    1290       1.8099
    1291       1.7509
    1292       1.6503
    1293       1.6665
    1294       1.6207
    1295       1.6326
    1296       1.6238
    1297       1.5697
    1298       1.6818
    1299       1.7323
    1300       1.6544
    1301       1.7543
    1302       1.7039
    1303       1.6832
    1304       1.8210
    1305       1.8909
    1306       1.8520
    1307       1.7333
    1308       1.7559
    1309       1.8273
    1310       1.8710
    1311       1.7799
    1312       1.7979
    1313       1.9381
    1314       1.6714
    1315       1.7832
    1316       1.5898
    1317       1.9065
    1318       1.6319
    1319       1.6200
    1320       1.6666
    1321       1.7862
    1322       1.7477
    1323       1.6980
    1324       1.7683
    1325       1.7204
    1326       1.8059
    1327       1.6491
    1328       1.6292
    1329       1.6941
    1330       1.7344
    1331       1.6759
    1332       1.7102
    1333       1.6954
    1334       1.7438
    1335       1.7768
    1336       1.7977
    1337       1.6585
    1338       1.7709
    1339       1.7969
    1340       1.7687
    1341       1.7598
    1342       1.7700
    1343       1.6737
    1344       1.6113
    1345       1.8118
    1346       1.6274
    1347       1.7201
    1348       1.6360
    1349       1.7200
    1350       1.6850
    1351       1.6518
    1352       1.6739
    1353       1.7411
    1354       1.8300
    1355       1.5809
    1356       1.5774
    1357       1.4794
    1358       1.6137
    1359       1.6747
    1360       1.7547
    1361       1.5893
    1362       1.6348
    1363       1.7258
    1364       1.5876
    1365       1.5687
    1366       1.6411
    1367       1.7168
    1368       1.5400
    1369       1.7077
    1370       1.8145
    1371       1.6199
    1372       1.7941
    1373       1.5898
    1374       1.7004
    1375       1.6748
    1376       1.7391
    1377       1.7844
    1378       1.5795
    1379       1.6367
    1380       1.7109
    1381       1.5843
    1382       1.6167
    1383       1.5745
    1384       1.5618
    1385       1.6100
    1386       1.6187
    1387       1.5193
    1388       1.5352
    1389       1.6041
    1390       1.7280
    1391       1.5485
    1392       1.6037
    1393       1.7644
    1394       1.7180
    1395       1.6655
    1396       1.6297
    1397       1.7053
    1398       1.6254
    1399       1.5688
    1400       1.6372
    1401       1.6230
    1402       1.6445
    1403       1.7017
    1404       1.7253
    1405       1.5611
    1406       1.6725
    1407       1.5208
    1408       1.5081
    1409       1.6774
    1410       1.6687
    1411       1.5864
    1412       1.4840
    1413       1.7396
    1414       1.6328
    1415       1.6382
    1416       1.6943
    1417       1.7047
    1418       1.8112
    1419       1.6337
    1420       1.7044
    1421       1.5755
    1422       1.6279
    1423       1.6180
    1424       1.6636
    1425       1.7804
    1426       1.6843
    1427       1.6574
    1428       1.7558
    1429       1.6149
    1430       1.7098
    1431       1.6825
    1432       1.6215
    1433       1.6097
    1434       1.7120
    1435       1.6577
    1436       1.6827
    1437       1.7069
    1438       1.6244
    1439       1.6988
    1440       1.7318
    1441       1.7214
    1442       1.7216
    1443       1.7495
    1444       1.7603
    1445       1.7542
    1446       1.7128
    1447       1.7235
    1448       1.7631
    1449       1.6745
    1450       1.7877
    1451       1.7489
    1452       1.7574
    1453       1.7915
    1454       1.8056
    1455       1.7377
    1456       1.7733
    1457       1.6692
    1458       1.6589
    1459       1.7359
    1460       1.6657
    1461       1.7023
    1462       1.7377
    1463       1.7044
    1464       1.6189
    1465       1.7763
    1466       1.8287
    1467       1.6480
    1468       1.7796
    1469       1.7221
    1470       1.7519
    1471       1.7121
    1472       1.7457
    1473       1.8200
    1474       1.8220
    1475       1.7837
    1476       1.6686
    1477       1.6590
    1478       1.6698
    1479       1.8058
    1480       1.7290
    1481       1.8515
    1482       1.7314
    1483       1.7277
    1484       1.7568
    1485       1.6786
    1486       1.7242
    1487       1.6812
    1488       1.5538
    1489       1.6963
    1490       1.6941
    1491       1.6324
    1492       1.7014
    1493       1.6913
    1494       1.5367
    1495       1.5770
    1496       1.6782
    1497       1.7248
    1498       1.7601
    1499       1.8145
    1500       1.6166
    1501       1.6608
    1502       1.6269
    1503       1.6405
    1504       1.7068
    1505       1.6173
    1506       1.5491
    1507       1.6832
    1508       1.7409
    1509       1.5974
    1510       1.7423
    1511       1.5567
    1512       1.5863
    1513       1.7052
    1514       1.8185
    1515       1.6986
    1516       1.6381
    1517       1.7853
    1518       1.5839
    1519       1.6964
    1520       1.5133
    1521       1.6131
    1522       1.6881
    1523       1.7345
    1524       1.8143
    1525       1.5747
    1526       1.6836
    1527       1.5821
    1528       1.6002
    1529       1.6330
    1530       1.6317
    1531       1.7620
    1532       1.5397
    1533       1.6096
    1534       1.5704
    1535       1.5994
    1536       1.6838
    1537       1.5991
    1538       1.7098
    1539       1.5948
    1540       1.8558
    1541       1.9195
    1542       1.7054
    1543       1.9652
    1544       1.7447
    1545       1.7168
    1546       1.8191
    1547       1.6604
    1548       1.7972
    1549       1.7886
    1550       1.7996
    1551       1.7747
    1552       1.8484
    1553       1.7139
    1554       1.8253
    1555       1.6457
    1556       1.6860
    1557       1.7473
    1558       1.6571
    1559       1.6915
    1560       1.7298
    1561       1.6066
    1562       1.8243
    1563       1.7477
    1564       1.7259
    1565       1.8985
    1566       1.7934
    1567       1.7109
    1568       1.8046
    1569       1.6222
    1570       1.6911
    1571       1.7306
    1572       1.7795
    1573       1.7494
    1574       1.6793
    1575       1.7197
    1576       1.6472
    1577       1.6284
    1578       1.7752
    1579       1.6589
    1580       1.6894
    1581       1.7939
    1582       1.6252
    1583       1.6055
    1584       1.6084
    1585       1.6862
    1586       1.6630
    1587       1.7431
    1588       1.7809
    1589       1.6829
    1590       1.6239
    1591       1.6446
    1592       1.6217
    1593       1.7285
    1594       1.8148
    1595       1.7199
    1596       1.8229
    1597       1.6999
    1598       1.7366
    1599       1.7434
    1600       1.6791
    1601       1.7404
    1602       1.7818
    1603       1.6435
    1604       1.8140
    1605       1.8523
    1606       1.7813
    1607       1.6438
    1608       1.8359
    1609       1.7602
    1610       1.7834
    1611       1.8499
    1612       1.7571
    1613       1.6419
    1614       1.6681
    1615       1.7740
    1616       1.6476
    1617       1.6665
    1618       1.7394
    1619       1.7297
    1620       1.8398
    1621       1.8798
    1622       1.7668
    1623       1.8102
    1624       1.7145
    1625       1.8368
    1626       1.7053
    1627       1.7692
    1628       1.8044
    1629       1.7106
    1630       1.6734
    1631       1.7349
    1632       1.8071
    1633       1.7712
    1634       1.7487
    1635       1.8205
    1636       1.7399
    1637       1.7813
    1638       1.8211
    1639       1.7229
    1640       1.7124
    1641       1.8247
    1642       1.8190
    1643       1.8313
    1644       1.7872
    1645       1.7437
    1646       1.9535
    1647       1.7683
    1648       1.7473
    1649       1.6770
    1650       1.7528
    1651       1.6746
    1652       1.7991
    1653       1.8316
    1654       1.7127
    1655       1.8134
    1656       1.8800
    1657       1.8009
    1658       1.7356
    1659       1.7619
    1660       1.6557
    1661       1.6474
    1662       1.7606
    1663       1.7797
    1664       1.6892
    1665       1.7611
    1666       1.7434
    1667       1.7498
    1668       1.8406
    1669       1.7844
    1670       1.7915
    1671       1.7796
    1672       1.9042
    1673       1.7622
    1674       1.7373
    1675       1.8327
    1676       1.8735
    1677       1.9110
    1678       1.8069
    1679       1.7739
    1680       1.9128
    1681       2.0394
    1682       1.9075
    1683       1.8067
    1684       1.7977
    1685       1.7901
    1686       1.7362
    1687       1.7412
    1688       1.7729
    1689       1.6976
    1690       1.7521
    1691       1.7677
    1692       1.6387
    1693       1.7974
    1694       1.8879
    1695       1.8050
    1696       1.8275
    1697       1.8388
    1698       1.7414
    1699       1.8734
    1700       1.7856
    1701       1.7319
    1702       1.8198
    1703       1.8565
    1704       1.6145
    1705       1.6665
    1706       1.5745
    1707       1.5320
    1708       1.7175
    1709       1.7001
    1710       1.7508
    1711       1.6573
    1712       1.5983
    1713       1.8663
    1714       1.6797
    1715       1.7227
    1716       1.6745
    1717       1.7510
    1718       1.7653
    1719       1.6971
    1720       1.8723
    1721       1.8190
    1722       1.7630
    1723       1.7611
    1724       1.7932
    1725       1.8675
    1726       1.7102
    1727       1.6739
    1728       1.7483
    1729       1.8601
    1730       1.7279
    1731       1.7848
    1732       1.8450
    1733       1.8120
    1734       1.7991
    1735       1.7158
    1736       1.7927
    1737       1.7024
    1738       1.6938
    1739       1.7336
    1740       1.6756
    1741       1.8570
    1742       1.7674
    1743       1.7990
    1744       1.7322
    1745       1.8403
    1746       1.5980
    1747       1.6786
    1748       1.7778
    1749       1.6059
    1750       1.7023
    1751       1.6475
    1752       1.7685
    1753       1.6284
    1754       1.6196
    1755       1.6788
    1756       1.5984
    1757       1.6814
    1758       1.7743
    1759       1.6564
    1760       1.6637
    1761       1.6674
    1762       1.6509
    1763       1.7040
    1764       1.6673
    1765       1.7405
    1766       1.6569
    1767       1.7659
    1768       1.7466
    1769       1.6690
    1770       1.6884
    1771       1.6570
    1772       1.7147
    1773       1.6689
    1774       1.8426
    1775       1.7745
    1776       1.7294
    1777       1.6440
    1778       1.7000
    1779       1.7996
    1780       1.8571
    1781       1.6928
    1782       1.7096
    1783       1.7328
    1784       1.7246
    1785       1.6481
    1786       1.7497
    1787       1.7446
    1788       1.7956
    1789       1.6509
    1790       1.6669
    1791       1.7982
    1792       1.7759
    1793       1.7927
    1794       1.7287
    1795       1.7654
    1796       1.8021
    1797       1.7768
    1798       1.7522
    1799       1.7441
    1800       1.6976
    1801       1.7715
    1802       1.6879
    1803       1.8486
    1804       1.8220
    1805       1.8368
    1806       1.6760
    1807       1.7233
    1808       1.7778
    1809       1.7230
    1810       1.7227
    1811       1.7015
    1812       1.7416
    1813       1.6901
    1814       1.7372
    1815       1.6485
    1816       1.6853
    1817       1.7855
    1818       1.7452
    1819       1.7120
    1820       1.6768
    1821       1.6764
    1822       1.7645
    1823       1.7688
    1824       1.8343
    1825       1.6829
    1826       1.8001
    1827       1.7546
    1828       1.7716
    1829       1.7164
    1830       1.7367
    1831       1.7050
    1832       1.7875
    1833       1.8472
    1834       1.7593
    1835       1.7709
    1836       1.7495
    1837       1.7296
    1838       1.8572
    1839       1.7316
    1840       1.6790
    1841       1.7117
    1842       1.6698
    1843       1.7225
    1844       1.7424
    1845       1.7661
    1846       1.7565
    1847       1.6093
    1848       1.7078
    1849       1.7704
    1850       1.7471
    1851       1.6506
    1852       1.6413
    1853       1.6499
    1854       1.7093
    1855       1.7621
    1856       1.7216
    1857       1.6675
    1858       1.7211
    1859       1.6878
    1860       1.7573
    1861       1.7125
    1862       1.7113
    1863       1.7735
    1864       1.6804
    1865       1.7239
    1866       1.6233
    1867       1.6643
    1868       1.7064
    1869       1.7321
    1870       1.7307
    1871       1.7044
    1872       1.7333
    1873       1.6533
    1874       1.7890
    1875       1.7192
    1876       1.6170
    1877       1.7486
    1878       1.6389
    1879       1.6862
    1880       1.6917
    1881       1.7392
    1882       1.7974
    1883       1.6740
    1884       1.6432
    1885       1.6655
    1886       1.5309
    1887       1.5445
    1888       1.7128
    1889       1.6548
    1890       1.6911
    1891       1.6207
    1892       1.6381
    1893       1.6597
    1894       1.7544
    1895       1.6961
    1896       1.6773
    1897       1.6666
    1898       1.7273
    1899       1.7051
    1900       1.6698
    1901       1.6185
    1902       1.7334
    1903       1.6871
    1904       1.6757
    1905       1.7112
    1906       1.7788
    1907       1.6366
    1908       1.6958
    1909       1.7091
    1910       1.5848
    1911       1.7146
    1912       1.6944
    1913       1.7373
    1914       1.6612
    1915       1.6855
    1916       1.6358
    1917       1.6225
    1918       1.6500
    1919       1.7569
    1920       1.7354
    1921       1.7051
    1922       1.6395
    1923       1.6902
    1924       1.6911
    1925       1.7196
    1926       1.6968
    1927       1.7167
    1928       1.7886
    1929       1.7008
    1930       1.7188
    1931       1.6608
    1932       1.7168
    1933       1.6796
    1934       1.7030
    1935       1.6580
    1936       1.7398
    1937       1.7316
    1938       1.7219
    1939       1.6393
    1940       1.6754
    1941       1.6353
    1942       1.7418
    1943       1.7478
    1944       1.6997
    1945       1.6804
    1946       1.6604
    1947       1.6172
    1948       1.7130
    1949       1.7109
    1950       1.7642
    1951       1.7762
    1952       1.6997
    1953       1.6380
    1954       1.7048
    1955       1.7482
    1956       1.6702
    1957       1.7094
    1958       1.6247
    1959       1.6821
    1960       1.7242
    1961       1.7897
    1962       1.6823
    1963       1.7094
    1964       1.7053
    1965       1.7230
    1966       1.8041
    1967       1.8873
    1968       1.8741
    1969       1.7917
    1970       1.9249
    1971       1.7232
    1972       1.7200
    1973       1.6854
    1974       1.7392
    1975       1.5995
    1976       1.5693
    1977       1.8127
    1978       1.7233
    1979       1.7233
    1980       1.7263
    1981       1.6643
    1982       1.6957
    1983       1.7852
    1984       1.7165
    1985       1.7403
    1986       1.8186
    1987       1.7066
    1988       1.7017
    1989       1.6350
    1990       1.6536
    1991       1.6946
    1992       1.8930
    1993       1.7581
    1994       1.6189
    1995       1.7103
    1996       1.7809
    1997       1.7401
    1998       1.7354
    1999       1.7599
    2000       1.7855
    2001       1.8430
    2002       1.7598
    2003       1.7375
    2004       1.6742
    2005       1.7470
    2006       1.7469
    2007       1.6626
    2008       1.6883
    2009       1.7206
    2010       1.7708
    2011       1.7036
    2012       1.6716
    2013       1.6219
    2014       1.6007
    2015       1.7675
    2016       1.7203
    2017       1.7909
    2018       1.7852
    2019       1.7285
    2020       1.8223
    2021       1.7401
    2022       1.8411
    2023       1.7863
    2024       1.7788
    2025       1.7330
    2026       1.7951
    2027       1.7501
    2028       1.8534
    2029       1.8489
    2030       1.8312
    2031       1.7666
    2032       1.8630
    2033       1.7989
    2034       1.7320
    2035       1.7697
    2036       1.7415
    2037       1.7991
    2038       1.8298
    2039       1.8044
    2040       1.8560
    2041       1.9182
    2042       1.8469
    2043       1.8504
    2044       1.8557
    2045       1.7359
    2046       1.8318
    2047       1.9444
    2048       1.8521
    2049       1.8142
    2050       1.8817
    2051       1.7463
    2052       1.8957
    2053       1.8194
    2054       1.7968
    2055       1.8356
    2056       1.7804
    2057       1.7171
    2058       1.7602
    2059       1.8376
    2060       1.7531
    2061       1.7040
    2062       1.7872
    2063       1.8290
    2064       1.7077
    2065       1.7414
    2066       1.7817
    2067       1.7758
    2068       1.6907
    2069       1.7399
    2070       1.8296
    2071       1.7567
    2072       1.7872
    2073       1.8156
    2074       1.7938
    2075       1.7904
    2076       1.7419
    2077       1.7006
    2078       1.8741
    2079       1.8505
    2080       1.7850
    2081       1.8390
    2082       1.8246
    2083       1.7778
    2084       1.8563
    2085       1.8274
    2086       1.7692
    2087       1.8916
    2088       1.7804
    2089       1.7770
    2090       1.7753
    2091       1.8470
    2092       1.7261
    2093       1.7825
    2094       1.8319
    2095       1.8619
    2096       1.8097
    2097       1.8401
    2098       1.7477
    2099       1.9190
    2100       1.7650
    2101       1.7486
    2102       1.8780
    2103       1.8310
    2104       1.8265
    2105       1.9034
    2106       1.7164
    2107       1.7577
    2108       1.8965
    2109       1.9581
    2110       1.8182
    2111       1.8983
    2112       1.8776
    2113       1.6620
    2114       1.7642
    2115       1.7342
    2116       1.7128
    2117       1.7771
    2118       1.7625
    2119       1.7438
    2120       1.8092
    2121       1.7528
    2122       1.8657
    2123       1.8424
    2124       1.8403
    2125       1.8341
    2126       1.8567
    2127       1.8196
    2128       1.7551
    2129       1.7719
    2130       1.7589
    2131       1.8841
    2132       1.9294
    2133       1.8857
    2134       1.7830
    2135       1.8547
    2136       1.7578
    2137       1.6948
    2138       1.8716
    2139       1.6671
    2140       1.7797
    2141       1.8652
    2142       1.6329
    2143       1.8557
    2144       1.7959
    2145       1.7754
    2146       1.8158
    2147       1.7858
    2148       1.8192
    2149       1.8317
    2150       1.7596
    2151       1.7908
    2152       1.7583
    2153       1.7549
    2154       1.8240
    2155       1.8013
    2156       1.8715
    2157       1.7525
    2158       1.7527
    2159       1.8642
    2160       1.7107
    2161       1.9005
    2162       1.7544
    2163       1.7809
    2164       1.6855
    2165       1.6801
    2166       1.7684
    2167       1.7394
    2168       1.7645
    2169       1.8137
    2170       1.7352
    2171       1.7817
    2172       1.8782
    2173       1.6451
    2174       1.7527
    2175       1.7023
    2176       1.6609
    2177       1.6712
    2178       1.6670
    2179       1.7251
    2180       1.7254
    2181       1.7070
    2182       1.6514
    2183       1.7359
    2184       1.8291
    2185       1.8365
    2186       1.7328
    2187       1.7585
    2188       1.7354
    2189       1.7139
    2190       1.7454
    2191       1.8087
    2192       1.7805
    2193       1.8050
    2194       1.7388
    2195       1.7733
    2196       1.8299
    2197       1.6988
    2198       1.7577
    2199       1.8194
    2200       1.6665
    2201       1.8018
    2202       1.7224
    2203       1.8113
    2204       1.6609
    2205       1.8204
    2206       1.7724
    2207       1.8273
    2208       2.0591
    2209       1.8309
    2210       1.8267
    2211       1.8709
    2212       1.8556
    2213       1.8774
    2214       1.8488
    2215       1.7438
    2216       1.8347
    2217       1.8437
    2218       1.7209
    2219       1.7228
    2220       1.5927
    2221       1.8568
    2222       1.8015
    2223       1.7997
    2224       1.7568
    2225       1.8287
    2226       1.8517
    2227       1.8897
    2228       1.8751
    2229       1.7836
    2230       1.7930
    2231       1.9099
    2232       1.8289
    2233       1.7930
    2234       1.7765
    2235       1.9208
    2236       1.7636
    2237       1.8445
    2238       1.8459
    2239       1.8167
    2240       1.7499
    2241       1.7768
    2242       1.9067
    2243       1.7233
    2244       1.8178
    2245       1.7496
    2246       1.7164
    2247       1.8207
    2248       1.8455
    2249       1.8038
    2250       1.7423
    2251       1.8784
    2252       1.9093
    2253       1.8145
    2254       1.7989
    2255       1.8442
    2256       1.8148
    2257       1.8935
    2258       1.8229
    2259       1.8927
    2260       1.8657
    2261       1.8089
    2262       1.7719
    2263       1.7874
    2264       1.8584
    2265       1.7464
    2266       1.7537
    2267       1.7552
    2268       1.7838
    2269       1.7903
    2270       1.8374
    2271       1.9196
    2272       1.7577
    2273       1.8084
    2274       1.7781
    2275       1.7613
    2276       1.7180
    2277       1.7713
    2278       1.8140
    2279       1.7850
    2280       1.8036
    2281       1.8406
    2282       1.7581
    2283       1.9329
    2284       1.7516
    2285       1.8574
    2286       1.7976
    2287       1.6795
    2288       1.7007
    2289       1.5923
    2290       1.6226
    2291       1.5671
    2292       1.7612
    2293       1.7373
    2294       1.6772
    2295       1.6472
    2296       1.6807
    2297       1.7950
    2298       1.6094
    2299       1.5766
    2300       1.6048
    2301       1.5934
    2302       1.6597
    2303       1.6582
    2304       1.6718
    2305       1.5683
    2306       1.6658
    2307       1.6056
    2308       1.6320
    2309       1.7137
    2310       1.6019
    2311       1.5901
    2312       1.6353
    2313       1.8039
    2314       1.7668
    2315       1.6468
    2316       1.7092
    2317       1.5919
    2318       1.6569
    2319       1.6019
    2320       1.6294
    2321       1.6209
    2322       1.7233
    2323       1.6632
    2324       1.6653
    2325       1.7302
    2326       1.7240
    2327       1.6276
    2328       1.6602
    2329       1.6870
    2330       1.6758
    2331       1.6557
    2332       1.6469
    2333       1.6988
    2334       1.7481
    2335       1.7150
    2336       1.6023
    2337       1.6582
    2338       1.6967
    2339       1.7420
    2340       1.7927
    2341       1.6885
    2342       1.6337
    2343       1.6778
    2344       1.6795
    2345       1.6099
    2346       1.6840
    2347       1.7605
    2348       1.6393
    2349       1.7023
    2350       1.6890
    2351       1.6925
    2352       1.6838
    2353       1.6698
    2354       1.6236
    2355       1.6451
    2356       1.6110
    2357       1.6964
    2358       1.7906
    2359       1.7911
    2360       1.7067
    2361       1.7196
    2362       1.7135
    2363       1.7210
    2364       1.7558
    2365       1.6714
    2366       1.6866
    2367       1.7180
    2368       1.7294
    2369       1.6895
    2370       1.7772
    2371       1.6659
    2372       1.7225
    2373       1.6779
    2374       1.6936
    2375       1.7085
    2376       1.6958
    2377       1.7659
    2378       1.6643
    2379       1.8303
    2380       1.7293
    2381       1.6629
    2382       1.7276
    2383       1.7669
    2384       1.6808
    2385       1.7325
    2386       1.6697
    2387       1.7667
    2388       1.7140
    2389       1.6780
    2390       1.6647
    2391       1.7224
    2392       1.7209
    2393       1.7071
    2394       1.8033
    2395       1.7087
    2396       1.7508
    2397       1.8886
    2398       1.7476
    2399       1.6789
    2400       1.7252
    2401       1.7928
    2402       1.6716
    2403       1.8371
    2404       1.7907
    2405       1.7346
    2406       1.7265
    2407       1.6913
    2408       1.7558
    2409       1.8127
    2410       1.7744
    2411       1.8588
    2412       1.7907
    2413       1.7387
    2414       1.7456
    2415       1.6631
    2416       1.7133
    2417       1.7212
    2418       1.7814
    2419       1.8118
    2420       1.6927
    2421       1.7225
    2422       1.8224
    2423       1.8064
    2424       1.7496
    2425       1.7696
    2426       1.7246
    2427       1.7943
    2428       1.7005
    2429       1.7982
    2430       1.8192
    2431       1.8200
    2432       1.7997
    2433       1.8521
    2434       1.7834
    2435       1.7311
    2436       1.7251
    2437       1.7409
    2438       1.8832
    2439       1.8097
    2440       1.7551
    2441       1.7412
    2442       1.8908
    2443       1.8752
    2444       1.7027
    2445       1.7152
    2446       1.7008
    2447       1.7138
    2448       1.7701
    2449       1.6832
    2450       1.7304
    2451       1.6230
    2452       1.7667
    2453       1.7994
    2454       1.7602
    2455       1.7739
    2456       1.7796
    2457       1.7621
    2458       1.8446
    2459       1.8084
    2460       1.7945
    2461       1.8290
    2462       1.7833
    2463       1.7390
    2464       1.8170
    2465       1.8200
    2466       1.7814
    2467       1.7448
    2468       1.7734
    2469       1.8470
    2470       1.7822
    2471       1.9031
    2472       1.7426
    2473       1.7833
    2474       1.7053
    2475       1.8106
    2476       1.7796
    2477       1.7719
    2478       1.7694
    2479       1.7600
    2480       1.7660
    2481       1.7535
    2482       1.7368
    2483       1.7918
    2484       1.7649
    2485       1.6955
    2486       1.6726
    2487       1.6904
    2488       1.6371
    2489       1.6531
    2490       1.7107
    2491       1.6435
    2492       1.7525
    2493       1.6917
    2494       1.7327
    2495       1.8384
    2496       1.7160
    2497       1.6652
    2498       1.6178
    2499       1.7319
    2500       1.7182
    2501       1.7820
    2502       1.6997
    2503       1.8228
    2504       1.7042
    2505       1.7353
    2506       1.6566
    2507       1.7624
    2508       1.7382
    2509       1.7956
    2510       1.7212
    2511       1.7097
    2512       1.7055
    2513       1.6780
    2514       1.8238
    2515       1.8778
    2516       1.7526
    2517       1.7928
    2518       1.7989
    2519       1.7351
    2520       1.7933
    2521       1.7561
    2522       1.7551
    2523       1.7766
    2524       1.7043
    2525       1.6800
    2526       1.7970
    2527       1.7572
    2528       1.7950
    2529       1.6955
    2530       1.8015
    2531       1.8818
    2532       1.8316
    2533       1.7877
    2534       1.7399
    2535       1.7044
    2536       1.7124
    2537       1.7501
    2538       1.7834
    2539       1.6968
    2540       1.8330
    2541       1.8178
    2542       1.7942
    2543       1.6401
    2544       1.7799
    2545       1.8326
    2546       1.7959
    2547       1.8028
    2548       1.8528
    2549       1.8088
    2550       1.8418
    2551       1.7816
    2552       1.7944
    2553       1.8392
    2554       1.7878
    2555       1.7275
    2556       1.7148
    2557       1.6596
    2558       1.7945
    2559       1.7317
    2560       1.6952
    2561       1.8719
    2562       1.8169
    2563       1.8517
    2564       1.7310
    2565       1.8367
    2566       1.8598
    2567       1.7990
    2568       1.7624
    2569       1.7735
    2570       1.7322
    2571       1.8218
    2572       1.7972
    2573       1.8320
    2574       1.8386
    2575       1.7675
    2576       1.8559
    2577       1.7530
    2578       1.8233
    2579       1.8162
    2580       1.7889
    2581       1.7797
    2582       1.7621
    2583       1.8837
    2584       1.7534
    2585       1.7865
    2586       1.8642
    2587       1.8559
    2588       1.8883
    2589       1.8393
    2590       1.8677
    2591       1.7898
    2592       1.8175
    2593       1.8328
    2594       1.7701
    2595       1.8079
    2596       1.7600
    2597       1.7963
    2598       1.8171
    2599       1.8105
    2600       1.7713
    2601       1.8073
    2602       1.7394
    2603       1.8603
    2604       1.8491
    2605       1.7168
    2606       1.7973
    2607       1.7700
    2608       1.7726
    2609       1.8422
    2610       1.7924
    2611       1.7899
    2612       1.8017
    2613       1.8986
    2614       1.7147
    2615       1.8004
    2616       1.8857
    2617       1.8333
    2618       1.8090
    2619       1.7698
    2620       1.7532
    2621       1.8326
    2622       1.6865
    2623       1.8162
    2624       1.8180
    2625       1.9398
    2626       1.8014
    2627       1.8326
    2628       1.8697
    2629       1.8464
    2630       1.7905
    2631       1.7808
    2632       1.7296
    2633       1.8322
    2634       1.8279
    2635       1.7371
    2636       1.8558
    2637       1.7960
    2638       1.7592
    2639       1.8220
    2640       1.8429
    2641       1.8010
    2642       1.8163
    2643       1.8621
    2644       1.7556
    2645       1.8393
    2646       1.7346
    2647       1.8224
    2648       1.7230
    2649       1.8138
    2650       1.7537
    2651       1.7776
    2652       1.7746
    2653       1.7480
    2654       1.8095
    2655       1.8099
    2656       1.7835
    2657       1.8721
    2658       1.8124
    2659       1.7827
    2660       1.7821
    2661       1.7069
    2662       1.7369
    2663       1.8461
    2664       1.8053
    2665       1.7646
    2666       1.8025
    2667       1.6917
    2668       1.7130
    2669       1.8381
    2670       1.7293
    2671       1.7414
    2672       1.7994
    2673       1.8334
    2674       1.8334
    2675       1.7716
    2676       1.8289
    2677       1.8166
    2678       1.8153
    2679       1.7820
    2680       1.8511
    2681       1.9177
    2682       1.8767
    2683       1.8784
    2684       1.7889
    2685       1.7757
    2686       1.7437
    2687       1.8603
    2688       1.9159
    2689       1.9253
    2690       1.9613
    2691       1.9333
    2692       1.9423
    2693       1.9654
    2694       1.9080
    2695       1.9847
    2696       1.9814
    2697       1.9202
    2698       1.7970
    2699       1.9081
    2700       1.8473
    2701       1.6854
    2702       1.7753
    2703       2.0033
    2704       1.9102
    2705       1.8777
    2706       1.8501
    2707       1.7731
    2708       1.9170
    2709       1.8750
    2710       1.8480
    2711       1.8620
    2712       1.6946
    2713       1.7904
    2714       1.7464
    2715       1.8043
    2716       1.7773
    2717       1.8778
    2718       1.7645
    2719       1.7882
    2720       1.9275
    2721       1.9120
    2722       1.8412
    2723       1.7691
    2724       1.8484
    2725       1.8081
    2726       1.8723
    2727       1.8910
    2728       1.8167
    2729       1.8302
    2730       1.8813
    2731       1.7333
    2732       1.7721
    2733       1.8422
    2734       1.8646
    2735       1.8054
    2736       1.7737
    2737       1.7682
    2738       1.8927
    2739       1.7720
    2740       1.8331
    2741       1.7415
    2742       1.7758
    2743       1.8896
    2744       1.8756
    2745       1.8285
    2746       1.7262
    2747       1.8227
    2748       1.7715
    2749       1.7695
    2750       1.7963
    2751       1.7141
    2752       1.7126
    2753       1.7344
    2754       1.7522
    2755       1.7332
    2756       1.7775
    2757       1.7887
    2758       1.7072
    2759       1.6794
    2760       1.7249
    2761       1.7301
    2762       1.7628
    2763       1.8247
    2764       1.7383
    2765       1.8395
    2766       1.7713
    2767       1.8895
    2768       1.8177
    2769       1.8756
    2770       1.7559
    2771       1.7625
    2772       1.7470
    2773       1.8027
    2774       1.8385
    2775       1.7524
    2776       1.7836
    2777       1.8016
    2778       1.7951
    2779       1.7553
    2780       1.7176
    2781       1.7331
    2782       1.8085
    2783       1.7315
    2784       1.8401
    2785       1.9081
    2786       1.8785
    2787       1.9074
    2788       1.8118
    2789       1.7270
    2790       1.8940
    2791       1.8619
    2792       1.7659
    2793       1.8618
    2794       1.8507
    2795       1.7351
    2796       1.7421
    2797       1.7787
    2798       1.8413
    2799       1.8142
    2800       1.7596
    2801       1.8206
    2802       1.7321
    2803       1.7014
    2804       1.7672
    2805       1.8523
    2806       1.7565
    2807       1.7722
    2808       1.8288
    2809       1.7391
    2810       1.7922
    2811       1.8065
    2812       1.8682
    2813       1.8895
    2814       1.6858
    2815       1.7014
    2816       1.8525
    2817       1.7792
    2818       1.7662
    2819       1.7484
    2820       1.7464
    2821       1.6292
    2822       1.7587
    2823       1.6977
    2824       1.7171
    2825       1.7528
    2826       1.7841
    2827       1.7157
    2828       1.7233
    2829       1.7516
    2830       1.6311
    2831       1.7552
    2832       1.7152
    2833       1.7534
    2834       1.7443
    2835       1.7570
    2836       1.6969
    2837       1.7107
    2838       1.7525
    2839       1.7478
    2840       1.7087
    2841       1.7844
    2842       1.8796
    2843       1.7830
    2844       1.7594
    2845       1.7698
    2846       1.8056
    2847       1.8582
    2848       1.7489
    2849       1.8486
    2850       1.8013
    2851       1.7917
    2852       1.7628
    2853       1.6950
    2854       1.6750
    2855       1.7061
    2856       1.8122
    2857       1.8606
    2858       1.8590
    2859       1.7409
    2860       1.8383
    2861       1.8160
    2862       1.7404
    2863       1.7300
    2864       1.7447
    2865       1.7572
    2866       1.8507
    2867       1.8105
    2868       1.8369
    2869       1.7778
    2870       1.7299
    2871       1.7935
    2872       1.7998
    2873       1.7590
    2874       1.7444
    2875       1.8553
    2876       1.8800
    2877       1.7841
    2878       1.8502
    2879       1.7403
    2880       1.8047
    2881       1.8686
    2882       1.8399
    2883       1.7662
    2884       1.8099
    2885       1.7556
    2886       1.8888
    2887       1.8096
    2888       1.8062
    2889       1.7624
    2890       1.8757
    2891       1.7613
    2892       1.7282
    2893       1.8458
    2894       1.7808
    2895       1.7964
    2896       1.7506
    2897       1.8139
    2898       1.9541
    2899       1.8364
    2900       1.7492
    2901       1.9274
    2902       1.8558
    2903       1.7634
    2904       1.9033
    2905       1.8272
    2906       1.9311
    2907       1.7755
    2908       1.8449
    2909       1.7942
    2910       1.7033
    2911       1.9259
    2912       1.8503
    2913       1.8351
    2914       1.8101
    2915       1.7916
    2916       1.8476
    2917       1.9212
    2918       1.9206
    2919       1.7845
    2920       1.7329
    2921       1.7222
    2922       1.8448
    2923       1.7693
    2924       1.8484
    2925       1.8394
    2926       1.8988
    2927       1.8134
    2928       1.7331
    2929       1.7287
    2930       1.8451
    2931       1.8440
    2932       1.8370
    2933       1.8427
    2934       2.0952
    2935       1.8173
    2936       1.7887
    2937       1.7026
    2938       1.7833
    2939       1.8146
    2940       1.9305
    2941       1.7102
    2942       1.7807
    2943       1.7426
    2944       1.9307
    2945       1.8725
    2946       1.9622
    2947       1.8321
    2948       1.8834
    2949       1.8604
    2950       1.8629
    2951       1.9017
    2952       1.8432
    2953       1.7989
    2954       1.9261
    2955       1.7960
    2956       1.8019
    2957       1.8290
    2958       1.8253
    2959       1.7602
    2960       1.6196
    2961       1.6916
    2962       1.7139
    2963       1.6720
    2964       1.6713
    2965       1.8044
    2966       1.8376
    2967       1.7215
    2968       1.8426
    2969       1.6910
    2970       1.7356
    2971       1.6417
    2972       1.6101
    2973       1.6704
    2974       1.7221
    2975       1.6528
    2976       1.6756
    2977       1.9183
    2978       1.9293
    2979       1.7731
    2980       1.8145
    2981       1.7573
    2982       1.7381
    2983       1.7870
    2984       1.7142
    2985       1.7749
    2986       1.7935
    2987       1.7453
    2988       1.8041
    2989       1.7201
    2990       1.7460
    2991       1.6290
    2992       1.7232
    2993       1.6978
    2994       1.7623
    2995       1.6860
    2996       1.7111
    2997       1.7286
    2998       1.6372
    2999       1.6720
    3000       1.6319
    3001       1.6787
