0.198973
0.407211
0.624043
0.830883
1.072470
1.339055
1.620598
1.910218
2.213120
2.465301
2.708567
2.954204
3.187671
3.411529
3.653888
3.924517
4.180791
4.431231
4.731633
4.982028
5.288326
5.589414
5.889362
6.168237
6.488371
6.764687
7.026463
7.345508
7.623797
7.891780
8.250255
8.561606
8.835807
9.111253
9.373005
9.698498
10.037327
10.330846
10.633973
10.957898
11.269561
11.625022
12.150875
12.539696
12.813800
13.153027
13.545721
13.893635
14.193288
14.472451
14.760233
15.037308
15.304005
15.579738
15.835178
16.104699
16.413769
16.705966
16.977840
17.332046
17.657682
18.016533
18.342086
18.632237
18.947426
19.251670
19.654326
20.023287
20.310407
20.625668
20.913792
21.297202
21.663189
21.963664
22.366406
22.727099
23.132071
23.444331
23.759717
24.052147
24.449935
24.778902
25.105373
25.443551
25.838792
26.200485
26.536786
27.008423
27.398738
27.820553
28.252986
28.598934
29.050324
29.464008
29.814024
30.137160
30.427268
30.725290
31.019348
31.298265
31.592442
31.917860
32.233266
32.542537
32.903820
33.196406
33.509341
33.847939
34.207968
34.659701
35.031420
35.461625
35.850375
36.216615
36.575204
37.002984
37.451745
37.851674
38.270907
38.705253
39.091989
39.440005
39.791363
40.176205
40.560624
40.933176
41.353105
41.777136
42.210731
42.647670
42.999549
43.384901
43.798787
44.212657
44.650301
45.009994
45.394523
45.771241
46.116294
46.452059
46.811855
47.202007
47.585628
47.976684
48.361861
48.745633
49.136886
49.527652
49.923532
50.291619
50.662143
51.053763
51.444321
51.837491
52.244077
52.639970
53.014095
53.404711
53.801440
54.206270
54.616574
54.996245
55.368672
55.765185
56.198146
56.609624
57.007359
57.415158
57.805721
58.233795
58.648981
59.026429
59.412009
59.815389
60.216956
60.608860
60.998633
61.420053
61.817066
62.209476
62.628170
63.028437
63.436482
63.849713
64.210647
64.597279
65.017183
65.415069
65.838355
66.252987
66.661399
67.089103
67.502532
67.877429
68.290991
68.729486
69.180943
69.598269
70.053580
70.472269
70.854744
71.272526
71.673238
72.079901
72.494258
72.884337
73.281062
73.686123
74.089715
74.496338
74.881950
75.305667
75.698973
76.065654
76.524253
76.994249
77.512120
77.957621
78.417537
78.824461
79.205184
79.646209
80.112757
80.594559
81.002936
81.452310
81.886970
82.299249
82.711835
83.155888
83.540230
83.947129
84.319494
84.715690
85.133956
85.542235
85.925692
86.347115
86.772287
87.169659
87.570598
87.921618
88.285832
88.704995
89.044483
89.413255
89.791917
90.207845
90.615808
91.012640
91.389502
91.777143
92.176446
92.581087
92.946449
93.344528
93.749987
94.156587
94.607288
94.999962
95.413743
95.838015
96.240559
96.648182
97.028515
97.381557
97.787537
98.182219
98.586823
98.954192
99.317727
99.717598
100.093669
100.506212
100.878716
101.288107
101.688079
102.047935
102.476197
102.880847
103.315763
103.712700
104.160969
104.596077
105.008744
105.395946
105.803007
106.214154
106.597950
106.990122
107.426867
107.869708
108.272802
108.688659
109.072769
109.494873
109.902237
110.313820
110.719855
111.162188
111.596375
112.026650
112.473645
112.904058
113.314928
113.735383
114.119650
114.570676
115.013552
115.447040
115.868387
116.323891
116.720880
117.131036
117.531883
117.950374
118.359646
118.823650
119.269312
119.733112
120.163522
120.574055
120.992265
121.418379
121.915500
122.343719
122.785269
123.174049
123.595400
124.064963
124.473851
124.894303
125.341340
125.729948
126.126285
126.527461
126.949376
127.346648
127.765504
128.183444
128.614602
129.052189
129.461093
129.879712
130.304022
130.709729
131.114736
131.514937
131.915882
132.301635
132.706752
133.093278
133.486736
133.863358
134.248943
134.674287
135.103819
135.490410
135.882085
136.264699
136.668457
137.032324
137.429854
137.837055
138.183455
138.587731
138.974319
139.357576
139.707055
140.073576
140.442481
140.818822
141.211769
141.689522
142.104633
142.456839
142.831064
143.178154
143.549013
143.977932
144.336466
144.732306
145.145829
145.572703
146.011189
146.432517
146.851473
147.231037
147.646616
148.030400
148.400004
148.804262
149.222114
149.613002
149.984395
150.408093
150.791557
151.211368
151.651604
152.129808
152.573183
152.998167
153.392512
153.784532
154.131458
154.465363
154.730106
155.030464
155.374042
155.758888
156.144206
156.544283
156.929784
157.333896
157.746825
158.175043
158.606413
159.011744
159.410857
159.815183
160.252478
160.633528
161.038775
161.446992
161.816461
162.238982
162.657096
163.082729
163.533207
163.927284
164.322606
164.781723
165.185024
165.605449
166.054521
166.429320
166.881173
167.251578
167.615771
167.934560
168.272817
168.587287
168.886605
169.221498
169.519786
169.840475
170.169076
170.534282
170.913900
171.296279
171.712461
172.076846
172.459658
172.947083
173.363141
173.756459
174.149533
174.460946
174.804930
175.164954
175.481601
175.778814
176.077644
176.355204
176.709116
177.081081
177.467264
177.825682
178.202320
178.555413
178.977482
179.409496
179.805286
180.253611
180.629043
181.000583
181.359051
181.718346
182.034264
182.419297
182.820669
183.199154
183.566231
183.878685
184.159823
184.472410
184.760874
185.055107
185.305415
185.608748
185.888803
186.145637
186.433762
186.849907
187.118675
187.405029
187.690215
187.965628
188.283172
188.588568
188.915924
189.213292
189.520989
189.809253
190.085334
190.490031
190.811501
191.079928
191.463383
191.844524
192.139041
192.528754
192.969968
193.415203
193.852053
194.225137
194.647206
195.068614
195.458804
195.849866
196.246845
196.636502
197.002938
197.396301
197.734101
198.128431
198.527281
198.920809
199.309232
199.703572
200.076025
200.496246
200.870382
201.253771
201.609219
202.018806
202.412731
202.848762
203.292375
203.700042
204.101949
204.528379
204.919924
205.336581
205.725301
206.124964
206.497452
206.856706
207.258338
207.635275
207.981857
208.358130
208.767953
209.136086
209.540006
209.920426
210.298184
210.675522
211.054938
211.405004
211.786446
212.151436
212.528090
212.900136
213.267179
213.669362
214.057679
214.440240
214.815636
215.217500
215.606503
216.001088
216.387346
216.765390
217.097845
217.466025
217.907067
218.311960
218.713913
219.108725
219.523123
219.946206
220.351935
220.780493
221.199392
221.626836
222.013506
222.427887
222.856123
223.237011
223.627675
224.041905
224.459226
224.870149
225.230381
225.635457
226.033795
226.467880
226.893343
227.293469
227.677737
