#Frame         myrmsd
       1       0.0000
       2       1.1828
       3       1.2637
       4       1.1768
       5       1.4090
       6       1.3973
       7       1.2801
       8       1.2086
       9       1.1200
      10       1.3443
      11       1.2838
      12       1.4712
      13       1.4635
      14       1.4078
      15       1.5161
      16       1.4437
      17       1.3407
      18       1.7648
      19       1.4593
      20       1.5061
      21       1.5477
      22       1.3211
      23       1.2218
      24       1.4427
      25       1.1203
      26       1.3044
      27       1.2900
      28       1.1874
      29       1.0588
      30       1.2093
      31       1.2013
      32       1.1858
      33       1.3774
      34       1.2734
      35       1.2527
      36       1.2284
      37       1.1442
      38       1.2221
      39       1.3121
      40       1.4804
      41       1.1567
      42       0.9592
      43       1.1298
      44       1.3202
      45       1.2761
      46       1.2652
      47       1.1976
      48       1.1721
      49       1.2329
      50       1.1537
      51       1.0517
      52       1.2337
      53       1.1945
      54       1.2169
      55       1.2518
      56       1.3472
      57       1.1661
      58       1.3453
      59       1.2620
      60       1.2229
      61       1.2917
      62       1.1061
      63       1.1306
      64       1.2283
      65       1.2608
      66       1.1864
      67       1.3797
      68       1.1719
      69       1.2344
      70       1.2305
      71       1.2869
      72       1.3746
      73       1.2459
      74       1.2387
      75       1.2822
      76       1.4505
      77       1.3220
      78       1.4074
      79       1.2730
      80       1.3851
      81       1.2715
      82       1.2619
      83       1.1041
      84       1.3514
      85       1.2999
      86       1.2131
      87       1.1978
      88       1.2274
      89       1.2861
      90       1.1544
      91       1.2413
      92       1.3251
      93       1.1896
      94       1.2407
      95       1.1468
      96       1.2430
      97       1.3119
      98       1.2006
      99       1.2097
     100       1.1972
     101       1.2705
     102       1.1940
     103       1.1613
     104       1.2395
     105       1.2239
     106       1.2265
     107       1.1432
     108       1.3111
     109       1.2114
     110       1.2421
     111       1.2528
     112       1.3318
     113       1.2855
     114       1.2969
     115       1.4768
     116       1.3583
     117       1.3050
     118       1.3526
     119       1.2285
     120       1.2857
     121       1.3086
     122       1.3813
     123       1.2897
     124       1.2923
     125       1.2288
     126       1.3474
     127       1.3784
     128       1.3044
     129       1.2852
     130       1.4169
     131       1.2978
     132       1.3464
     133       1.3649
     134       1.4736
     135       1.3501
     136       1.3569
     137       1.3047
     138       1.2676
     139       1.2650
     140       1.3527
     141       1.3242
     142       1.2413
     143       1.3823
     144       1.4214
     145       1.3718
     146       1.3708
     147       1.4165
     148       1.3324
     149       1.3676
     150       1.2834
     151       1.3819
     152       1.3528
     153       1.2656
     154       1.3926
     155       1.3551
     156       1.4518
     157       1.4241
     158       1.4896
     159       1.3257
     160       1.2947
     161       1.3562
     162       1.3197
     163       1.4140
     164       1.4281
     165       1.3820
     166       1.4641
     167       1.4323
     168       1.5401
     169       1.5370
     170       1.3671
     171       1.4652
     172       1.4663
     173       1.4868
     174       1.4065
     175       1.4489
     176       1.4624
     177       1.3904
     178       1.4985
     179       1.4646
     180       1.3948
     181       1.4435
     182       1.4860
     183       1.4411
     184       1.3747
     185       1.5361
     186       1.4273
     187       1.4685
     188       1.4499
     189       1.7257
     190       1.6526
     191       1.5798
     192       1.4816
     193       1.6842
     194       1.6018
     195       1.6503
     196       1.5944
     197       1.7160
     198       1.4473
     199       1.5323
     200       1.5045
     201       1.4411
     202       1.3986
     203       1.3839
     204       1.4664
     205       1.5595
     206       1.4847
     207       1.5964
     208       1.5600
     209       1.7006
     210       1.6054
     211       1.2942
     212       1.3807
     213       1.4195
     214       1.4143
     215       1.5250
     216       1.4850
     217       1.4958
     218       1.4831
     219       1.4760
     220       1.5659
     221       1.6438
     222       1.5801
     223       1.4969
     224       1.3838
     225       1.6734
     226       1.5665
     227       1.4991
     228       1.3638
     229       1.5357
     230       1.5549
     231       1.6897
     232       1.5887
     233       1.5024
     234       1.5307
     235       1.3997
     236       1.2345
     237       1.3616
     238       1.2877
     239       1.3821
     240       1.3313
     241       1.4884
     242       1.4897
     243       1.6105
     244       1.5754
     245       1.6214
     246       1.6639
     247       1.4374
     248       1.5001
     249       1.5723
     250       1.6356
     251       1.6687
     252       1.7718
     253       1.4795
     254       1.3101
     255       1.3878
     256       1.4239
     257       1.5417
     258       1.4594
     259       1.3027
     260       1.6079
     261       1.4748
     262       1.5729
     263       1.5947
     264       1.6201
     265       1.4582
     266       1.4685
     267       1.4321
     268       1.5204
     269       1.5939
     270       1.5643
     271       1.5430
     272       1.5202
     273       1.4577
     274       1.4912
     275       1.7369
     276       1.5765
     277       1.5474
     278       1.5615
     279       1.6342
     280       1.5540
     281       1.4000
     282       1.5433
     283       1.5666
     284       1.4971
     285       1.4442
     286       1.4437
     287       1.4728
     288       1.5389
     289       1.4185
     290       1.3857
     291       1.5319
     292       1.5087
     293       1.6592
     294       1.5634
     295       1.5904
     296       1.6026
     297       1.6877
     298       1.7356
     299       1.7158
     300       1.6376
     301       1.6308
     302       1.5667
     303       1.6486
     304       1.6076
     305       1.6387
     306       1.7012
     307       1.6924
     308       1.5700
     309       1.6234
     310       1.7432
     311       1.5133
     312       1.5765
     313       1.6438
     314       1.6567
     315       1.7186
     316       1.5757
     317       1.5963
     318       1.7169
     319       1.5390
     320       1.6087
     321       1.5203
     322       1.6618
     323       1.5715
     324       1.5444
     325       1.4813
     326       1.7669
     327       1.5628
     328       1.4647
     329       1.6203
     330       1.5406
     331       1.5866
     332       1.4945
     333       1.5392
     334       1.5340
     335       1.5530
     336       1.5040
     337       1.5752
     338       1.5976
     339       1.5949
     340       1.5737
     341       1.5628
     342       1.4895
     343       1.5198
     344       1.5684
     345       1.5792
     346       1.5517
     347       1.4961
     348       1.6194
     349       1.5738
     350       1.7336
     351       1.6484
     352       1.5707
     353       1.5128
     354       1.4576
     355       1.5213
     356       1.5609
     357       1.4828
     358       1.4761
     359       1.5594
     360       1.5135
     361       1.5606
     362       1.4949
     363       1.4948
     364       1.4844
     365       1.5500
     366       1.5697
     367       1.4811
     368       1.6664
     369       1.5356
     370       1.5599
     371       1.4506
     372       1.5204
     373       1.5904
     374       1.6108
     375       1.6175
     376       1.5867
     377       1.6230
     378       1.5316
     379       1.5009
     380       1.4706
     381       1.6870
     382       1.6378
     383       1.4644
     384       1.6165
     385       1.5602
     386       1.6564
     387       1.6555
     388       1.6153
     389       1.6998
     390       1.6673
     391       1.6156
     392       1.6404
     393       1.5195
     394       1.6500
     395       1.5699
     396       1.6035
     397       1.6679
     398       1.6621
     399       1.7462
     400       1.5565
     401       1.6133
     402       1.6829
     403       1.5437
     404       1.5233
     405       1.6575
     406       1.7272
     407       1.6360
     408       1.5394
     409       1.5853
     410       1.5972
     411       1.6173
     412       1.6067
     413       1.6194
     414       1.5683
     415       1.6250
     416       1.6298
     417       1.5939
     418       1.5869
     419       1.7505
     420       1.5628
     421       1.7287
     422       1.5158
     423       1.5670
     424       1.6262
     425       1.5918
     426       1.6151
     427       1.4645
     428       1.5114
     429       1.4836
     430       1.5339
     431       1.5713
     432       1.5132
     433       1.6372
     434       1.6342
     435       1.4995
     436       1.4295
     437       1.5786
     438       1.4754
     439       1.5384
     440       1.4327
     441       1.4916
     442       1.5288
     443       1.5259
     444       1.5116
     445       1.5440
     446       1.5523
     447       1.5799
     448       1.6327
     449       1.6102
     450       1.5967
     451       1.5534
     452       1.4986
     453       1.5113
     454       1.6645
     455       1.6009
     456       1.6080
     457       1.6045
     458       1.4704
     459       1.4679
     460       1.5714
     461       1.5978
     462       1.6927
     463       1.5370
     464       1.6409
     465       1.5975
     466       1.5976
     467       1.5814
     468       1.6517
     469       1.6317
     470       1.6184
     471       1.5998
     472       1.7769
     473       1.7478
     474       1.6940
     475       1.6527
     476       1.7562
     477       1.7619
     478       1.5468
     479       1.6518
     480       1.7183
     481       1.7823
     482       1.6818
     483       1.7275
     484       1.7885
     485       1.8139
     486       1.6472
     487       1.8008
     488       1.6596
     489       1.7476
     490       1.6818
     491       1.6133
     492       1.6863
     493       1.7875
     494       1.7053
     495       1.8304
     496       1.8372
     497       1.8983
     498       1.9198
     499       1.7061
     500       1.7840
     501       1.7514
     502       1.8718
     503       1.7780
     504       1.7674
     505       1.6910
     506       1.6999
     507       1.7228
     508       1.7715
     509       1.5941
     510       1.8220
     511       1.9039
     512       1.8098
     513       1.7721
     514       1.7491
     515       1.6713
     516       1.8384
     517       1.7809
     518       1.8660
     519       1.8578
     520       1.8346
     521       1.7693
     522       1.7902
     523       1.8345
     524       1.9238
     525       1.8919
     526       1.7306
     527       1.7227
     528       1.7865
     529       1.8286
     530       1.7862
     531       1.7155
     532       1.7866
     533       1.7862
     534       1.7156
     535       1.6267
     536       1.7621
     537       1.7001
     538       1.7013
     539       1.7372
     540       1.8191
     541       1.7021
     542       1.7907
     543       1.8176
     544       1.8096
     545       1.8780
     546       1.9139
     547       1.7793
     548       1.8270
     549       1.7728
     550       1.7606
     551       1.9497
     552       1.8725
     553       1.9151
     554       1.9022
     555       1.8919
     556       1.8550
     557       1.8418
     558       1.8222
     559       1.9255
     560       1.8688
     561       1.8257
     562       1.9627
     563       1.9001
     564       1.9131
     565       1.9191
     566       1.8139
     567       1.7772
     568       1.7671
     569       1.8178
     570       1.8637
     571       1.6370
     572       1.6816
     573       1.6173
     574       1.6603
     575       1.6004
     576       1.7045
     577       1.6314
     578       1.7402
     579       1.7989
     580       1.6006
     581       1.7100
     582       1.7572
     583       1.6755
     584       1.7783
     585       1.7194
     586       1.7110
     587       1.6573
     588       1.6716
     589       1.8061
     590       1.6888
     591       1.5974
     592       1.6154
     593       1.6201
     594       1.6247
     595       1.6018
     596       1.5641
     597       1.6785
     598       1.6663
     599       1.7283
     600       1.6917
     601       1.6909
     602       1.7156
     603       1.6922
     604       1.7367
     605       1.7519
     606       1.7507
     607       1.7501
     608       1.6541
     609       1.7617
     610       1.7719
     611       1.6939
     612       1.7215
     613       1.9054
     614       1.9691
     615       1.8924
     616       2.0597
     617       1.8406
     618       1.9063
     619       1.9156
     620       1.7735
     621       1.9271
     622       1.7405
     623       1.7016
     624       1.8944
     625       1.9162
     626       2.0165
     627       1.7950
     628       2.0575
     629       1.8937
     630       1.6871
     631       1.7617
     632       1.7249
     633       1.8559
     634       1.7354
     635       1.6676
     636       1.7267
     637       1.7079
     638       1.7837
     639       1.8126
     640       1.7770
     641       1.7803
     642       1.7436
     643       1.7852
     644       1.8756
     645       1.7434
     646       1.7322
     647       1.8726
     648       1.8353
     649       1.8596
     650       1.8793
     651       1.8477
     652       1.8044
     653       1.8555
     654       1.7115
     655       1.8004
     656       1.8082
     657       1.7033
     658       1.6909
     659       1.7660
     660       1.7475
     661       1.8822
     662       1.7106
     663       1.6641
     664       1.8042
     665       1.8602
     666       1.9390
     667       1.9276
     668       1.7286
     669       1.6909
     670       1.7988
     671       1.9091
     672       1.8705
     673       1.8410
     674       1.7679
     675       1.8651
     676       1.8074
     677       1.7085
     678       1.8254
     679       1.8209
     680       1.6957
     681       1.8192
     682       1.7567
     683       1.7520
     684       1.8240
     685       1.7897
     686       1.8571
     687       1.7140
     688       1.7256
     689       1.7197
     690       1.7170
     691       1.7971
     692       1.7440
     693       1.7463
     694       1.8227
     695       1.8046
     696       1.8375
     697       1.7864
     698       1.7793
     699       1.6748
     700       1.7814
     701       1.7650
     702       1.6733
     703       1.8039
     704       1.7713
     705       1.6986
     706       1.7157
     707       1.7721
     708       1.7916
     709       1.7867
     710       1.7332
     711       1.8483
     712       1.7336
     713       1.7546
     714       1.7741
     715       1.8237
     716       1.8243
     717       1.6803
     718       1.7623
     719       1.7537
     720       1.6485
     721       1.8568
     722       1.7394
     723       1.5903
     724       1.6043
     725       1.7048
     726       1.6776
     727       1.6642
     728       1.7033
     729       1.8047
     730       1.6398
     731       1.6186
     732       1.6825
     733       1.7645
     734       1.7283
     735       1.7115
     736       1.6577
     737       1.8899
     738       1.7017
     739       1.6559
     740       1.6693
     741       1.6410
     742       1.8174
     743       1.8532
     744       1.9180
     745       1.7718
     746       2.0297
     747       1.8785
     748       1.8547
     749       1.8048
     750       1.7768
     751       1.7665
     752       1.8722
     753       1.7957
     754       1.8166
     755       1.7920
     756       1.8273
     757       1.8754
     758       1.8836
     759       1.8697
     760       1.7584
     761       1.8166
     762       1.7701
     763       1.7729
     764       1.7742
     765       1.8676
     766       2.0127
     767       1.8240
     768       1.8200
     769       1.7625
     770       1.8644
     771       1.7715
     772       1.9078
     773       1.7548
     774       1.7798
     775       1.8366
     776       1.7336
     777       1.7928
     778       1.9262
     779       1.8180
     780       1.8588
     781       1.7403
     782       1.8685
     783       1.9063
     784       1.8060
     785       1.7252
     786       1.7903
     787       1.8373
     788       1.7642
     789       1.8245
     790       1.9550
     791       1.8942
     792       1.8149
     793       1.8029
     794       1.7464
     795       1.7955
     796       1.8585
     797       1.7418
     798       1.7578
     799       1.7868
     800       1.7827
     801       1.9030
     802       1.7588
     803       1.7628
     804       1.6960
     805       1.8075
     806       1.7281
     807       1.6421
     808       1.7259
     809       1.7590
     810       1.6937
     811       1.7378
     812       1.7852
     813       1.8088
     814       1.6796
     815       1.8426
     816       1.6773
     817       1.7758
     818       1.8665
     819       1.7887
     820       1.7781
     821       1.8184
     822       1.8121
     823       1.8216
     824       1.7368
     825       1.7855
     826       1.7976
     827       1.7950
     828       1.7293
     829       1.8149
     830       1.8427
     831       1.7653
     832       1.8474
     833       1.8103
     834       1.8711
     835       1.7156
     836       1.6754
     837       1.8742
     838       1.8048
     839       1.9348
     840       1.7330
     841       1.7317
     842       1.7053
     843       1.7639
     844       1.7520
     845       1.7572
     846       1.7410
     847       1.7602
     848       1.8108
     849       1.8616
     850       1.7647
     851       1.7330
     852       1.7618
     853       1.6296
     854       1.7095
     855       1.7675
     856       1.7121
     857       1.7577
     858       1.8222
     859       1.7922
     860       1.7538
     861       1.7092
     862       1.7471
     863       1.7287
     864       1.7543
     865       1.7832
     866       1.6988
     867       1.7341
     868       1.6953
     869       1.7367
     870       1.7059
     871       1.6743
     872       1.6349
     873       1.6855
     874       1.7386
     875       1.7025
     876       1.7414
     877       1.8252
     878       1.7903
     879       1.9313
     880       1.8319
     881       1.9213
     882       1.7014
     883       1.8152
     884       1.8279
     885       1.8717
     886       1.9553
     887       1.8577
     888       1.8467
     889       2.0484
     890       2.0407
     891       1.8824
     892       1.8446
     893       1.9982
     894       2.0226
     895       1.9912
     896       2.1932
     897       2.0428
     898       1.8545
     899       1.8641
     900       1.9460
     901       2.0481
     902       2.1207
     903       2.0472
     904       2.0003
     905       2.0123
     906       1.9749
     907       2.0405
     908       2.0519
     909       1.9186
     910       1.9285
     911       1.9631
     912       1.8716
     913       1.8456
     914       1.9291
     915       1.9454
     916       1.8948
     917       1.9875
     918       1.9951
     919       1.8352
     920       1.9129
     921       1.9412
     922       1.7888
     923       1.8844
     924       1.8730
     925       1.9759
     926       1.8687
     927       1.9311
     928       1.8136
     929       1.9727
     930       1.9966
     931       1.9677
     932       1.8434
     933       1.9847
     934       1.9990
     935       1.8391
     936       1.8971
     937       2.1222
     938       1.9490
     939       1.8956
     940       1.7745
     941       2.0039
     942       2.0330
     943       1.9590
     944       2.0440
     945       2.0346
     946       1.9525
     947       1.9480
     948       2.0259
     949       1.9631
     950       1.9774
     951       1.9517
     952       1.8744
     953       1.8936
     954       2.0185
     955       1.9765
     956       1.9930
     957       1.9328
     958       1.9835
     959       1.8790
     960       1.7935
     961       2.0290
     962       2.0399
     963       2.0386
     964       1.8629
     965       1.9286
     966       1.8998
     967       2.0189
     968       1.9342
     969       2.0481
     970       1.9036
     971       1.9451
     972       2.0779
     973       1.9590
     974       1.9107
     975       1.8616
     976       1.9578
     977       2.0619
     978       2.0031
     979       2.0932
     980       2.0826
     981       2.1257
     982       1.9580
     983       1.8579
     984       1.7843
     985       1.9375
     986       1.8939
     987       1.8283
     988       1.9750
     989       1.8975
     990       1.8997
     991       1.9567
     992       1.9211
     993       1.9877
     994       1.9731
     995       1.8183
     996       1.9348
     997       1.9156
     998       1.8340
     999       1.9477
    1000       1.9243
    1001       1.9323
    1002       1.8672
    1003       1.8868
    1004       1.9866
    1005       1.9050
    1006       1.9442
    1007       1.8520
    1008       1.8734
    1009       2.0038
    1010       1.9738
    1011       1.9878
    1012       1.9949
    1013       2.0784
    1014       1.8981
    1015       1.9956
    1016       1.8732
    1017       1.7722
    1018       1.8159
    1019       1.8175
    1020       1.8913
    1021       1.9391
    1022       1.8505
    1023       1.8357
    1024       1.9797
    1025       1.9815
    1026       1.8662
    1027       1.9271
    1028       1.9963
    1029       1.8605
    1030       1.8893
    1031       1.8599
    1032       1.9701
    1033       1.8927
    1034       1.8286
    1035       1.8729
    1036       1.9581
    1037       1.8221
    1038       1.8594
    1039       1.9062
    1040       1.8378
    1041       1.9085
    1042       1.8513
    1043       1.7781
    1044       1.9040
    1045       1.9085
    1046       1.8032
    1047       1.9474
    1048       1.9044
    1049       1.9511
    1050       1.8106
    1051       1.9208
    1052       1.9295
    1053       2.0225
    1054       1.9640
    1055       1.9321
    1056       1.9019
    1057       1.9634
    1058       1.8431
    1059       1.8931
    1060       1.8988
    1061       1.9144
    1062       1.9235
    1063       1.9388
    1064       1.9260
    1065       1.8096
    1066       1.8947
    1067       2.0222
    1068       2.0243
    1069       1.9855
    1070       1.9744
    1071       1.9163
    1072       1.9646
    1073       1.9725
    1074       2.0006
    1075       1.9208
    1076       2.1541
    1077       2.0496
    1078       2.0085
    1079       1.9953
    1080       2.1321
    1081       1.9791
    1082       1.8895
    1083       1.9147
    1084       1.9284
    1085       1.8873
    1086       1.8516
    1087       1.9871
    1088       1.8252
    1089       1.9306
    1090       1.8341
    1091       1.9750
    1092       2.0044
    1093       2.0196
    1094       1.9717
    1095       1.8192
    1096       1.8671
    1097       1.7894
    1098       1.8125
    1099       1.7912
    1100       1.8333
    1101       1.8077
    1102       2.0571
    1103       2.0766
    1104       1.9754
    1105       1.9545
    1106       2.0252
    1107       1.8867
    1108       1.8957
    1109       1.8701
    1110       1.7958
    1111       1.8170
    1112       1.8289
    1113       1.9148
    1114       2.1120
    1115       1.9331
    1116       2.0520
    1117       1.9879
    1118       2.0655
    1119       1.9919
    1120       2.0752
    1121       2.0422
    1122       2.0250
    1123       1.8678
    1124       2.0821
    1125       1.9155
    1126       2.0271
    1127       1.8871
    1128       1.9798
    1129       1.8299
    1130       1.9890
    1131       1.8968
    1132       1.9548
    1133       1.9360
    1134       1.9351
    1135       1.9297
    1136       1.9717
    1137       1.9428
    1138       1.9727
    1139       1.8814
    1140       1.8999
    1141       1.8349
    1142       1.9032
    1143       1.9326
    1144       1.8213
    1145       1.7640
    1146       1.9327
    1147       1.9159
    1148       1.8824
    1149       1.8058
    1150       1.8689
    1151       1.8196
    1152       1.8204
    1153       1.8260
    1154       1.8981
    1155       1.8072
    1156       1.8314
    1157       1.8447
    1158       1.7243
    1159       1.8285
    1160       1.7253
    1161       1.8310
    1162       1.7562
    1163       1.8413
    1164       1.9168
    1165       1.7626
    1166       1.8044
    1167       1.8532
    1168       1.8926
    1169       1.7746
    1170       1.8574
    1171       1.7793
    1172       1.8202
    1173       1.7080
    1174       1.8590
    1175       1.8452
    1176       1.8953
    1177       1.8126
    1178       1.7524
    1179       1.7959
    1180       1.7330
    1181       1.8972
    1182       1.7592
    1183       1.7823
    1184       1.7944
    1185       1.7514
    1186       1.7770
    1187       1.6655
    1188       1.7825
    1189       1.7985
    1190       1.8826
    1191       1.8029
    1192       1.7847
    1193       1.8803
    1194       1.8997
    1195       1.9093
    1196       1.8587
    1197       1.8294
    1198       1.8444
    1199       1.9970
    1200       1.8232
    1201       1.8322
    1202       1.8499
    1203       1.7509
    1204       1.7798
    1205       1.7973
    1206       1.8502
    1207       1.8917
    1208       1.8347
    1209       1.8784
    1210       1.9182
    1211       1.9056
    1212       1.9025
    1213       1.9060
    1214       1.8645
    1215       1.9722
    1216       2.0162
    1217       1.8998
    1218       2.0995
    1219       1.9157
    1220       1.9085
    1221       1.9884
    1222       2.0156
    1223       1.9419
    1224       1.9798
    1225       1.9400
    1226       1.7644
    1227       1.8463
    1228       1.7532
    1229       1.8332
    1230       1.9139
    1231       1.8675
    1232       1.9302
    1233       1.8367
    1234       1.9936
    1235       1.9088
    1236       1.8829
    1237       1.9049
    1238       1.8956
    1239       1.9196
    1240       1.9646
    1241       1.9185
    1242       1.9673
    1243       1.9397
    1244       1.8991
    1245       1.8250
    1246       1.8939
    1247       1.8644
    1248       1.8868
    1249       1.9637
    1250       1.8047
    1251       1.8930
    1252       1.9017
    1253       1.7622
    1254       1.8314
    1255       1.8392
    1256       2.0165
    1257       1.9730
    1258       1.9180
    1259       1.8594
    1260       1.9446
    1261       1.9781
    1262       1.9734
    1263       1.8152
    1264       1.8307
    1265       1.8831
    1266       1.9888
    1267       1.8278
    1268       2.0452
    1269       1.9409
    1270       1.8428
    1271       1.8829
    1272       1.8318
    1273       1.8984
    1274       1.8441
    1275       1.9366
    1276       1.8489
    1277       1.9023
    1278       2.0172
    1279       2.1422
    1280       1.9276
    1281       1.7553
    1282       1.8831
    1283       1.8870
    1284       2.0102
    1285       1.9427
    1286       2.0225
    1287       1.8137
    1288       1.8820
    1289       1.8746
    1290       1.8513
    1291       2.0100
    1292       1.8075
    1293       1.9293
    1294       1.7208
    1295       1.9418
    1296       1.7565
    1297       1.7911
    1298       1.8347
    1299       1.8206
    1300       1.9211
    1301       1.7285
    1302       1.9777
    1303       1.8829
    1304       1.8703
    1305       1.8593
    1306       1.8812
    1307       1.8745
    1308       1.9316
    1309       1.9945
    1310       1.8138
    1311       1.8484
    1312       1.8379
    1313       1.8998
    1314       1.8804
    1315       1.8311
    1316       1.8823
    1317       1.9760
    1318       1.9137
    1319       1.9017
    1320       1.9597
    1321       1.9922
    1322       1.9483
    1323       2.0005
    1324       1.9390
    1325       1.8493
    1326       1.9441
    1327       1.8513
    1328       1.9867
    1329       1.9266
    1330       1.7993
    1331       1.9607
    1332       1.9231
    1333       1.9253
    1334       2.0245
    1335       1.9558
    1336       1.9021
    1337       1.8777
    1338       1.9109
    1339       1.7786
    1340       1.8186
    1341       1.7912
    1342       1.7615
    1343       1.8180
    1344       1.8478
    1345       1.7997
    1346       1.8126
    1347       1.7381
    1348       1.8249
    1349       1.8744
    1350       1.8771
    1351       1.7882
    1352       1.8395
    1353       1.8257
    1354       1.8282
    1355       1.8190
    1356       1.8268
    1357       1.8518
    1358       1.8536
    1359       1.8469
    1360       1.7683
    1361       1.9110
    1362       1.9650
    1363       1.9277
    1364       1.9830
    1365       1.9089
    1366       1.9389
    1367       1.8751
    1368       1.8562
    1369       1.8456
    1370       1.9254
    1371       1.9640
    1372       1.8530
    1373       1.8402
    1374       1.8863
    1375       1.7860
    1376       1.9735
    1377       1.8644
    1378       1.9904
    1379       1.7896
    1380       1.8624
    1381       1.9497
    1382       1.8572
    1383       1.9257
    1384       1.7863
    1385       1.9059
    1386       1.9060
    1387       2.0112
    1388       2.0753
    1389       1.9315
    1390       1.9446
    1391       1.7616
    1392       1.9077
    1393       1.8099
    1394       1.8371
    1395       1.9031
    1396       1.8847
    1397       1.9598
    1398       2.0209
    1399       1.9896
    1400       1.8828
    1401       1.8280
    1402       1.8517
    1403       1.9498
    1404       1.9809
    1405       1.8352
    1406       1.8016
    1407       1.9141
    1408       1.8678
    1409       1.8880
    1410       1.8460
    1411       1.9731
    1412       1.9774
    1413       1.9271
    1414       1.8420
    1415       1.9772
    1416       1.8794
    1417       1.9472
    1418       1.8345
    1419       1.8302
    1420       1.8434
    1421       1.7923
    1422       1.8345
    1423       1.8997
    1424       1.9374
    1425       1.8760
    1426       1.8858
    1427       1.9195
    1428       1.8959
    1429       1.8665
    1430       1.8070
    1431       1.8743
    1432       1.8182
    1433       1.7649
    1434       1.8235
    1435       1.7672
    1436       1.7878
    1437       1.8581
    1438       1.9146
    1439       1.9703
    1440       1.8913
    1441       1.8993
    1442       1.8643
    1443       1.8968
    1444       1.9200
    1445       1.9101
    1446       1.9891
    1447       1.8835
    1448       1.9145
    1449       1.7927
    1450       1.9437
    1451       1.8761
    1452       1.8287
    1453       1.7823
    1454       1.9228
    1455       1.9228
    1456       1.9037
    1457       1.9696
    1458       1.8384
    1459       1.7924
    1460       1.7101
    1461       1.9560
    1462       1.9152
    1463       1.8224
    1464       1.9884
    1465       1.8711
    1466       1.8728
    1467       1.7632
    1468       1.8365
    1469       1.8370
    1470       1.6678
    1471       1.8187
    1472       1.7286
    1473       1.9142
    1474       1.7981
    1475       1.8006
    1476       1.8244
    1477       1.8497
    1478       1.8022
    1479       1.8011
    1480       1.8084
    1481       1.7906
    1482       1.7241
    1483       1.8217
    1484       1.7525
    1485       1.6974
    1486       1.7508
    1487       1.8524
    1488       1.7998
    1489       1.7099
    1490       1.8559
    1491       1.8096
    1492       1.7021
    1493       1.6520
    1494       1.7447
    1495       1.8052
    1496       1.7343
    1497       1.7292
    1498       1.7040
    1499       1.6673
    1500       1.7691
    1501       1.8439
    1502       1.8293
    1503       1.8527
    1504       1.8475
    1505       1.8324
    1506       1.7787
    1507       1.6988
    1508       1.7702
    1509       1.7617
    1510       1.7250
    1511       1.7452
    1512       1.7438
    1513       1.8069
    1514       1.8293
    1515       1.9059
    1516       1.9117
    1517       1.9088
    1518       1.8211
    1519       1.7664
    1520       1.8490
    1521       1.8410
    1522       2.0126
    1523       1.9615
    1524       1.8117
    1525       1.9296
    1526       1.9390
    1527       1.8160
    1528       1.7775
    1529       1.8348
    1530       1.8319
    1531       1.7849
    1532       1.7903
    1533       1.8744
    1534       1.9258
    1535       1.8693
    1536       1.9072
    1537       1.8528
    1538       1.8541
    1539       1.8933
    1540       1.9317
    1541       1.8970
    1542       1.7841
    1543       1.9203
    1544       1.8876
    1545       1.8290
    1546       1.8451
    1547       1.9186
    1548       1.9553
    1549       1.9015
    1550       1.9017
    1551       1.9094
    1552       1.7188
    1553       1.9008
    1554       1.8650
    1555       1.9198
    1556       2.0162
    1557       1.8608
    1558       1.9035
    1559       1.9580
    1560       1.8052
    1561       1.9332
    1562       1.8494
    1563       1.8571
    1564       1.9257
    1565       1.8323
    1566       1.7649
    1567       1.8528
    1568       1.7895
    1569       1.8498
    1570       1.8957
    1571       1.9295
    1572       1.8283
    1573       1.7794
    1574       1.8723
    1575       1.8915
    1576       2.0118
    1577       1.8659
    1578       1.7713
    1579       1.8573
    1580       1.8927
    1581       1.9706
    1582       2.0259
    1583       1.9500
    1584       1.8979
    1585       1.8975
    1586       2.0141
    1587       1.9234
    1588       1.9185
    1589       1.9411
    1590       1.9423
    1591       1.8863
    1592       1.6635
    1593       1.7668
    1594       1.7890
    1595       1.8656
    1596       1.6357
    1597       1.9444
    1598       1.8853
    1599       1.9173
    1600       1.7592
    1601       1.8602
    1602       1.9198
    1603       1.9602
    1604       1.8953
    1605       1.8520
    1606       1.8317
    1607       1.7734
    1608       1.7346
    1609       1.8056
    1610       1.6877
    1611       1.6774
    1612       1.8462
    1613       1.9447
    1614       1.7225
    1615       1.8561
    1616       1.7962
    1617       1.9368
    1618       1.6888
    1619       1.7547
    1620       1.7471
    1621       1.7519
    1622       1.7840
    1623       1.8636
    1624       1.7505
    1625       1.8432
    1626       1.7456
    1627       1.6824
    1628       1.8503
    1629       1.7950
    1630       1.7754
    1631       1.7696
    1632       1.8204
    1633       1.7948
    1634       1.8070
    1635       1.8322
    1636       1.9189
    1637       1.8708
    1638       1.7976
    1639       1.7273
    1640       1.8278
    1641       1.8887
    1642       1.8934
    1643       1.7092
    1644       1.6868
    1645       1.8428
    1646       1.6971
    1647       1.8316
    1648       1.7244
    1649       1.8350
    1650       1.7529
    1651       1.6596
    1652       1.6881
    1653       1.6638
    1654       1.6178
    1655       1.6809
    1656       1.6298
    1657       1.7538
    1658       1.6879
    1659       1.7194
    1660       1.6052
    1661       1.5389
    1662       1.6898
    1663       1.7384
    1664       1.6370
    1665       1.6443
    1666       1.6985
    1667       1.6302
    1668       1.6737
    1669       1.6802
    1670       1.6703
    1671       1.6592
    1672       1.6841
    1673       1.6228
    1674       1.6563
    1675       1.5951
    1676       1.6768
    1677       1.7618
    1678       1.6374
    1679       1.7094
    1680       1.6924
    1681       1.7591
    1682       1.7105
    1683       1.7154
    1684       1.7201
    1685       1.7299
    1686       1.6909
    1687       1.7212
    1688       1.6702
    1689       1.7689
    1690       1.6981
    1691       1.6945
    1692       1.7304
    1693       1.6712
    1694       1.8301
    1695       1.6335
    1696       1.6326
    1697       1.6588
    1698       1.8067
    1699       1.6231
    1700       1.6564
    1701       1.6584
    1702       1.7781
    1703       1.6896
    1704       1.5370
    1705       1.6445
    1706       1.7851
    1707       1.7583
    1708       1.7345
    1709       1.6236
    1710       1.8097
    1711       1.5631
    1712       1.6356
    1713       1.6510
    1714       1.5829
    1715       1.6674
    1716       1.6771
    1717       1.6532
    1718       1.7296
    1719       1.6814
    1720       1.6936
    1721       1.8183
    1722       1.6654
    1723       1.6193
    1724       1.6467
    1725       1.6140
    1726       1.6197
    1727       1.6306
    1728       1.6185
    1729       1.6349
    1730       1.6152
    1731       1.6333
    1732       1.5857
    1733       1.7119
    1734       1.6965
    1735       1.6764
    1736       1.6899
    1737       1.7195
    1738       1.8103
    1739       1.7143
    1740       1.7620
    1741       1.7052
    1742       1.7615
    1743       1.7306
    1744       1.6937
    1745       1.7189
    1746       1.6407
    1747       1.6419
    1748       1.7300
    1749       1.7102
    1750       1.6785
    1751       1.6546
    1752       1.6909
    1753       1.8594
    1754       1.7238
    1755       1.7399
    1756       1.6875
    1757       1.7771
    1758       1.7678
    1759       1.7126
    1760       1.7816
    1761       1.6217
    1762       1.6057
    1763       1.6382
    1764       1.6610
    1765       1.7375
    1766       1.7823
    1767       1.7705
    1768       1.6960
    1769       1.5883
    1770       1.6596
    1771       1.7300
    1772       1.7656
    1773       1.7023
    1774       1.7420
    1775       1.6573
    1776       1.7353
    1777       1.6823
    1778       1.6819
    1779       1.7907
    1780       1.7662
    1781       1.7557
    1782       1.6805
    1783       1.7898
    1784       1.6904
    1785       1.6431
    1786       1.7222
    1787       1.6922
    1788       1.7173
    1789       1.6403
    1790       1.6796
    1791       1.6552
    1792       1.7298
    1793       1.7416
    1794       1.7750
    1795       1.7792
    1796       1.8256
    1797       1.7497
    1798       1.7143
    1799       1.7137
    1800       1.7481
    1801       1.7617
    1802       1.8683
    1803       1.7812
    1804       1.8633
    1805       1.7913
    1806       1.7563
    1807       1.8072
    1808       1.8058
    1809       1.7682
    1810       1.7463
    1811       1.7003
    1812       1.6714
    1813       1.8745
    1814       1.7304
    1815       1.9311
    1816       1.9115
    1817       1.9024
    1818       1.7811
    1819       1.7447
    1820       1.7375
    1821       1.8008
    1822       1.6358
    1823       1.7728
    1824       1.7397
    1825       1.7729
    1826       1.7462
    1827       1.6902
    1828       1.6569
    1829       1.7918
    1830       1.8309
    1831       1.8536
    1832       1.7950
    1833       1.6552
    1834       1.7225
    1835       1.7464
    1836       1.7314
    1837       1.6084
    1838       1.8326
    1839       1.7207
    1840       1.7129
    1841       1.7193
    1842       1.7790
    1843       1.6443
    1844       1.7804
    1845       1.7287
    1846       1.6986
    1847       1.7514
    1848       1.6388
    1849       1.7044
    1850       1.7229
    1851       1.8332
    1852       1.7805
    1853       1.8195
    1854       1.9528
    1855       1.7774
    1856       1.9227
    1857       1.8574
    1858       1.8519
    1859       1.8132
    1860       1.8198
    1861       1.7660
    1862       1.8435
    1863       1.8220
    1864       1.7490
    1865       1.8134
    1866       1.8339
    1867       1.7425
    1868       1.7538
    1869       1.7369
    1870       1.7698
    1871       1.8692
    1872       1.8494
    1873       1.8695
    1874       1.8869
    1875       1.7336
    1876       1.8682
    1877       1.9996
    1878       2.0722
    1879       2.0669
    1880       1.8711
    1881       1.8411
    1882       2.0068
    1883       2.0595
    1884       1.8680
    1885       1.9023
    1886       1.9215
    1887       1.9224
    1888       1.9782
    1889       1.9676
    1890       1.8821
    1891       1.9576
    1892       1.8828
    1893       1.9328
    1894       1.9119
    1895       1.7850
    1896       1.9212
    1897       1.8592
    1898       1.8234
    1899       1.9230
    1900       2.0377
    1901       1.9499
    1902       1.9401
    1903       1.7907
    1904       1.7977
    1905       1.8467
    1906       1.9044
    1907       1.8559
    1908       1.8778
    1909       1.7704
    1910       1.8496
    1911       1.9680
    1912       1.8667
    1913       1.8602
    1914       1.7274
    1915       1.9396
    1916       1.7482
    1917       1.9075
    1918       1.8421
    1919       1.8073
    1920       1.9361
    1921       1.7121
    1922       1.8917
    1923       1.7241
    1924       1.9200
    1925       1.9526
    1926       1.9387
    1927       1.9790
    1928       1.9870
    1929       1.7914
    1930       1.7866
    1931       1.6937
    1932       1.8255
    1933       1.7167
    1934       1.7895
    1935       1.7760
    1936       1.8310
    1937       1.8907
    1938       1.8162
    1939       1.7755
    1940       1.8313
    1941       1.7342
    1942       1.7147
    1943       1.8394
    1944       1.7540
    1945       1.7799
    1946       1.8728
    1947       1.8447
    1948       1.8531
    1949       1.8924
    1950       1.8013
    1951       1.8397
    1952       1.8426
    1953       1.9390
    1954       1.8490
    1955       1.8603
    1956       1.8089
    1957       1.8165
    1958       1.7068
    1959       1.9249
    1960       1.7562
    1961       1.8300
    1962       1.8689
    1963       1.7157
    1964       1.8493
    1965       1.7700
    1966       1.6380
    1967       1.8528
    1968       1.7876
    1969       1.7669
    1970       1.7664
    1971       1.7751
    1972       1.6498
    1973       1.6965
    1974       1.7840
    1975       1.8366
    1976       1.7472
    1977       1.7451
    1978       1.6608
    1979       1.7493
    1980       1.7471
    1981       1.6357
    1982       1.7073
    1983       1.8537
    1984       1.7375
    1985       1.8302
    1986       1.8852
    1987       1.8227
    1988       1.7958
    1989       1.7364
    1990       1.6986
    1991       1.8651
    1992       1.8155
    1993       1.7371
    1994       1.7267
    1995       1.7571
    1996       1.8214
    1997       1.6882
    1998       1.7596
    1999       1.7942
    2000       1.8013
    2001       1.7520
    2002       1.7731
    2003       1.7700
    2004       1.7682
    2005       1.8848
    2006       1.8567
    2007       1.8297
    2008       1.7448
    2009       1.7889
    2010       1.7631
    2011       1.9043
    2012       1.7850
    2013       1.8261
    2014       1.7003
    2015       1.7911
    2016       1.8012
    2017       1.7258
    2018       1.7525
    2019       1.8030
    2020       1.7904
    2021       1.7832
    2022       1.7508
    2023       1.8168
    2024       1.6793
    2025       1.8502
    2026       1.7918
    2027       1.7354
    2028       1.8165
    2029       1.8737
    2030       1.8405
    2031       1.8545
    2032       1.7305
    2033       1.8041
    2034       1.7366
    2035       1.7457
    2036       1.8186
    2037       1.7376
    2038       1.6790
    2039       1.7604
    2040       1.7325
    2041       1.7125
    2042       1.8446
    2043       1.7762
    2044       1.6895
    2045       1.6424
    2046       1.6870
    2047       1.6671
    2048       1.8014
    2049       1.7225
    2050       1.7612
    2051       1.6158
    2052       1.6485
    2053       1.6237
    2054       1.6654
    2055       1.7225
    2056       1.7072
    2057       1.6005
    2058       1.5633
    2059       1.6524
    2060       1.5384
    2061       1.5962
    2062       1.6251
    2063       1.5698
    2064       1.5250
    2065       1.7203
    2066       1.6009
    2067       1.6084
    2068       1.6193
    2069       1.6863
    2070       1.7216
    2071       1.7884
    2072       1.6708
    2073       1.5818
    2074       1.5384
    2075       1.6317
    2076       1.6204
    2077       1.7012
    2078       1.5899
    2079       1.7480
    2080       1.7122
    2081       1.7986
    2082       1.8569
    2083       1.6316
    2084       1.5893
    2085       1.6857
    2086       1.6026
    2087       1.6162
    2088       1.7909
    2089       1.6477
    2090       1.6603
    2091       1.6624
    2092       1.6403
    2093       1.7260
    2094       1.6615
    2095       1.6495
    2096       1.5787
    2097       1.7096
    2098       1.5660
    2099       1.5971
    2100       1.6370
    2101       1.6352
    2102       1.6868
    2103       1.7205
    2104       1.7399
    2105       1.6458
    2106       1.6851
    2107       1.6891
    2108       1.6279
    2109       1.6932
    2110       1.6820
    2111       1.6894
    2112       1.6350
    2113       1.7835
    2114       1.6665
    2115       1.6661
    2116       1.6281
    2117       1.6996
    2118       1.6129
    2119       1.5936
    2120       1.5923
    2121       1.5796
    2122       1.5847
    2123       1.5428
    2124       1.5706
    2125       1.5725
    2126       1.4839
    2127       1.6394
    2128       1.6015
    2129       1.6179
    2130       1.6686
    2131       1.6859
    2132       1.6359
    2133       1.5602
    2134       1.5914
    2135       1.5146
    2136       1.5255
    2137       1.6504
    2138       1.5784
    2139       1.6830
    2140       1.6360
    2141       1.5062
    2142       1.6617
    2143       1.6747
    2144       1.6103
    2145       1.6517
    2146       1.6008
    2147       1.6880
    2148       1.6158
    2149       1.6693
    2150       1.5496
    2151       1.6250
    2152       1.7870
    2153       1.6499
    2154       1.7585
    2155       1.7517
    2156       1.7862
    2157       1.7352
    2158       1.7358
    2159       1.5852
    2160       1.6135
    2161       1.6859
    2162       1.6829
    2163       1.7362
    2164       1.5514
    2165       1.6705
    2166       1.8161
    2167       1.7756
    2168       1.7523
    2169       1.6642
    2170       1.7098
    2171       1.6509
    2172       1.6581
    2173       1.6204
    2174       1.6984
    2175       1.7609
    2176       1.7301
    2177       1.5912
    2178       1.7438
    2179       1.6747
    2180       1.7150
    2181       1.6387
    2182       1.6731
    2183       1.7492
    2184       1.7466
    2185       1.7760
    2186       1.7117
    2187       1.7611
    2188       1.6828
    2189       1.7264
    2190       1.7455
    2191       1.6028
    2192       1.7926
    2193       1.6679
    2194       1.7379
    2195       1.6634
    2196       1.7730
    2197       1.6870
    2198       1.7575
    2199       1.6192
    2200       1.7055
    2201       1.6991
    2202       1.7393
    2203       1.6970
    2204       1.7950
    2205       1.6817
    2206       1.7010
    2207       1.7288
    2208       1.6364
    2209       1.6274
    2210       1.6559
    2211       1.7074
    2212       1.7114
    2213       1.6872
    2214       1.6041
    2215       1.7349
    2216       1.6995
    2217       1.6082
    2218       1.6665
    2219       1.6334
    2220       1.5963
    2221       1.7025
    2222       1.6349
    2223       1.7092
    2224       1.7521
    2225       1.6743
    2226       1.6632
    2227       1.7120
    2228       1.8216
    2229       1.6990
    2230       1.7599
    2231       1.8258
    2232       1.6760
    2233       1.7542
    2234       1.5848
    2235       1.5952
    2236       1.7278
    2237       1.7817
    2238       1.8220
    2239       1.6816
    2240       1.7183
    2241       1.7783
    2242       1.6311
    2243       1.5918
    2244       1.6413
    2245       1.6153
    2246       1.6345
    2247       1.7003
    2248       1.6940
    2249       1.6207
    2250       1.6962
    2251       1.6937
    2252       1.7634
    2253       1.6864
    2254       1.6460
    2255       1.7429
    2256       1.5672
    2257       1.7030
    2258       1.6971
    2259       1.5966
    2260       1.8073
    2261       1.6963
    2262       1.7084
    2263       1.8187
    2264       1.7713
    2265       1.6680
    2266       1.6999
    2267       1.6273
    2268       1.6515
    2269       1.6955
    2270       1.6192
    2271       1.7001
    2272       1.7866
    2273       1.7894
    2274       1.6477
    2275       1.6248
    2276       1.7774
    2277       1.7064
    2278       1.7144
    2279       1.6844
    2280       1.6681
    2281       1.6551
    2282       1.7107
    2283       1.6574
    2284       1.6300
    2285       1.6795
    2286       1.6775
    2287       1.6778
    2288       1.7722
    2289       1.7215
    2290       1.6545
    2291       1.8381
    2292       1.6954
    2293       1.6750
    2294       1.6621
    2295       1.8280
    2296       1.8527
    2297       1.6483
    2298       1.7228
    2299       1.7390
    2300       1.7409
    2301       1.7492
    2302       1.6602
    2303       1.8440
    2304       1.6624
    2305       1.6638
    2306       1.6115
    2307       1.7741
    2308       1.7376
    2309       1.7563
    2310       1.7416
    2311       1.6635
    2312       1.7274
    2313       1.7141
    2314       1.6482
    2315       1.6905
    2316       1.6773
    2317       1.7549
    2318       1.7041
    2319       1.7355
    2320       1.7866
    2321       1.6607
    2322       1.7200
    2323       1.7670
    2324       1.7313
    2325       1.6945
    2326       1.6683
    2327       1.6887
    2328       1.7136
    2329       1.6114
    2330       1.6858
    2331       1.6068
    2332       1.5311
    2333       1.7467
    2334       1.7286
    2335       1.6663
    2336       1.6206
    2337       1.6971
    2338       1.7384
    2339       1.7041
    2340       1.6820
    2341       1.6744
    2342       1.8031
    2343       1.6575
    2344       1.7650
    2345       1.6808
    2346       1.5778
    2347       1.6086
    2348       1.6681
    2349       1.7145
    2350       1.7468
    2351       1.6629
    2352       1.6836
    2353       1.7043
    2354       1.6580
    2355       1.6411
    2356       1.5971
    2357       1.6168
    2358       1.6352
    2359       1.6029
    2360       1.8496
    2361       1.7537
    2362       1.6415
    2363       1.6905
    2364       1.6629
    2365       1.7487
    2366       1.6530
    2367       1.6589
    2368       1.6606
    2369       1.7151
    2370       1.6561
    2371       1.6313
    2372       1.7851
    2373       1.7131
    2374       1.5755
    2375       1.8353
    2376       1.6513
    2377       1.7110
    2378       1.7900
    2379       1.7143
    2380       1.7250
    2381       1.7137
    2382       1.7168
    2383       1.6979
    2384       1.6234
    2385       1.6331
    2386       1.6206
    2387       1.7125
    2388       1.6284
    2389       1.7519
    2390       1.6875
    2391       1.7467
    2392       1.7292
    2393       1.6429
    2394       1.7374
    2395       1.8085
    2396       1.7340
    2397       1.8286
    2398       1.8171
    2399       1.7665
    2400       1.7210
    2401       1.6894
    2402       1.6514
    2403       1.7540
    2404       1.7078
    2405       1.7740
    2406       1.7550
    2407       1.7192
    2408       1.6468
    2409       1.7022
    2410       1.7189
    2411       1.8190
    2412       1.7353
    2413       1.8440
    2414       1.7858
    2415       1.7525
    2416       1.6738
    2417       1.8310
    2418       1.7910
    2419       1.7993
    2420       1.7461
    2421       1.7541
    2422       1.6585
    2423       1.6670
    2424       1.6608
    2425       1.7286
    2426       1.6995
    2427       1.7284
    2428       1.6377
    2429       1.7177
    2430       1.8054
    2431       1.6496
    2432       1.6687
    2433       1.6686
    2434       1.8157
    2435       1.5715
    2436       1.6239
    2437       1.6972
    2438       1.6637
    2439       1.7240
    2440       1.7332
    2441       1.6443
    2442       1.6087
    2443       1.6767
    2444       1.6861
    2445       1.6970
    2446       1.7558
    2447       1.5781
    2448       1.6017
    2449       1.5581
    2450       1.5965
    2451       1.5837
    2452       1.7029
    2453       1.6451
    2454       1.6550
    2455       1.6834
    2456       1.6959
    2457       1.6732
    2458       1.6445
    2459       1.5465
    2460       1.6043
    2461       1.6828
    2462       1.5376
    2463       1.6347
    2464       1.6763
    2465       1.6882
    2466       1.5736
    2467       1.5956
    2468       1.6335
    2469       1.5574
    2470       1.5992
    2471       1.7134
    2472       1.8474
    2473       1.6688
    2474       1.6909
    2475       1.6628
    2476       1.6267
    2477       1.7273
    2478       1.6609
    2479       1.6404
    2480       1.5665
    2481       1.6110
    2482       1.6041
    2483       1.6512
    2484       1.6913
    2485       1.6245
    2486       1.7298
    2487       1.7073
    2488       1.6646
    2489       1.7405
    2490       1.6564
    2491       1.7908
    2492       1.7072
    2493       1.8588
    2494       1.8819
    2495       1.6324
    2496       1.7657
    2497       1.6749
    2498       1.6979
    2499       1.6270
    2500       1.5022
    2501       1.5579
    2502       1.5894
    2503       1.6733
    2504       1.6109
    2505       1.6465
    2506       1.6157
    2507       1.7004
    2508       1.6359
    2509       1.6186
    2510       1.7741
    2511       1.6095
    2512       1.6772
    2513       1.6706
    2514       1.8079
    2515       1.6727
    2516       1.6645
    2517       1.6856
    2518       1.6780
    2519       1.6545
    2520       1.5359
    2521       1.6921
    2522       1.6291
    2523       1.6666
    2524       1.6647
    2525       1.6082
    2526       1.5591
    2527       1.6679
    2528       1.6658
    2529       1.6454
    2530       1.6169
    2531       1.7855
    2532       1.8025
    2533       1.5627
    2534       1.7141
    2535       1.6741
    2536       1.6112
    2537       1.6320
    2538       1.7128
    2539       1.6494
    2540       1.7574
    2541       1.6332
    2542       1.7405
    2543       1.6434
    2544       1.6355
    2545       1.5965
    2546       1.6096
    2547       1.6321
    2548       1.7524
    2549       1.7961
    2550       1.6755
    2551       1.6838
    2552       1.7105
    2553       1.7799
    2554       1.8414
    2555       1.8396
    2556       1.7738
    2557       1.6814
    2558       1.8164
    2559       1.8489
    2560       1.8304
    2561       1.7023
    2562       1.7739
    2563       1.6948
    2564       1.8352
    2565       1.7422
    2566       1.6854
    2567       1.6976
    2568       1.8347
    2569       1.7712
    2570       1.8698
    2571       1.7286
    2572       1.7806
    2573       1.6680
    2574       1.6905
    2575       1.6921
    2576       1.7337
    2577       1.7439
    2578       1.7906
    2579       1.8034
    2580       1.8374
    2581       1.6891
    2582       1.7734
    2583       1.6981
    2584       1.8052
    2585       1.7480
    2586       1.7485
    2587       1.8415
    2588       1.7339
    2589       1.7330
    2590       1.7457
    2591       1.8802
    2592       1.6949
    2593       1.7442
    2594       1.5627
    2595       1.7376
    2596       1.7198
    2597       1.6917
    2598       1.6372
    2599       1.6558
    2600       1.6537
    2601       1.5360
    2602       1.6611
    2603       1.6773
    2604       1.5746
    2605       1.7648
    2606       1.6800
    2607       1.6518
    2608       1.6775
    2609       1.7589
    2610       1.7685
    2611       1.6493
    2612       1.5861
    2613       1.6606
    2614       1.6660
    2615       1.7763
    2616       1.6984
    2617       1.7686
    2618       1.8360
    2619       1.7182
    2620       1.5771
    2621       1.5509
    2622       1.7317
    2623       1.8255
    2624       1.6799
    2625       1.7007
    2626       1.6520
    2627       1.6761
    2628       1.6354
    2629       1.6525
    2630       1.7536
    2631       1.6522
    2632       1.6384
    2633       1.6604
    2634       1.6855
    2635       1.7435
    2636       1.6415
    2637       1.6833
    2638       1.6976
    2639       1.5423
    2640       1.6464
    2641       1.6972
    2642       1.6088
    2643       1.6980
    2644       1.6905
    2645       1.6124
    2646       1.6364
    2647       1.8091
    2648       1.6623
    2649       1.6953
    2650       1.7199
    2651       1.7072
    2652       1.6846
    2653       1.6555
    2654       1.6416
    2655       1.5920
    2656       1.6430
    2657       1.6759
    2658       1.6415
    2659       1.6135
    2660       1.7069
    2661       1.6829
    2662       1.5708
    2663       1.6708
    2664       1.6176
    2665       1.6457
    2666       1.5457
    2667       1.6230
    2668       1.5613
    2669       1.5641
    2670       1.6029
    2671       1.6564
    2672       1.5221
    2673       1.6164
    2674       1.6074
    2675       1.6345
    2676       1.6186
    2677       1.5961
    2678       1.5245
    2679       1.6663
    2680       1.6904
    2681       1.6659
    2682       1.6098
    2683       1.6055
    2684       1.6475
    2685       1.5887
    2686       1.6338
    2687       1.6828
    2688       1.7171
    2689       1.7194
    2690       1.6644
    2691       1.6657
    2692       1.6502
    2693       1.7204
    2694       1.6859
    2695       1.7086
    2696       1.6962
    2697       1.7096
    2698       1.8156
    2699       1.7182
    2700       1.6728
    2701       1.7401
    2702       1.7225
    2703       1.6600
    2704       1.7014
    2705       1.6797
    2706       1.6453
    2707       1.6583
    2708       1.6789
    2709       1.7230
    2710       1.8656
    2711       1.7128
    2712       1.7328
    2713       1.6385
    2714       1.6787
    2715       1.6956
    2716       1.6529
    2717       1.6449
    2718       1.6869
    2719       1.6713
    2720       1.6797
    2721       1.7492
    2722       1.6364
    2723       1.6966
    2724       1.5820
    2725       1.6144
    2726       1.7867
    2727       1.6955
    2728       1.6520
    2729       1.7799
    2730       1.6141
    2731       1.7457
    2732       1.6354
    2733       1.7793
    2734       1.8016
    2735       1.6814
    2736       1.7013
    2737       1.6959
    2738       1.7184
    2739       1.6445
    2740       1.7562
    2741       1.7191
    2742       1.6645
    2743       1.6384
    2744       1.6535
    2745       1.6823
    2746       1.7349
    2747       1.7887
    2748       1.6485
    2749       1.6625
    2750       1.7001
    2751       1.7463
    2752       1.6861
    2753       1.7481
    2754       1.5991
    2755       1.6577
    2756       1.6196
    2757       1.7302
    2758       1.6917
    2759       1.6063
    2760       1.6674
    2761       1.7301
    2762       1.6702
    2763       1.6214
    2764       1.7093
    2765       1.6782
    2766       1.6365
    2767       1.6883
    2768       1.6650
    2769       1.7121
    2770       1.7376
    2771       1.6509
    2772       1.7313
    2773       1.7061
    2774       1.7994
    2775       1.6682
    2776       1.7214
    2777       1.6420
    2778       1.7798
    2779       1.7486
    2780       1.7651
    2781       1.6974
    2782       1.7240
    2783       1.7654
    2784       1.6567
    2785       1.6687
    2786       1.7293
    2787       1.5476
    2788       1.6911
    2789       1.6669
    2790       1.6343
    2791       1.6359
    2792       1.6727
    2793       1.7128
    2794       1.6561
    2795       1.6336
    2796       1.6566
    2797       1.6388
    2798       1.6805
    2799       1.6150
    2800       1.6508
    2801       1.6649
    2802       1.7205
    2803       1.5843
    2804       1.6851
    2805       1.8444
    2806       1.7197
    2807       1.6690
    2808       1.6994
    2809       1.7149
    2810       1.7151
    2811       1.6776
    2812       1.7196
    2813       1.7585
    2814       1.7735
    2815       1.7645
    2816       1.7195
    2817       1.6859
    2818       1.6694
    2819       1.6906
    2820       1.6722
    2821       1.7859
    2822       1.7283
    2823       1.6311
    2824       1.6888
    2825       1.7248
    2826       1.7478
    2827       1.6234
    2828       1.8210
    2829       1.7034
    2830       1.7924
    2831       1.8019
    2832       1.8298
    2833       1.7053
    2834       1.7299
    2835       1.6463
    2836       1.7686
    2837       1.7579
    2838       1.7101
    2839       1.7057
    2840       1.7219
    2841       1.7411
    2842       1.6891
    2843       1.7577
    2844       1.6945
    2845       1.6884
    2846       1.6265
    2847       1.7602
    2848       1.8074
    2849       1.8004
    2850       1.6832
    2851       1.6220
    2852       1.6318
    2853       1.6759
    2854       1.6288
    2855       1.6623
    2856       1.6583
    2857       1.6857
    2858       1.7608
    2859       1.6657
    2860       1.6824
    2861       1.6789
    2862       1.6164
    2863       1.7066
    2864       1.5919
    2865       1.6253
    2866       1.6286
    2867       1.6952
    2868       1.6908
    2869       1.6217
    2870       1.6566
    2871       1.6558
    2872       1.6846
    2873       1.6548
    2874       1.6642
    2875       1.6498
    2876       1.6309
    2877       1.5945
    2878       1.6536
    2879       1.6426
    2880       1.6295
    2881       1.6357
    2882       1.6279
    2883       1.7489
    2884       1.6403
    2885       1.7196
    2886       1.8006
    2887       1.7646
    2888       1.7483
    2889       1.7127
    2890       1.7589
    2891       1.7408
    2892       1.6693
    2893       1.6879
    2894       1.6823
    2895       1.7494
    2896       1.6996
    2897       1.5846
    2898       1.5675
    2899       1.6821
    2900       1.6602
    2901       1.6286
    2902       1.6219
    2903       1.6482
    2904       1.7082
    2905       1.7147
    2906       1.6634
    2907       1.6046
    2908       1.6727
    2909       1.7127
    2910       1.6938
    2911       1.7125
    2912       1.6494
    2913       1.6912
    2914       1.5227
    2915       1.6539
    2916       1.7659
    2917       1.8217
    2918       1.7320
    2919       1.7171
    2920       1.6026
    2921       1.5901
    2922       1.6919
    2923       1.7090
    2924       1.6781
    2925       1.6298
    2926       1.6754
    2927       1.6372
    2928       1.6353
    2929       1.6451
    2930       1.5873
    2931       1.7224
    2932       1.7530
    2933       1.6949
    2934       1.7126
    2935       1.6394
    2936       1.6745
    2937       1.6276
    2938       1.6698
    2939       1.6880
    2940       1.7546
    2941       1.6805
    2942       1.7009
    2943       1.6654
    2944       1.6838
    2945       1.6839
    2946       1.7548
    2947       1.7020
    2948       1.7624
    2949       1.7321
    2950       1.7068
    2951       1.8688
    2952       1.8181
    2953       1.9173
    2954       1.7812
    2955       1.8394
    2956       1.8746
    2957       1.8933
    2958       1.9634
    2959       1.8340
    2960       1.8002
    2961       1.9349
    2962       1.9498
    2963       1.8810
    2964       1.8255
    2965       1.7404
    2966       1.7984
    2967       1.7924
    2968       1.8161
    2969       1.8336
    2970       1.7749
    2971       1.8625
    2972       1.8251
    2973       1.7510
    2974       1.8973
    2975       1.8660
    2976       1.8914
    2977       1.8400
    2978       1.8208
    2979       1.8911
    2980       1.8971
    2981       1.7549
    2982       1.8936
    2983       1.9183
    2984       1.7746
    2985       1.8853
    2986       1.8780
    2987       1.7928
    2988       1.9363
    2989       1.8961
    2990       1.9941
    2991       1.8207
    2992       1.9451
    2993       1.8614
    2994       1.7527
    2995       1.7794
    2996       1.8551
    2997       1.8394
    2998       1.8627
    2999       1.8133
    3000       1.9266
    3001       1.7846
