0.276315
0.562388
0.822033
1.116990
1.406401
1.685127
1.960582
2.283305
2.584056
2.838702
3.117464
3.430456
3.747100
4.031406
4.348875
4.702839
5.002921
5.325665
5.652735
5.954729
6.251715
6.566829
6.871289
7.182835
7.485574
7.811449
8.096935
8.401898
8.715456
9.053274
9.339380
9.649555
10.008263
10.308060
10.594393
10.930856
11.241414
11.536381
11.848370
12.188410
12.476391
12.727191
13.058635
13.393221
13.668009
13.990767
14.362416
14.689975
15.013342
15.351444
15.660161
15.959229
16.325518
16.673896
16.980961
17.343274
17.669382
17.990684
18.329951
18.661913
18.974701
19.346656
19.686623
20.033942
20.405127
20.733654
21.046683
21.415247
21.802224
22.109206
22.448642
22.800396
23.150188
23.460427
23.799907
24.190417
24.564920
24.934833
25.332745
25.704300
26.077036
26.451629
26.847200
27.231487
27.633545
28.005152
28.400261
28.801025
29.212238
29.591825
29.980698
30.369807
30.726116
31.113049
31.473169
31.818792
32.212286
32.625309
33.092334
33.463010
33.871917
34.259351
34.635100
35.033698
35.370219
35.724444
36.110799
36.481354
36.807779
37.155354
37.557540
37.947975
38.318891
38.737412
39.117447
39.532652
39.934051
40.313897
40.704974
41.100781
41.484283
41.862037
42.288630
42.691710
43.103187
43.534068
43.951307
44.371377
44.841250
45.260993
45.676465
46.039728
46.444149
46.861090
47.281688
47.733783
48.144037
48.563745
48.947505
49.327504
49.747872
50.158346
50.511124
50.957678
51.334688
51.725523
52.128529
52.544469
52.935421
53.325515
53.739415
54.138298
54.563053
54.965385
55.331946
55.740617
56.131831
56.514380
56.891030
57.312131
57.762241
58.146824
58.551841
59.001332
59.354000
59.747766
60.156338
60.533921
60.952243
61.353232
61.740392
62.128036
62.499459
62.882702
63.297080
63.640332
64.056632
64.479027
64.860958
65.251797
65.630338
66.054979
66.479797
66.882595
67.255329
67.666066
68.047404
68.426766
68.810836
69.208876
69.601470
70.014442
70.429261
70.829191
71.279363
71.660041
72.112052
72.507963
72.908105
73.318502
73.734375
74.138288
74.518503
74.919155
75.298695
75.622659
76.023151
76.392937
76.725087
77.148932
77.543830
77.878281
78.189314
78.558055
78.886448
79.196239
79.606084
80.020514
80.454597
80.818229
81.131611
81.484790
81.814753
82.175260
82.549512
82.964185
83.341054
83.748474
84.112983
84.454671
84.730013
85.031757
85.367132
85.670366
85.994577
86.300265
86.668843
87.042732
87.418902
87.780589
88.126097
88.482675
88.850035
89.215303
89.620060
89.997326
90.369921
90.741296
91.108513
91.493676
91.842178
92.213678
92.568539
92.926754
93.322271
93.726863
94.114879
94.496811
94.912297
95.247699
95.622107
95.968993
96.392831
96.737200
97.117274
97.500208
97.843324
98.216202
98.548820
98.881781
99.238634
99.595350
99.990241
100.391610
100.754579
101.167344
101.569594
101.938236
102.313088
102.708908
103.082523
103.447896
103.785386
104.177394
104.565770
104.950786
105.399354
105.811570
106.221045
106.646172
107.075400
107.450148
107.856771
108.271278
108.675722
109.063033
109.429179
109.833504
110.237500
110.651200
111.080511
111.477715
111.873077
112.244032
112.632109
112.999092
113.399113
113.797051
114.165341
114.503010
114.863718
115.222907
115.568740
115.923647
116.248801
116.541894
116.849531
117.172702
117.493669
117.886393
118.216612
118.572939
118.889069
119.244224
119.664262
120.051093
120.458030
120.884663
121.262962
121.584136
121.866820
122.202176
122.537845
122.844491
123.159908
123.469796
123.783588
124.111529
124.436415
124.732057
125.011446
125.354838
125.660066
125.984131
126.342293
126.705548
127.017765
127.362450
127.684554
128.045570
128.384147
128.685627
129.029018
129.317488
129.688023
130.100414
130.470101
130.779874
131.063213
131.337037
131.664344
131.951219
132.256820
132.555552
132.848068
133.124218
133.429934
133.704191
134.025292
134.366822
134.677416
134.973799
135.294638
135.613885
135.951187
136.312915
136.653144
136.993827
137.292249
137.634463
137.992275
138.303903
138.650958
138.962771
139.332168
139.662391
139.967123
140.279515
140.581704
140.884102
141.207128
141.524529
141.890826
142.243221
142.540059
142.897712
143.241415
143.539551
143.876938
144.180208
144.497393
144.783352
145.128102
145.496940
145.843205
146.182309
146.544790
146.996601
147.363719
147.718418
148.062418
148.377675
148.730312
149.065343
149.424949
149.823076
150.139317
150.440098
150.770903
151.100975
151.425468
151.750731
152.066460
152.380545
152.720778
153.053406
153.394814
153.716529
154.068939
154.392982
154.684672
154.982703
155.298656
155.618630
156.015779
156.398245
156.822376
157.197354
157.572981
157.894980
158.212431
158.494704
158.782505
159.120968
159.511668
159.843678
160.157465
160.475723
160.817496
161.147642
161.455671
161.781860
162.109448
162.426192
162.746399
163.106649
163.448964
163.765312
164.042963
164.356440
164.642227
164.976331
165.331416
165.656306
165.993313
166.298668
166.628194
166.923653
167.215382
167.525123
167.822000
168.113493
168.419235
168.725816
169.022273
169.321153
169.633511
169.912456
170.233955
170.512630
170.831734
171.140103
171.431560
171.736930
172.050253
172.360873
172.683194
173.007167
173.304786
173.635089
174.044100
174.360637
174.716227
175.023223
175.289280
175.594013
175.924097
176.242347
176.513166
176.796862
177.116311
177.423933
177.729651
178.020998
178.311317
178.596267
178.898689
179.258661
179.593374
179.914532
180.203003
180.503072
180.862449
181.199573
181.524805
181.869322
182.201126
182.539753
182.845801
183.184646
183.528565
183.850802
184.179298
184.542081
184.976778
185.361487
185.745209
186.075664
186.405291
186.741529
187.011539
187.303245
187.633112
187.941475
188.238538
188.560092
188.874674
189.204356
189.577584
189.994357
190.351025
190.694093
190.993377
191.278384
191.587926
191.865134
192.172791
192.562460
192.850457
193.199926
193.567082
193.883433
194.194202
194.530760
194.892371
195.273940
195.664540
195.996449
196.320284
196.653799
196.947291
197.323335
197.667691
197.990544
198.265669
198.542746
198.806815
199.080316
199.356410
199.632866
199.903353
200.243385
200.578655
200.972079
201.355716
201.680625
202.031807
202.400494
202.765782
203.141035
203.461670
203.776912
204.100934
204.513228
204.903871
205.214266
205.565945
205.884788
206.226802
206.503652
206.799475
207.089306
207.404766
207.680710
207.963338
208.278143
208.604088
208.928135
209.250873
209.559746
209.849237
