#Frame   CLUSTER_00003
       1             2
       2             2
       3             2
       4             2
       5             2
       6             2
       7             2
       8             2
       9             2
      10             2
      11             2
      12             2
      13             2
      14             2
      15             2
      16             2
      17             2
      18             2
      19             2
      20             2
      21             2
      22             2
      23             2
      24             2
      25             2
      26             2
      27             2
      28             2
      29             2
      30             2
      31             2
      32             2
      33             2
      34             2
      35             2
      36             2
      37             2
      38             2
      39             2
      40             2
      41             2
      42             2
      43             2
      44             2
      45             2
      46             2
      47             2
      48             2
      49             2
      50             2
      51             2
      52             2
      53             2
      54             2
      55             2
      56             2
      57             2
      58             2
      59             2
      60             2
      61             2
      62             2
      63             2
      64             2
      65             2
      66             2
      67             2
      68             2
      69             2
      70             2
      71             2
      72             2
      73             2
      74             2
      75             2
      76             2
      77             2
      78             2
      79             2
      80             2
      81             2
      82             2
      83             2
      84             2
      85             2
      86             2
      87             2
      88             2
      89             2
      90             2
      91             2
      92             2
      93             2
      94             2
      95             2
      96             2
      97             2
      98             2
      99             2
     100             2
     101             2
     102             2
     103             2
     104             2
     105             2
     106             2
     107             2
     108             2
     109             2
     110             2
     111             2
     112             2
     113             2
     114             2
     115             2
     116             2
     117             2
     118             2
     119             2
     120             2
     121             2
     122             2
     123             2
     124             2
     125             2
     126             2
     127             2
     128             2
     129             2
     130             2
     131             2
     132             2
     133             2
     134             2
     135             2
     136             2
     137             2
     138             2
     139             2
     140             2
     141             2
     142             2
     143             2
     144             2
     145             2
     146             2
     147             2
     148             2
     149             2
     150             2
     151             2
     152             2
     153             2
     154             2
     155             2
     156             2
     157             2
     158             2
     159             2
     160             2
     161             2
     162             2
     163             2
     164             2
     165             2
     166             2
     167             2
     168             2
     169             2
     170             2
     171             2
     172             2
     173             2
     174             2
     175             2
     176             2
     177             2
     178             2
     179             2
     180             2
     181             2
     182             2
     183             2
     184             2
     185             2
     186             2
     187             2
     188             2
     189             2
     190             2
     191             2
     192             2
     193             2
     194             2
     195             2
     196             2
     197             2
     198             2
     199             2
     200             2
     201             2
     202             2
     203             2
     204             2
     205             2
     206             2
     207             2
     208             2
     209             2
     210             2
     211             2
     212             2
     213             2
     214             2
     215             2
     216             2
     217             2
     218             2
     219             2
     220             2
     221             2
     222             2
     223             2
     224             2
     225             2
     226             2
     227             2
     228             2
     229             2
     230             2
     231             2
     232             2
     233             2
     234             2
     235             2
     236             2
     237             2
     238             2
     239             2
     240             2
     241             2
     242             2
     243             2
     244             2
     245             2
     246             2
     247             2
     248             2
     249             2
     250             2
     251             2
     252             2
     253             2
     254             2
     255             2
     256             2
     257             2
     258             2
     259             2
     260             2
     261             2
     262             2
     263             2
     264             2
     265             2
     266             2
     267             2
     268             2
     269             2
     270             2
     271             2
     272             2
     273             2
     274             2
     275             2
     276             2
     277             2
     278             2
     279             2
     280             2
     281             2
     282             2
     283             2
     284             2
     285             2
     286             2
     287             2
     288             2
     289             2
     290             2
     291             2
     292             2
     293             2
     294             2
     295             2
     296             2
     297             2
     298             2
     299             2
     300             2
     301             2
     302             2
     303             2
     304             2
     305             2
     306             2
     307             2
     308             2
     309             2
     310             2
     311             2
     312             2
     313             2
     314             2
     315             2
     316             2
     317             2
     318             2
     319             2
     320             2
     321             2
     322             2
     323             2
     324             2
     325             2
     326             2
     327             2
     328             2
     329             2
     330             2
     331             2
     332             2
     333             2
     334             2
     335             2
     336             2
     337             2
     338             2
     339             2
     340             2
     341             2
     342             2
     343             2
     344             2
     345             2
     346             2
     347             2
     348             2
     349             2
     350             2
     351             2
     352             2
     353             2
     354             2
     355             2
     356             2
     357             2
     358             2
     359             2
     360             2
     361             2
     362             2
     363             2
     364             2
     365             2
     366             2
     367             2
     368             2
     369             2
     370             2
     371             2
     372             2
     373             2
     374             2
     375             2
     376             2
     377             2
     378             2
     379             2
     380             2
     381             2
     382             2
     383             2
     384             2
     385             2
     386             2
     387             2
     388             2
     389             2
     390             2
     391             2
     392             2
     393             2
     394             2
     395             2
     396             2
     397             2
     398             2
     399             2
     400             2
     401             2
     402             2
     403             2
     404             2
     405             2
     406             2
     407             2
     408             2
     409             2
     410             2
     411             2
     412             2
     413             2
     414             2
     415             2
     416             2
     417             2
     418             2
     419             2
     420             2
     421             2
     422             2
     423             2
     424             2
     425             2
     426             2
     427             2
     428             2
     429             2
     430             2
     431             2
     432             2
     433             2
     434             2
     435             2
     436             2
     437             2
     438             2
     439             2
     440             2
     441             2
     442             2
     443             2
     444             2
     445             2
     446             2
     447             2
     448             2
     449             2
     450             2
     451             2
     452             2
     453             2
     454             2
     455             2
     456             2
     457             2
     458             2
     459             2
     460             2
     461             2
     462             2
     463             2
     464             2
     465             2
     466             2
     467             2
     468             2
     469             2
     470             2
     471             2
     472             2
     473             2
     474             2
     475             2
     476             2
     477             2
     478             2
     479             2
     480             2
     481             2
     482             2
     483             2
     484             2
     485             2
     486             2
     487             2
     488             2
     489             2
     490             2
     491             2
     492             2
     493             2
     494             2
     495             2
     496             2
     497             2
     498             2
     499             2
     500             2
     501             2
     502             2
     503             2
     504             2
     505             2
     506             2
     507             2
     508             2
     509             2
     510             2
     511             2
     512             2
     513             2
     514             2
     515             2
     516             2
     517             2
     518             2
     519             2
     520             2
     521             2
     522             2
     523             2
     524             2
     525             2
     526             2
     527             2
     528             2
     529             2
     530             2
     531             2
     532             2
     533             2
     534             2
     535             2
     536             2
     537             2
     538             2
     539             2
     540             2
     541             2
     542             2
     543             2
     544             2
     545             2
     546             2
     547             2
     548             2
     549             2
     550             2
     551             2
     552             2
     553             2
     554             2
     555             2
     556             2
     557             2
     558             2
     559             2
     560             2
     561             2
     562             2
     563             2
     564             2
     565             2
     566             2
     567             2
     568             2
     569             2
     570             2
     571             2
     572             2
     573             2
     574             2
     575             2
     576             2
     577             2
     578             2
     579             2
     580             2
     581             2
     582             2
     583             2
     584             2
     585             2
     586             2
     587             2
     588             2
     589             2
     590             2
     591             2
     592             2
     593             2
     594             2
     595             2
     596             2
     597             2
     598             2
     599             2
     600             2
     601             2
     602             2
     603             2
     604             2
     605             2
     606             2
     607             2
     608             2
     609             2
     610             2
     611             2
     612             2
     613             2
     614             2
     615             2
     616             2
     617             2
     618             2
     619             2
     620             2
     621             2
     622             2
     623             2
     624             2
     625             2
     626             2
     627             2
     628             2
     629             2
     630             2
     631             2
     632             2
     633             2
     634             2
     635             2
     636             2
     637             2
     638             2
     639             2
     640             2
     641             2
     642             2
     643             2
     644             2
     645             2
     646             2
     647             2
     648             2
     649             2
     650             2
     651             2
     652             2
     653             2
     654             2
     655             2
     656             2
     657             2
     658             2
     659             2
     660             2
     661             0
     662             0
     663             0
     664             0
     665             0
     666             0
     667             0
     668             0
     669             0
     670             0
     671             0
     672             0
     673             0
     674             0
     675             0
     676             0
     677             0
     678             0
     679             0
     680             0
     681             0
     682             0
     683             0
     684             0
     685             0
     686             0
     687             0
     688             0
     689             0
     690             0
     691             0
     692             0
     693             0
     694             0
     695             0
     696             0
     697             0
     698             0
     699             0
     700             0
     701             0
     702             0
     703             0
     704             0
     705             0
     706             0
     707             0
     708             0
     709             0
     710             0
     711             0
     712             0
     713             0
     714             0
     715             0
     716             0
     717             0
     718             0
     719             0
     720             0
     721             0
     722             0
     723             0
     724             0
     725             0
     726             0
     727             0
     728             0
     729             0
     730             0
     731             0
     732             0
     733             0
     734             0
     735             0
     736             0
     737             0
     738             0
     739             0
     740             0
     741             0
     742             0
     743             0
     744             0
     745             0
     746             0
     747             0
     748             0
     749             0
     750             0
     751             0
     752             0
     753             0
     754             0
     755             0
     756             0
     757             0
     758             0
     759             0
     760             0
     761             0
     762             0
     763             0
     764             0
     765             0
     766             0
     767             0
     768             0
     769             0
     770             0
     771             0
     772             0
     773             0
     774             0
     775             0
     776             0
     777             0
     778             0
     779             0
     780             0
     781             0
     782             0
     783             0
     784             0
     785             0
     786             0
     787             0
     788             0
     789             0
     790             0
     791             0
     792             0
     793             0
     794             0
     795             0
     796             0
     797             0
     798             0
     799             0
     800             0
     801             0
     802             0
     803             0
     804             0
     805             0
     806             0
     807             0
     808             0
     809             0
     810             0
     811             0
     812             0
     813             0
     814             0
     815             0
     816             0
     817             0
     818             0
     819             0
     820             0
     821             0
     822             0
     823             0
     824             0
     825             0
     826             0
     827             0
     828             0
     829             0
     830             0
     831             0
     832             0
     833             0
     834             0
     835             0
     836             0
     837             0
     838             0
     839             0
     840             0
     841             0
     842             0
     843             0
     844             0
     845             0
     846             0
     847             0
     848             0
     849             0
     850             0
     851             0
     852             0
     853             0
     854             0
     855             0
     856             0
     857             0
     858             0
     859             0
     860             0
     861             0
     862             0
     863             0
     864             0
     865             0
     866             0
     867             0
     868             0
     869             0
     870             0
     871             0
     872             0
     873             0
     874             0
     875             0
     876             0
     877             0
     878             0
     879             0
     880             0
     881             0
     882             0
     883             0
     884             0
     885             0
     886             0
     887             0
     888             0
     889             0
     890             0
     891             0
     892             0
     893             0
     894             0
     895             0
     896             0
     897             0
     898             0
     899             0
     900             0
     901             0
     902             0
     903             0
     904             0
     905             0
     906             0
     907             0
     908             0
     909             0
     910             0
     911             0
     912             0
     913             0
     914             0
     915             0
     916             0
     917             0
     918             0
     919             0
     920             0
     921             0
     922             0
     923             0
     924             0
     925             0
     926             0
     927             0
     928             0
     929             0
     930             0
     931             0
     932             0
     933             0
     934             0
     935             0
     936             0
     937             0
     938             0
     939             0
     940             0
     941             0
     942             0
     943             0
     944             0
     945             0
     946             0
     947             0
     948             0
     949             0
     950             0
     951             0
     952             0
     953             0
     954             0
     955             0
     956             0
     957             0
     958             0
     959             0
     960             0
     961             0
     962             0
     963             0
     964             0
     965             0
     966             0
     967             0
     968             0
     969             0
     970             0
     971             0
     972             0
     973             0
     974             0
     975             0
     976             0
     977             0
     978             0
     979             0
     980             0
     981             0
     982             0
     983             0
     984             0
     985             0
     986             0
     987             0
     988             0
     989             0
     990             0
     991             0
     992             0
     993             0
     994             0
     995             0
     996             0
     997             0
     998             0
     999             0
    1000             0
    1001             0
    1002             0
    1003             0
    1004             0
    1005             0
    1006             0
    1007             0
    1008             0
    1009             0
    1010             0
    1011             0
    1012             0
    1013             0
    1014             0
    1015             0
    1016             0
    1017             0
    1018             0
    1019             0
    1020             0
    1021             0
    1022             0
    1023             0
    1024             0
    1025             0
    1026             0
    1027             0
    1028             0
    1029             0
    1030             0
    1031             0
    1032             0
    1033             0
    1034             0
    1035             0
    1036             0
    1037             0
    1038             0
    1039             0
    1040             0
    1041             0
    1042             0
    1043             0
    1044             0
    1045             0
    1046             0
    1047             0
    1048             0
    1049             0
    1050             0
    1051             0
    1052             0
    1053             0
    1054             0
    1055             0
    1056             0
    1057             0
    1058             0
    1059             0
    1060             0
    1061             0
    1062             0
    1063             0
    1064             0
    1065             0
    1066             0
    1067             0
    1068             0
    1069             0
    1070             0
    1071             0
    1072             0
    1073             0
    1074             0
    1075             0
    1076             0
    1077             0
    1078             0
    1079             0
    1080             0
    1081             0
    1082             0
    1083             0
    1084             0
    1085             0
    1086             0
    1087             0
    1088             0
    1089             0
    1090             0
    1091             0
    1092             0
    1093             0
    1094             0
    1095             0
    1096             0
    1097             0
    1098             0
    1099             0
    1100             0
    1101             0
    1102             0
    1103             0
    1104             0
    1105             0
    1106             0
    1107             0
    1108             0
    1109             0
    1110             0
    1111             0
    1112             0
    1113             0
    1114             0
    1115             0
    1116             0
    1117             0
    1118             0
    1119             0
    1120             0
    1121             0
    1122             0
    1123             0
    1124             0
    1125             0
    1126             0
    1127             0
    1128             0
    1129             0
    1130             0
    1131             0
    1132             0
    1133             0
    1134             0
    1135             0
    1136             0
    1137             0
    1138             0
    1139             0
    1140             0
    1141             0
    1142             0
    1143             0
    1144             0
    1145             0
    1146             0
    1147             0
    1148             0
    1149             0
    1150             0
    1151             0
    1152             0
    1153             0
    1154             0
    1155             0
    1156             0
    1157             0
    1158             0
    1159             0
    1160             0
    1161             0
    1162             0
    1163             0
    1164             0
    1165             0
    1166             0
    1167             0
    1168             0
    1169             0
    1170             0
    1171             0
    1172             0
    1173             0
    1174             0
    1175             0
    1176             0
    1177             0
    1178             0
    1179             0
    1180             0
    1181             0
    1182             0
    1183             0
    1184             0
    1185             0
    1186             0
    1187             0
    1188             0
    1189             0
    1190             0
    1191             0
    1192             0
    1193             0
    1194             0
    1195             0
    1196             0
    1197             0
    1198             0
    1199             0
    1200             0
    1201             0
    1202             0
    1203             0
    1204             0
    1205             0
    1206             0
    1207             0
    1208             0
    1209             0
    1210             0
    1211             0
    1212             0
    1213             0
    1214             0
    1215             0
    1216             0
    1217             0
    1218             0
    1219             0
    1220             0
    1221             0
    1222             0
    1223             0
    1224             0
    1225             0
    1226             0
    1227             0
    1228             0
    1229             0
    1230             0
    1231             0
    1232             0
    1233             0
    1234             0
    1235             0
    1236             0
    1237             0
    1238             0
    1239             0
    1240             0
    1241             0
    1242             0
    1243             0
    1244             0
    1245             0
    1246             0
    1247             0
    1248             0
    1249             0
    1250             0
    1251             0
    1252             0
    1253             0
    1254             0
    1255             0
    1256             0
    1257             0
    1258             0
    1259             0
    1260             0
    1261             0
    1262             0
    1263             0
    1264             0
    1265             0
    1266             0
    1267             0
    1268             0
    1269             0
    1270             0
    1271             0
    1272             0
    1273             0
    1274             0
    1275             0
    1276             0
    1277             0
    1278             0
    1279             0
    1280             0
    1281             0
    1282             0
    1283             0
    1284             0
    1285             0
    1286             0
    1287             0
    1288             0
    1289             0
    1290             0
    1291             0
    1292             0
    1293             0
    1294             0
    1295             0
    1296             0
    1297             0
    1298             0
    1299             0
    1300             0
    1301             0
    1302             0
    1303             0
    1304             0
    1305             0
    1306             0
    1307             0
    1308             0
    1309             0
    1310             0
    1311             0
    1312             0
    1313             0
    1314             0
    1315             0
    1316             0
    1317             0
    1318             0
    1319             0
    1320             0
    1321             0
    1322             0
    1323             0
    1324             0
    1325             0
    1326             0
    1327             0
    1328             0
    1329             0
    1330             0
    1331             0
    1332             0
    1333             0
    1334             0
    1335             0
    1336             0
    1337             0
    1338             0
    1339             0
    1340             0
    1341             0
    1342             0
    1343             0
    1344             0
    1345             0
    1346             0
    1347             0
    1348             0
    1349             0
    1350             0
    1351             0
    1352             0
    1353             0
    1354             0
    1355             0
    1356             0
    1357             0
    1358             0
    1359             0
    1360             0
    1361             0
    1362             0
    1363             0
    1364             0
    1365             0
    1366             0
    1367             0
    1368             0
    1369             0
    1370             0
    1371             0
    1372             0
    1373             0
    1374             0
    1375             0
    1376             0
    1377             0
    1378             0
    1379             0
    1380             0
    1381             0
    1382             0
    1383             0
    1384             0
    1385             0
    1386             0
    1387             0
    1388             0
    1389             0
    1390             0
    1391             0
    1392             0
    1393             0
    1394             0
    1395             0
    1396             0
    1397             0
    1398             0
    1399             0
    1400             0
    1401             0
    1402             0
    1403             0
    1404             0
    1405             0
    1406             0
    1407             0
    1408             0
    1409             0
    1410             0
    1411             0
    1412             0
    1413             0
    1414             0
    1415             0
    1416             0
    1417             0
    1418             0
    1419             0
    1420             0
    1421             0
    1422             0
    1423             0
    1424             0
    1425             0
    1426             0
    1427             0
    1428             0
    1429             0
    1430             0
    1431             0
    1432             0
    1433             0
    1434             0
    1435             0
    1436             0
    1437             0
    1438             0
    1439             0
    1440             0
    1441             0
    1442             0
    1443             0
    1444             0
    1445             0
    1446             0
    1447             0
    1448             0
    1449             0
    1450             0
    1451             0
    1452             0
    1453             0
    1454             0
    1455             0
    1456             0
    1457             0
    1458             0
    1459             0
    1460             0
    1461             0
    1462             0
    1463             0
    1464             0
    1465             0
    1466             0
    1467             0
    1468             0
    1469             0
    1470             0
    1471             0
    1472             0
    1473             0
    1474             0
    1475             0
    1476             0
    1477             0
    1478             0
    1479             0
    1480             0
    1481             0
    1482             0
    1483             0
    1484             0
    1485             0
    1486             0
    1487             0
    1488             0
    1489             0
    1490             0
    1491             0
    1492             0
    1493             0
    1494             0
    1495             0
    1496             0
    1497             0
    1498             0
    1499             0
    1500             0
    1501             0
    1502             0
    1503             0
    1504             0
    1505             0
    1506             0
    1507             0
    1508             0
    1509             0
    1510             0
    1511             0
    1512             0
    1513             0
    1514             0
    1515             0
    1516             0
    1517             0
    1518             0
    1519             0
    1520             0
    1521             0
    1522             0
    1523             0
    1524             0
    1525             0
    1526             0
    1527             0
    1528             0
    1529             0
    1530             0
    1531             0
    1532             0
    1533             0
    1534             0
    1535             0
    1536             0
    1537             0
    1538             0
    1539             0
    1540             0
    1541             0
    1542             0
    1543             0
    1544             0
    1545             0
    1546             0
    1547             0
    1548             0
    1549             0
    1550             0
    1551             0
    1552             0
    1553             0
    1554             0
    1555             0
    1556             0
    1557             0
    1558             0
    1559             0
    1560             0
    1561             0
    1562             0
    1563             0
    1564             0
    1565             0
    1566             0
    1567             0
    1568             0
    1569             0
    1570             0
    1571             0
    1572             0
    1573             0
    1574             0
    1575             0
    1576             0
    1577             0
    1578             0
    1579             0
    1580             0
    1581             0
    1582             0
    1583             0
    1584             0
    1585             0
    1586             0
    1587             0
    1588             0
    1589             0
    1590             0
    1591             0
    1592             0
    1593             0
    1594             0
    1595             0
    1596             0
    1597             0
    1598             0
    1599             0
    1600             0
    1601             0
    1602             0
    1603             0
    1604             0
    1605             0
    1606             0
    1607             0
    1608             0
    1609             0
    1610             0
    1611             0
    1612             0
    1613             0
    1614             0
    1615             0
    1616             0
    1617             0
    1618             0
    1619             0
    1620             0
    1621             0
    1622             0
    1623             0
    1624             0
    1625             0
    1626             0
    1627             0
    1628             0
    1629             0
    1630             0
    1631             0
    1632             0
    1633             0
    1634             0
    1635             0
    1636             0
    1637             0
    1638             0
    1639             0
    1640             0
    1641             0
    1642             0
    1643             0
    1644             0
    1645             0
    1646             0
    1647             0
    1648             0
    1649             0
    1650             0
    1651             0
    1652             0
    1653             0
    1654             0
    1655             0
    1656             0
    1657             0
    1658             0
    1659             0
    1660             0
    1661             0
    1662             0
    1663             0
    1664             0
    1665             0
    1666             0
    1667             0
    1668             0
    1669             0
    1670             0
    1671             0
    1672             0
    1673             0
    1674             0
    1675             0
    1676             0
    1677             0
    1678             0
    1679             0
    1680             0
    1681             0
    1682             0
    1683             0
    1684             0
    1685             0
    1686             0
    1687             0
    1688             0
    1689             0
    1690             0
    1691             0
    1692             0
    1693             0
    1694             0
    1695             0
    1696             0
    1697             0
    1698             0
    1699             0
    1700             0
    1701             0
    1702             0
    1703             0
    1704             0
    1705             0
    1706             0
    1707             0
    1708             0
    1709             0
    1710             0
    1711             0
    1712             0
    1713             0
    1714             0
    1715             0
    1716             0
    1717             0
    1718             0
    1719             0
    1720             0
    1721             0
    1722             0
    1723             0
    1724             0
    1725             0
    1726             0
    1727             0
    1728             0
    1729             0
    1730             0
    1731             0
    1732             0
    1733             0
    1734             0
    1735             0
    1736             0
    1737             0
    1738             0
    1739             0
    1740             0
    1741             0
    1742             0
    1743             0
    1744             0
    1745             0
    1746             0
    1747             0
    1748             0
    1749             0
    1750             0
    1751             0
    1752             0
    1753             0
    1754             0
    1755             0
    1756             0
    1757             0
    1758             0
    1759             0
    1760             0
    1761             0
    1762             0
    1763             0
    1764             0
    1765             0
    1766             0
    1767             0
    1768             0
    1769             0
    1770             0
    1771             0
    1772             0
    1773             0
    1774             0
    1775             0
    1776             0
    1777             0
    1778             0
    1779             0
    1780             0
    1781             0
    1782             0
    1783             0
    1784             0
    1785             0
    1786             0
    1787             0
    1788             0
    1789             0
    1790             0
    1791             0
    1792             0
    1793             0
    1794             0
    1795             0
    1796             0
    1797             0
    1798             0
    1799             0
    1800             0
    1801             0
    1802             0
    1803             0
    1804             0
    1805             0
    1806             0
    1807             0
    1808             0
    1809             0
    1810             0
    1811             0
    1812             0
    1813             0
    1814             0
    1815             0
    1816             0
    1817             0
    1818             0
    1819             0
    1820             0
    1821             0
    1822             0
    1823             0
    1824             0
    1825             0
    1826             0
    1827             0
    1828             0
    1829             0
    1830             0
    1831             0
    1832             0
    1833             0
    1834             0
    1835             0
    1836             0
    1837             0
    1838             0
    1839             0
    1840             0
    1841             0
    1842             0
    1843             0
    1844             0
    1845             0
    1846             0
    1847             0
    1848             0
    1849             0
    1850             0
    1851             0
    1852             0
    1853             0
    1854             0
    1855             0
    1856             0
    1857             0
    1858             0
    1859             0
    1860             0
    1861             0
    1862             0
    1863             0
    1864             0
    1865             0
    1866             0
    1867             0
    1868             0
    1869             0
    1870             0
    1871             0
    1872             0
    1873             0
    1874             0
    1875             0
    1876             0
    1877             0
    1878             0
    1879             0
    1880             0
    1881             0
    1882             0
    1883             0
    1884             0
    1885             0
    1886             0
    1887             0
    1888             0
    1889             0
    1890             0
    1891             0
    1892             0
    1893             0
    1894             0
    1895             0
    1896             0
    1897             0
    1898             0
    1899             0
    1900             0
    1901             0
    1902             0
    1903             0
    1904             0
    1905             0
    1906             0
    1907             0
    1908             0
    1909             0
    1910             0
    1911             0
    1912             0
    1913             0
    1914             0
    1915             0
    1916             0
    1917             0
    1918             0
    1919             0
    1920             0
    1921             0
    1922             0
    1923             0
    1924             0
    1925             0
    1926             0
    1927             0
    1928             0
    1929             0
    1930             0
    1931             0
    1932             0
    1933             0
    1934             0
    1935             0
    1936             0
    1937             0
    1938             0
    1939             0
    1940             0
    1941             0
    1942             0
    1943             0
    1944             0
    1945             0
    1946             0
    1947             0
    1948             0
    1949             0
    1950             0
    1951             0
    1952             0
    1953             0
    1954             0
    1955             0
    1956             0
    1957             0
    1958             0
    1959             0
    1960             0
    1961             0
    1962             0
    1963             0
    1964             0
    1965             0
    1966             0
    1967             0
    1968             0
    1969             0
    1970             0
    1971             0
    1972             0
    1973             0
    1974             0
    1975             0
    1976             0
    1977             0
    1978             0
    1979             0
    1980             0
    1981             0
    1982             0
    1983             0
    1984             0
    1985             0
    1986             0
    1987             0
    1988             0
    1989             0
    1990             0
    1991             0
    1992             0
    1993             0
    1994             0
    1995             0
    1996             0
    1997             0
    1998             0
    1999             0
    2000             0
    2001             0
    2002             0
    2003             0
    2004             0
    2005             0
    2006             0
    2007             0
    2008             0
    2009             0
    2010             0
    2011             0
    2012             0
    2013             0
    2014             0
    2015             0
    2016             0
    2017             0
    2018             0
    2019             0
    2020             0
    2021             0
    2022             1
    2023             1
    2024             1
    2025             1
    2026             1
    2027             1
    2028             1
    2029             1
    2030             1
    2031             1
    2032             1
    2033             1
    2034             1
    2035             1
    2036             1
    2037             1
    2038             1
    2039             1
    2040             1
    2041             1
    2042             1
    2043             1
    2044             1
    2045             1
    2046             1
    2047             1
    2048             1
    2049             1
    2050             1
    2051             1
    2052             1
    2053             1
    2054             1
    2055             1
    2056             1
    2057             1
    2058             1
    2059             1
    2060             1
    2061             1
    2062             1
    2063             1
    2064             1
    2065             1
    2066             1
    2067             1
    2068             1
    2069             1
    2070             1
    2071             1
    2072             1
    2073             1
    2074             1
    2075             1
    2076             1
    2077             1
    2078             1
    2079             1
    2080             1
    2081             1
    2082             1
    2083             1
    2084             1
    2085             1
    2086             1
    2087             1
    2088             1
    2089             1
    2090             1
    2091             1
    2092             1
    2093             1
    2094             1
    2095             1
    2096             1
    2097             1
    2098             1
    2099             1
    2100             1
    2101             1
    2102             1
    2103             1
    2104             1
    2105             1
    2106             1
    2107             1
    2108             1
    2109             1
    2110             1
    2111             1
    2112             1
    2113             1
    2114             1
    2115             1
    2116             1
    2117             1
    2118             1
    2119             1
    2120             1
    2121             1
    2122             1
    2123             1
    2124             1
    2125             1
    2126             1
    2127             1
    2128             1
    2129             1
    2130             1
    2131             1
    2132             1
    2133             1
    2134             1
    2135             1
    2136             1
    2137             1
    2138             1
    2139             1
    2140             1
    2141             1
    2142             1
    2143             1
    2144             1
    2145             1
    2146             1
    2147             1
    2148             1
    2149             1
    2150             1
    2151             1
    2152             1
    2153             1
    2154             1
    2155             1
    2156             1
    2157             1
    2158             1
    2159             1
    2160             1
    2161             1
    2162             1
    2163             1
    2164             1
    2165             1
    2166             1
    2167             1
    2168             1
    2169             1
    2170             1
    2171             1
    2172             1
    2173             1
    2174             1
    2175             1
    2176             1
    2177             1
    2178             1
    2179             1
    2180             1
    2181             1
    2182             1
    2183             1
    2184             1
    2185             1
    2186             1
    2187             1
    2188             1
    2189             1
    2190             1
    2191             1
    2192             1
    2193             1
    2194             1
    2195             1
    2196             1
    2197             1
    2198             1
    2199             1
    2200             1
    2201             1
    2202             1
    2203             1
    2204             1
    2205             1
    2206             1
    2207             1
    2208             1
    2209             1
    2210             1
    2211             1
    2212             1
    2213             1
    2214             1
    2215             1
    2216             1
    2217             1
    2218             1
    2219             1
    2220             1
    2221             1
    2222             1
    2223             1
    2224             1
    2225             1
    2226             1
    2227             1
    2228             1
    2229             1
    2230             1
    2231             1
    2232             1
    2233             1
    2234             1
    2235             1
    2236             1
    2237             1
    2238             1
    2239             1
    2240             1
    2241             1
    2242             1
    2243             1
    2244             1
    2245             1
    2246             1
    2247             1
    2248             1
    2249             1
    2250             1
    2251             1
    2252             1
    2253             1
    2254             1
    2255             1
    2256             1
    2257             1
    2258             1
    2259             1
    2260             1
    2261             1
    2262             1
    2263             1
    2264             1
    2265             1
    2266             1
    2267             1
    2268             1
    2269             1
    2270             1
    2271             1
    2272             1
    2273             1
    2274             1
    2275             1
    2276             1
    2277             1
    2278             1
    2279             1
    2280             1
    2281             1
    2282             1
    2283             1
    2284             1
    2285             1
    2286             1
    2287             1
    2288             1
    2289             1
    2290             1
    2291             1
    2292             1
    2293             1
    2294             1
    2295             1
    2296             1
    2297             1
    2298             1
    2299             1
    2300             1
    2301             1
    2302             1
    2303             1
    2304             1
    2305             1
    2306             1
    2307             1
    2308             1
    2309             1
    2310             1
    2311             1
    2312             1
    2313             1
    2314             1
    2315             1
    2316             1
    2317             1
    2318             1
    2319             1
    2320             1
    2321             1
    2322             1
    2323             1
    2324             1
    2325             1
    2326             1
    2327             1
    2328             1
    2329             1
    2330             1
    2331             1
    2332             1
    2333             1
    2334             1
    2335             1
    2336             1
    2337             1
    2338             1
    2339             1
    2340             1
    2341             1
    2342             1
    2343             1
    2344             1
    2345             1
    2346             1
    2347             1
    2348             1
    2349             1
    2350             1
    2351             1
    2352             1
    2353             1
    2354             1
    2355             1
    2356             1
    2357             1
    2358             1
    2359             1
    2360             1
    2361             1
    2362             1
    2363             1
    2364             1
    2365             1
    2366             1
    2367             1
    2368             1
    2369             1
    2370             1
    2371             1
    2372             1
    2373             1
    2374             1
    2375             1
    2376             1
    2377             1
    2378             1
    2379             1
    2380             1
    2381             1
    2382             1
    2383             1
    2384             1
    2385             1
    2386             1
    2387             1
    2388             1
    2389             1
    2390             1
    2391             1
    2392             1
    2393             1
    2394             1
    2395             1
    2396             1
    2397             1
    2398             1
    2399             1
    2400             1
    2401             1
    2402             1
    2403             1
    2404             1
    2405             1
    2406             1
    2407             1
    2408             1
    2409             1
    2410             1
    2411             1
    2412             1
    2413             1
    2414             1
    2415             1
    2416             1
    2417             1
    2418             1
    2419             1
    2420             1
    2421             1
    2422             1
    2423             1
    2424             1
    2425             1
    2426             1
    2427             1
    2428             1
    2429             1
    2430             1
    2431             1
    2432             1
    2433             1
    2434             1
    2435             1
    2436             1
    2437             1
    2438             1
    2439             1
    2440             1
    2441             1
    2442             1
    2443             1
    2444             1
    2445             1
    2446             1
    2447             1
    2448             1
    2449             1
    2450             1
    2451             1
    2452             1
    2453             1
    2454             1
    2455             1
    2456             1
    2457             1
    2458             1
    2459             1
    2460             1
    2461             1
    2462             1
    2463             1
    2464             1
    2465             1
    2466             1
    2467             1
    2468             1
    2469             1
    2470             1
    2471             1
    2472             1
    2473             1
    2474             1
    2475             1
    2476             1
    2477             1
    2478             1
    2479             1
    2480             1
    2481             1
    2482             1
    2483             1
    2484             1
    2485             1
    2486             1
    2487             1
    2488             1
    2489             1
    2490             1
    2491             1
    2492             1
    2493             1
    2494             1
    2495             1
    2496             1
    2497             1
    2498             1
    2499             1
    2500             1
    2501             1
    2502             1
    2503             1
    2504             1
    2505             1
    2506             1
    2507             1
    2508             1
    2509             1
    2510             1
    2511             1
    2512             1
    2513             1
    2514             1
    2515             1
    2516             1
    2517             1
    2518             1
    2519             1
    2520             1
    2521             1
    2522             1
    2523             1
    2524             1
    2525             1
    2526             1
    2527             1
    2528             1
    2529             1
    2530             1
    2531             1
    2532             1
    2533             1
    2534             1
    2535             1
    2536             1
    2537             1
    2538             1
    2539             1
    2540             1
    2541             1
    2542             1
    2543             1
    2544             1
    2545             1
    2546             1
    2547             1
    2548             1
    2549             1
    2550             1
    2551             1
    2552             1
    2553             1
    2554             1
    2555             1
    2556             1
    2557             1
    2558             1
    2559             1
    2560             1
    2561             1
    2562             1
    2563             1
    2564             1
    2565             1
    2566             1
    2567             1
    2568             1
    2569             1
    2570             1
    2571             1
    2572             1
    2573             1
    2574             1
    2575             1
    2576             1
    2577             1
    2578             1
    2579             1
    2580             1
    2581             1
    2582             1
    2583             1
    2584             1
    2585             1
    2586             1
    2587             1
    2588             1
    2589             1
    2590             1
    2591             1
    2592             1
    2593             1
    2594             1
    2595             1
    2596             1
    2597             1
    2598             1
    2599             1
    2600             1
    2601             1
    2602             1
    2603             1
    2604             1
    2605             1
    2606             1
    2607             1
    2608             1
    2609             1
    2610             1
    2611             1
    2612             1
    2613             1
    2614             1
    2615             1
    2616             1
    2617             1
    2618             1
    2619             1
    2620             1
    2621             1
    2622             1
    2623             1
    2624             1
    2625             1
    2626             1
    2627             1
    2628             1
    2629             1
    2630             1
    2631             1
    2632             1
    2633             1
    2634             1
    2635             1
    2636             1
    2637             1
    2638             1
    2639             1
    2640             1
    2641             1
    2642             1
    2643             1
    2644             1
    2645             1
    2646             1
    2647             1
    2648             1
    2649             1
    2650             1
    2651             1
    2652             1
    2653             1
    2654             1
    2655             1
    2656             1
    2657             1
    2658             1
    2659             1
    2660             1
    2661             1
    2662             1
    2663             1
    2664             1
    2665             1
    2666             1
    2667             1
    2668             1
    2669             1
    2670             1
    2671             1
    2672             1
    2673             1
    2674             1
    2675             1
    2676             1
    2677             1
    2678             1
    2679             1
    2680             1
    2681             1
    2682             1
    2683             1
    2684             1
    2685             1
    2686             1
    2687             1
    2688             1
    2689             1
    2690             1
    2691             1
    2692             1
    2693             1
    2694             1
    2695             1
    2696             1
    2697             1
    2698             1
    2699             1
    2700             1
    2701             1
    2702             1
    2703             1
    2704             1
    2705             1
    2706             1
    2707             1
    2708             1
    2709             1
    2710             1
    2711             1
    2712             1
    2713             1
    2714             1
    2715             1
    2716             1
    2717             1
    2718             1
    2719             1
    2720             1
    2721             1
    2722             1
    2723             1
    2724             1
    2725             1
    2726             1
    2727             1
    2728             1
    2729             1
    2730             1
    2731             1
    2732             1
    2733             1
    2734             1
    2735             1
    2736             1
    2737             1
    2738             1
    2739             1
    2740             1
    2741             1
    2742             1
    2743             1
    2744             1
    2745             1
    2746             1
    2747             1
    2748             1
    2749             1
    2750             1
    2751             1
    2752             1
    2753             1
    2754             1
    2755             1
    2756             1
    2757             1
    2758             1
    2759             1
    2760             1
    2761             1
    2762             1
    2763             1
    2764             1
    2765             1
    2766             1
    2767             1
    2768             1
    2769             1
    2770             1
    2771             1
    2772             1
    2773             1
    2774             1
    2775             1
    2776             1
    2777             1
    2778             1
    2779             1
    2780             1
    2781             1
    2782             1
    2783             1
    2784             1
    2785             1
    2786             1
    2787             1
    2788             1
    2789             1
    2790             1
    2791             1
    2792             1
    2793             1
    2794             1
    2795             1
    2796             1
    2797             1
    2798             1
    2799             1
    2800             1
    2801             1
    2802             1
    2803             1
    2804             1
    2805             1
    2806             1
    2807             1
    2808             1
    2809             1
    2810             1
    2811             1
    2812             1
    2813             1
    2814             1
    2815             1
    2816             1
    2817             1
    2818             1
    2819             1
    2820             1
    2821             1
    2822             1
    2823             1
    2824             1
    2825             1
    2826             1
    2827             1
    2828             1
    2829             1
    2830             1
    2831             1
    2832             1
    2833             1
    2834             1
    2835             1
    2836             1
    2837             1
    2838             1
    2839             1
    2840             1
    2841             1
    2842             1
    2843             1
    2844             1
    2845             1
    2846             1
    2847             1
    2848             1
    2849             1
    2850             1
    2851             1
    2852             1
    2853             1
    2854             1
    2855             1
    2856             1
    2857             1
    2858             1
    2859             1
    2860             1
    2861             1
    2862             1
    2863             1
    2864             1
    2865             1
    2866             1
    2867             1
    2868             1
    2869             1
    2870             1
    2871             1
    2872             1
    2873             1
    2874             1
    2875             1
    2876             1
    2877             1
    2878             1
    2879             1
    2880             1
    2881             1
    2882             1
    2883             1
    2884             1
    2885             1
    2886             1
    2887             1
    2888             1
    2889             1
    2890             1
    2891             1
    2892             1
    2893             1
    2894             1
    2895             1
    2896             1
    2897             1
    2898             1
    2899             1
    2900             1
    2901             1
    2902             1
    2903             1
    2904             1
    2905             1
    2906             1
    2907             1
    2908             1
    2909             1
    2910             1
    2911             1
    2912             1
    2913             1
    2914             1
    2915             1
    2916             1
    2917             1
    2918             1
    2919             1
    2920             1
    2921             1
    2922             1
    2923             1
    2924             1
    2925             1
    2926             1
    2927             1
    2928             1
    2929             1
    2930             1
    2931             1
    2932             1
    2933             1
    2934             1
    2935             1
    2936             1
    2937             1
    2938             1
    2939             1
    2940             1
    2941             1
    2942             1
    2943             1
    2944             1
    2945             1
    2946             1
    2947             1
    2948             1
    2949             1
    2950             1
    2951             1
    2952             1
    2953             1
    2954             1
    2955             1
    2956             1
    2957             1
    2958             1
    2959             1
    2960             1
    2961             1
    2962             1
    2963             1
    2964             1
    2965             1
    2966             1
    2967             1
    2968             1
    2969             1
    2970             1
    2971             1
    2972             1
    2973             1
    2974             1
    2975             1
    2976             1
    2977             1
    2978             1
    2979             1
    2980             1
    2981             1
    2982             1
    2983             1
    2984             1
    2985             1
    2986             1
    2987             1
    2988             1
    2989             1
    2990             1
    2991             1
    2992             1
    2993             1
    2994             1
    2995             1
    2996             1
    2997             1
    2998             1
    2999             1
    3000             1
    3001             1
