0.316682
0.662767
1.019791
1.385780
1.774189
2.131467
2.510928
2.887740
3.250116
3.652717
4.024526
4.441761
4.906541
5.304297
5.740680
6.184645
6.622242
7.046957
7.458135
7.892441
8.274683
8.675816
9.072805
9.461308
9.842739
10.262458
10.676377
11.136143
11.561874
12.042461
12.432578
12.868592
13.270440
13.684784
14.122330
14.535857
15.008034
15.461815
15.918397
16.379388
16.800436
17.237761
17.647462
18.057200
18.479570
18.869216
19.307919
19.666650
20.049860
20.417412
20.786022
21.115457
21.485646
21.948356
22.345978
22.752345
23.177828
23.589167
24.003023
24.410017
24.831411
25.270469
25.711657
26.197372
26.711778
27.218802
27.680832
28.210204
28.680509
29.206116
29.703299
30.169105
30.641739
31.104083
31.531620
31.995617
32.437546
32.884697
33.369788
33.847949
34.361266
34.851289
35.341293
35.826899
36.293795
36.770829
37.228403
37.762844
38.351679
38.886604
39.383757
39.904812
40.369833
40.845057
41.263057
41.792501
42.317416
42.816760
43.372735
43.883247
44.432533
44.894217
45.380524
45.821041
46.253886
46.705539
47.182670
47.612175
48.055590
48.518929
48.992681
49.462667
49.916821
50.376908
50.847863
51.306522
51.753947
52.181823
52.621191
53.100304
53.535962
54.040665
54.510855
54.933507
55.374512
55.834242
56.300749
56.754792
57.206643
57.704095
58.172977
58.613072
59.063164
59.595598
60.088515
60.546825
60.974996
61.418194
61.859919
62.308303
62.750294
63.187057
63.727522
64.174342
64.651063
65.109330
65.586385
66.010376
66.345069
66.651358
67.076395
67.458152
67.935463
68.290621
68.617488
68.894495
69.174956
69.529662
69.865313
70.167730
70.517872
70.826567
71.151230
71.469291
71.808762
72.121848
72.514523
72.894235
73.322387
73.769499
74.187056
74.597037
74.977478
75.310139
75.705703
76.176668
76.562333
76.934746
77.416217
77.888041
78.291044
78.703484
79.046792
79.385429
79.708978
79.992530
80.373878
80.760792
81.184033
81.629525
82.063427
82.436996
82.811143
83.249152
83.701451
84.143529
84.552037
84.942922
85.278208
85.570867
85.900837
86.214408
86.528098
86.850797
87.279524
87.639350
87.981219
88.310700
88.655056
89.012346
89.333318
89.636514
89.974639
90.275191
90.617629
90.922551
91.227876
91.570663
91.874846
92.186369
92.515191
92.839916
93.148582
93.475452
93.808900
94.142269
94.451721
94.720355
95.060970
95.384138
95.741188
96.113752
96.417288
96.720525
97.041096
97.385576
97.709049
98.017596
98.347513
98.673230
99.031210
99.356621
99.704613
100.175703
100.665610
101.014357
101.393028
101.764899
102.155176
102.506215
102.867208
103.236564
103.606547
104.006163
104.365815
104.713382
105.233128
105.671753
106.153942
106.588711
106.986132
107.308610
107.626317
107.949858
108.301964
108.639104
108.997238
109.442645
109.926094
110.507984
110.999305
111.515206
111.959405
112.441618
113.014816
113.486371
113.935578
114.378805
114.852177
115.334901
115.753803
116.082482
116.586544
117.068545
117.339571
117.695832
118.164977
118.558359
119.009749
119.486948
120.021160
120.519953
121.012558
121.423762
121.863668
122.234807
122.567609
122.954276
123.468798
123.898773
124.361297
124.902598
125.462790
126.021386
126.553401
127.015840
127.510317
127.967163
128.451651
128.960240
129.434135
129.962394
130.469462
130.984348
131.546065
132.022098
132.501395
132.939107
133.397436
133.904521
134.371608
134.862077
135.254087
135.728067
136.156786
136.647124
137.169000
137.699162
138.153002
138.620233
139.095992
139.532555
140.004419
140.343579
140.702682
141.156748
141.479924
141.937896
142.304469
142.600795
142.977600
143.275640
143.646130
144.174884
144.574269
144.992380
145.291536
145.658768
146.016197
146.391757
146.828244
147.232978
147.647153
147.979065
148.358264
148.765159
149.108249
149.556733
150.005313
150.402514
150.822792
151.172083
151.549114
151.936054
152.309127
152.647287
153.054798
153.464651
153.862655
154.281147
154.698755
155.100904
155.407829
155.826773
156.262954
156.647424
157.090258
157.402676
157.703674
158.153181
158.557791
158.975228
159.358215
159.752008
160.152594
160.509482
160.929696
161.326564
161.747894
162.073485
162.484906
162.868621
163.253873
163.578813
163.907959
164.276948
164.645497
165.030903
165.416150
165.740827
166.085377
166.479513
166.806888
167.229091
167.569392
168.020296
168.355973
168.687674
169.069248
169.374021
169.829839
170.318079
170.785185
171.160285
171.477759
171.756022
172.184630
172.649579
173.109053
173.577663
173.967705
174.288510
174.607371
175.039180
175.331854
175.656432
175.981204
176.327910
176.660582
177.006406
177.349157
177.766349
178.089624
178.528871
178.944161
179.308335
179.671621
180.136723
180.550170
180.925610
181.324811
181.719188
182.086917
182.457421
182.845284
183.182134
183.577243
183.869412
184.152175
184.569343
184.981305
185.362712
185.718954
186.035154
186.320078
186.596530
186.846908
187.185043
187.592428
187.983766
188.354487
188.654592
189.055426
189.388110
189.695726
189.999415
190.394682
190.826342
191.170410
191.522400
191.932586
192.355158
192.788027
193.184988
193.449938
193.857190
194.155376
194.482164
194.883763
195.227888
195.528294
195.848144
196.269690
196.697800
197.057304
197.447456
197.763523
198.061531
198.387952
198.703309
199.160357
199.548335
199.905327
200.179808
200.621939
200.960647
201.285702
201.777772
202.167513
202.547306
202.894062
203.234925
203.635332
204.054983
204.411529
204.863793
205.278804
205.670761
206.154820
206.635907
207.132375
207.618923
208.100799
208.557372
208.982070
209.425950
209.900575
210.295172
210.724601
211.188756
211.693170
212.160219
212.639501
213.201699
213.728059
214.201914
214.576474
214.996920
215.386351
215.751926
216.150451
216.580753
216.860500
217.228602
217.609843
217.960501
218.405023
218.816179
219.233886
219.553946
219.875981
220.271355
220.657309
221.002946
221.421162
221.800236
222.120215
222.446570
222.767216
223.158671
223.537351
223.812861
224.183099
224.493537
224.865303
225.312567
225.770409
226.106017
226.489731
226.860669
227.235360
227.578106
227.947067
228.390599
228.716979
229.201172
229.662737
229.992625
230.434774
230.836819
231.253803
231.685778
232.121942
232.570836
232.994846
233.363970
233.747749
234.227193
234.676079
235.106445
235.554964
235.996000
236.422994
236.836235
237.163340
237.504591
237.814177
238.114007
238.514176
238.831325
239.268507
239.597963
239.985600
240.388851
240.738897
241.124985
241.513852
241.866557
242.175024
242.554845
242.921665
