#Frame         myrmsd
       1       0.0000
       2       1.0737
       3       1.1447
       4       1.1252
       5       1.1883
       6       1.1409
       7       1.1667
       8       1.2927
       9       1.3281
      10       1.3070
      11       1.3229
      12       1.3308
      13       1.2290
      14       1.3062
      15       1.1959
      16       1.2939
      17       1.4841
      18       1.4266
      19       1.4219
      20       1.3226
      21       1.3797
      22       1.2893
      23       1.3832
      24       1.3867
      25       1.4162
      26       1.3197
      27       1.2319
      28       1.2159
      29       1.3260
      30       1.3016
      31       1.2964
      32       1.4129
      33       1.3922
      34       1.3929
      35       1.3722
      36       1.4811
      37       1.3642
      38       1.2666
      39       1.2591
      40       1.3784
      41       1.2606
      42       1.3539
      43       1.2930
      44       1.4762
      45       1.4216
      46       1.4657
      47       1.3135
      48       1.4179
      49       1.5334
      50       1.2572
      51       1.4518
      52       1.3351
      53       1.4374
      54       1.3996
      55       1.5131
      56       1.3881
      57       1.5481
      58       1.3928
      59       1.5247
      60       1.4550
      61       1.3746
      62       1.3589
      63       1.3281
      64       1.4374
      65       1.3288
      66       1.4322
      67       1.3873
      68       1.3574
      69       1.5283
      70       1.4958
      71       1.5423
      72       1.5451
      73       1.4979
      74       1.4034
      75       1.4128
      76       1.3564
      77       1.3921
      78       1.4055
      79       1.4310
      80       1.5086
      81       1.3879
      82       1.4896
      83       1.3875
      84       1.5000
      85       1.4176
      86       1.5472
      87       1.6083
      88       1.6575
      89       1.5367
      90       1.5026
      91       1.5607
      92       1.4482
      93       1.4861
      94       1.5501
      95       1.5262
      96       1.7806
      97       1.5742
      98       1.4464
      99       1.7468
     100       1.5037
     101       1.5763
     102       1.5731
     103       1.6163
     104       1.5749
     105       1.6271
     106       1.6849
     107       1.6639
     108       1.7086
     109       1.5745
     110       1.5940
     111       1.6077
     112       1.5536
     113       1.6018
     114       1.6258
     115       1.3705
     116       1.4957
     117       1.6397
     118       1.5745
     119       1.5828
     120       1.4873
     121       1.5704
     122       1.5848
     123       1.6366
     124       1.4997
     125       1.4226
     126       1.5545
     127       1.4928
     128       1.4473
     129       1.3377
     130       1.3540
     131       1.5795
     132       1.5710
     133       1.4767
     134       1.6515
     135       1.5167
     136       1.3845
     137       1.3201
     138       1.4716
     139       1.4693
     140       1.5518
     141       1.5539
     142       1.4409
     143       1.4271
     144       1.3301
     145       1.3328
     146       1.4874
     147       1.4572
     148       1.4226
     149       1.4380
     150       1.4981
     151       1.3477
     152       1.4211
     153       1.3650
     154       1.4105
     155       1.3656
     156       1.4976
     157       1.3967
     158       1.4777
     159       1.3472
     160       1.4460
     161       1.3902
     162       1.3866
     163       1.3004
     164       1.3371
     165       1.4183
     166       1.4654
     167       1.6451
     168       1.5342
     169       1.4933
     170       1.4266
     171       1.4333
     172       1.3510
     173       1.5001
     174       1.4315
     175       1.2732
     176       1.4400
     177       1.4754
     178       1.3432
     179       1.5041
     180       1.4720
     181       1.6274
     182       1.4924
     183       1.4157
     184       1.4414
     185       1.5300
     186       1.4092
     187       1.3739
     188       1.5460
     189       1.5278
     190       1.4327
     191       1.4296
     192       1.4909
     193       1.4239
     194       1.3863
     195       1.4178
     196       1.4143
     197       1.3724
     198       1.4675
     199       1.4431
     200       1.4316
     201       1.5583
     202       1.6017
     203       1.4874
     204       1.5879
     205       1.4895
     206       1.4681
     207       1.5055
     208       1.4389
     209       1.4471
     210       1.4178
     211       1.4217
     212       1.3942
     213       1.4227
     214       1.4372
     215       1.4905
     216       1.4483
     217       1.4677
     218       1.4765
     219       1.4377
     220       1.3683
     221       1.4756
     222       1.4742
     223       1.4435
     224       1.5490
     225       1.5039
     226       1.3754
     227       1.3749
     228       1.4969
     229       1.5027
     230       1.5579
     231       1.4556
     232       1.4884
     233       1.4615
     234       1.4140
     235       1.3818
     236       1.4599
     237       1.4084
     238       1.4205
     239       1.4339
     240       1.4878
     241       1.5797
     242       1.5581
     243       1.6108
     244       1.4997
     245       1.6799
     246       1.5544
     247       1.4786
     248       1.5668
     249       1.3896
     250       1.3757
     251       1.4985
     252       1.3782
     253       1.4333
     254       1.3944
     255       1.4235
     256       1.3158
     257       1.4536
     258       1.4485
     259       1.4560
     260       1.5292
     261       1.5689
     262       1.3849
     263       1.4596
     264       1.5213
     265       1.5150
     266       1.3835
     267       1.4993
     268       1.6071
     269       1.5523
     270       1.3750
     271       1.5054
     272       1.5432
     273       1.4476
     274       1.5158
     275       1.5916
     276       1.4909
     277       1.5431
     278       1.5338
     279       1.5801
     280       1.5609
     281       1.5325
     282       1.4367
     283       1.6140
     284       1.5071
     285       1.4878
     286       1.5129
     287       1.4695
     288       1.4174
     289       1.4717
     290       1.5520
     291       1.5141
     292       1.5162
     293       1.5940
     294       1.6643
     295       1.6955
     296       1.5561
     297       1.5711
     298       1.6171
     299       1.5356
     300       1.5147
     301       1.5330
     302       1.5625
     303       1.6156
     304       1.5689
     305       1.6278
     306       1.6630
     307       1.4940
     308       1.6379
     309       1.6957
     310       1.6310
     311       1.6668
     312       1.6778
     313       1.6048
     314       1.6574
     315       1.5819
     316       1.5753
     317       1.6305
     318       1.5879
     319       1.6702
     320       1.4181
     321       1.7104
     322       1.6790
     323       1.5936
     324       1.5808
     325       1.5806
     326       1.6597
     327       1.5587
     328       1.6452
     329       1.6295
     330       1.5917
     331       1.6132
     332       1.7028
     333       1.6922
     334       1.6646
     335       1.6980
     336       1.6556
     337       1.7566
     338       1.7642
     339       1.6745
     340       1.6826
     341       1.6954
     342       1.7377
     343       1.7816
     344       1.5604
     345       1.7397
     346       1.6286
     347       1.6046
     348       1.5954
     349       1.6095
     350       1.5291
     351       1.5135
     352       1.7999
     353       1.6255
     354       1.5756
     355       1.7414
     356       1.7420
     357       1.7856
     358       1.6438
     359       1.6812
     360       1.7035
     361       1.6315
     362       1.6151
     363       1.8466
     364       1.6582
     365       1.6763
     366       1.6715
     367       1.6876
     368       1.6478
     369       1.6364
     370       1.7446
     371       1.6661
     372       1.6263
     373       1.7212
     374       1.8635
     375       1.6783
     376       1.7437
     377       1.8299
     378       1.6891
     379       1.7742
     380       1.7379
     381       1.6048
     382       1.6913
     383       1.6171
     384       1.6437
     385       1.6649
     386       1.8375
     387       1.7558
     388       1.6934
     389       1.7278
     390       1.8110
     391       1.8482
     392       1.7316
     393       1.8203
     394       1.8814
     395       1.7608
     396       1.7299
     397       1.9037
     398       1.7476
     399       1.7802
     400       1.8554
     401       1.9309
     402       1.7826
     403       1.7567
     404       1.7568
     405       1.9769
     406       1.7826
     407       1.8518
     408       1.7456
     409       1.8174
     410       1.6323
     411       1.7237
     412       1.6016
     413       1.6945
     414       1.7026
     415       1.6647
     416       1.6144
     417       1.5514
     418       1.6036
     419       1.5522
     420       1.5504
     421       1.6163
     422       1.5828
     423       1.6276
     424       1.8069
     425       1.7451
     426       1.6185
     427       1.6782
     428       1.8987
     429       1.7016
     430       1.7511
     431       1.6045
     432       1.6948
     433       1.7994
     434       1.6882
     435       1.7834
     436       1.6399
     437       1.7063
     438       1.5562
     439       1.7105
     440       1.7170
     441       1.6533
     442       1.6317
     443       1.6973
     444       1.6417
     445       1.6400
     446       1.6336
     447       1.6410
     448       1.5761
     449       1.6251
     450       1.6297
     451       1.5594
     452       1.5795
     453       1.5676
     454       1.6173
     455       1.6296
     456       1.6331
     457       1.6662
     458       1.6893
     459       1.6846
     460       1.5867
     461       1.7208
     462       1.5903
     463       1.6422
     464       1.5645
     465       1.5579
     466       1.6267
     467       1.7162
     468       1.6389
     469       1.6622
     470       1.6723
     471       1.7223
     472       1.7103
     473       1.8057
     474       1.7553
     475       1.7570
     476       1.6842
     477       1.7328
     478       1.6818
     479       1.7242
     480       1.7281
     481       1.7179
     482       1.7108
     483       1.7173
     484       1.7576
     485       1.8909
     486       1.8305
     487       1.9530
     488       1.8933
     489       1.9095
     490       1.9591
     491       1.7137
     492       1.7015
     493       1.8016
     494       1.7928
     495       1.6696
     496       1.7507
     497       1.8231
     498       1.6257
     499       1.6165
     500       1.6234
     501       1.5910
     502       1.7398
     503       1.4810
     504       1.5823
     505       1.5314
     506       1.5974
     507       1.5625
     508       1.6075
     509       1.6005
     510       1.5499
     511       1.5747
     512       1.6221
     513       1.6070
     514       1.4552
     515       1.4683
     516       1.5558
     517       1.6369
     518       1.5508
     519       1.4833
     520       1.5489
     521       1.5635
     522       1.6203
     523       1.6059
     524       1.6272
     525       1.6627
     526       1.6068
     527       1.6339
     528       1.6783
     529       1.6526
     530       1.6607
     531       1.6085
     532       1.6607
     533       1.7578
     534       1.6443
     535       1.6220
     536       1.6574
     537       1.8446
     538       1.7495
     539       1.6492
     540       1.6971
     541       1.7035
     542       1.5761
     543       1.6903
     544       1.7363
     545       1.7252
     546       1.6839
     547       1.7503
     548       1.7630
     549       1.5706
     550       1.7081
     551       1.5836
     552       1.8068
     553       1.6799
     554       1.6628
     555       1.5787
     556       1.5526
     557       1.5884
     558       1.5413
     559       1.6456
     560       1.7113
     561       1.6813
     562       1.6697
     563       1.7641
     564       1.6655
     565       1.6969
     566       1.6880
     567       1.5866
     568       1.7466
     569       1.7189
     570       1.5940
     571       1.5251
     572       1.5955
     573       1.6161
     574       1.6489
     575       1.5595
     576       1.5645
     577       1.8401
     578       1.6255
     579       1.7984
     580       1.7307
     581       1.7360
     582       1.6912
     583       1.6062
     584       1.5811
     585       1.6480
     586       1.6465
     587       1.6030
     588       1.7834
     589       1.6887
     590       1.7193
     591       1.8504
     592       1.8285
     593       1.9617
     594       1.7483
     595       1.7075
     596       1.8016
     597       1.7701
     598       1.7331
     599       1.8291
     600       1.7207
     601       1.6222
     602       1.6402
     603       1.6752
     604       1.6193
     605       1.6946
     606       1.7326
     607       1.6751
     608       1.6605
     609       1.7768
     610       1.6568
     611       1.7379
     612       1.6411
     613       1.6641
     614       1.6477
     615       1.6657
     616       1.5322
     617       1.6991
     618       1.7540
     619       1.5849
     620       1.6711
     621       1.6071
     622       1.6047
     623       1.5495
     624       1.6541
     625       1.5954
     626       1.6975
     627       1.7378
     628       1.6683
     629       1.5928
     630       1.6186
     631       1.7279
     632       1.6425
     633       1.6581
     634       1.7448
     635       1.6912
     636       1.6559
     637       1.8263
     638       1.6725
     639       1.6507
     640       1.5982
     641       1.5665
     642       1.6219
     643       1.6286
     644       1.6013
     645       1.6118
     646       1.6864
     647       1.5442
     648       1.6826
     649       1.5226
     650       1.6198
     651       1.5680
     652       1.5864
     653       1.5718
     654       1.6278
     655       1.6096
     656       1.5938
     657       1.5420
     658       1.5750
     659       1.5682
     660       1.5682
     661       1.5161
     662       1.6173
     663       1.6053
     664       1.6092
     665       1.6182
     666       1.5713
     667       1.5219
     668       1.5302
     669       1.5449
     670       1.5999
     671       1.5661
     672       1.5406
     673       1.5046
     674       1.5388
     675       1.5753
     676       1.5947
     677       1.6060
     678       1.5705
     679       1.6772
     680       1.6309
     681       1.6322
     682       1.6276
     683       1.6287
     684       1.6049
     685       1.6001
     686       1.5943
     687       1.5790
     688       1.6240
     689       1.6829
     690       1.4987
     691       1.6289
     692       1.5518
     693       1.6000
     694       1.6041
     695       1.5746
     696       1.5480
     697       1.5967
     698       1.6820
     699       1.6839
     700       1.5922
     701       1.6608
     702       1.5666
     703       1.5709
     704       1.5293
     705       1.6519
     706       1.4840
     707       1.5121
     708       1.5442
     709       1.6056
     710       1.6003
     711       1.5266
     712       1.5006
     713       1.4987
     714       1.6035
     715       1.5302
     716       1.5129
     717       1.5220
     718       1.5368
     719       1.6186
     720       1.5917
     721       1.5629
     722       1.5986
     723       1.6762
     724       1.6418
     725       1.6330
     726       1.5840
     727       1.6161
     728       1.7334
     729       1.6838
     730       1.6643
     731       1.7669
     732       1.5980
     733       1.6128
     734       1.6404
     735       1.5888
     736       1.5230
     737       1.6008
     738       1.6003
     739       1.5554
     740       1.6117
     741       1.5623
     742       1.5560
     743       1.5552
     744       1.5328
     745       1.4399
     746       1.5075
     747       1.4349
     748       1.4203
     749       1.5962
     750       1.5833
     751       1.5587
     752       1.6101
     753       1.6881
     754       1.5688
     755       1.6445
     756       1.6785
     757       1.6118
     758       1.5803
     759       1.4545
     760       1.5730
     761       1.6691
     762       1.6574
     763       1.5639
     764       1.6129
     765       1.6646
     766       1.6720
     767       1.7473
     768       1.5905
     769       1.5764
     770       1.6496
     771       1.4214
     772       1.5310
     773       1.5874
     774       1.5204
     775       1.5877
     776       1.5742
     777       1.5757
     778       1.5260
     779       1.5982
     780       1.6232
     781       1.4659
     782       1.5653
     783       1.5252
     784       1.5805
     785       1.4705
     786       1.4513
     787       1.4925
     788       1.4610
     789       1.4447
     790       1.5280
     791       1.4940
     792       1.3959
     793       1.4736
     794       1.6171
     795       1.6138
     796       1.4914
     797       1.4738
     798       1.5925
     799       1.4447
     800       1.5346
     801       1.5226
     802       1.5108
     803       1.5694
     804       1.6068
     805       1.5195
     806       1.3617
     807       1.4666
     808       1.4442
     809       1.5430
     810       1.4750
     811       1.5409
     812       1.4211
     813       1.5974
     814       1.4982
     815       1.4780
     816       1.5532
     817       1.5095
     818       1.5345
     819       1.5421
     820       1.5057
     821       1.5741
     822       1.6032
     823       1.5307
     824       1.5382
     825       1.4228
     826       1.4846
     827       1.5965
     828       1.4558
     829       1.5394
     830       1.5605
     831       1.5476
     832       1.5312
     833       1.5076
     834       1.4967
     835       1.5910
     836       1.6366
     837       1.5901
     838       1.4871
     839       1.5069
     840       1.6134
     841       1.5793
     842       1.5228
     843       1.5283
     844       1.5963
     845       1.6199
     846       1.5439
     847       1.5871
     848       1.6174
     849       1.6094
     850       1.6355
     851       1.6285
     852       1.6599
     853       1.6268
     854       1.5254
     855       1.4642
     856       1.5583
     857       1.6033
     858       1.5650
     859       1.4964
     860       1.5155
     861       1.4931
     862       1.5885
     863       1.4928
     864       1.5007
     865       1.5784
     866       1.5635
     867       1.5020
     868       1.5551
     869       1.5767
     870       1.5168
     871       1.6225
     872       1.5830
     873       1.5065
     874       1.5997
     875       1.4933
     876       1.5923
     877       1.5291
     878       1.5088
     879       1.5432
     880       1.6745
     881       1.6665
     882       1.5836
     883       1.5269
     884       1.5932
     885       1.6210
     886       1.5822
     887       1.5511
     888       1.5538
     889       1.6350
     890       1.4947
     891       1.5753
     892       1.6111
     893       1.6458
     894       1.5362
     895       1.5879
     896       1.5191
     897       1.5342
     898       1.6071
     899       1.5425
     900       1.6868
     901       1.6257
     902       1.5086
     903       1.5840
     904       1.6013
     905       1.7094
     906       1.6618
     907       1.5157
     908       1.5650
     909       1.3957
     910       1.4919
     911       1.6152
     912       1.7226
     913       1.7341
     914       1.6048
     915       1.7310
     916       1.5700
     917       1.6245
     918       1.6356
     919       1.5480
     920       1.6550
     921       1.7195
     922       1.6427
     923       1.6045
     924       1.5122
     925       1.5333
     926       1.5700
     927       1.7470
     928       1.6660
     929       1.5439
     930       1.5728
     931       1.6137
     932       1.6134
     933       1.5143
     934       1.6824
     935       1.6189
     936       1.5606
     937       1.7316
     938       1.5404
     939       1.6485
     940       1.5493
     941       1.6292
     942       1.5425
     943       1.6091
     944       1.6576
     945       1.5769
     946       1.6048
     947       1.6933
     948       1.6084
     949       1.8079
     950       1.7282
     951       1.6678
     952       1.6688
     953       1.5222
     954       1.6387
     955       1.5240
     956       1.5351
     957       1.4572
     958       1.5059
     959       1.5947
     960       1.3750
     961       1.4939
     962       1.4721
     963       1.4980
     964       1.4383
     965       1.5999
     966       1.4821
     967       1.4539
     968       1.4714
     969       1.4559
     970       1.4176
     971       1.5029
     972       1.5568
     973       1.5144
     974       1.4992
     975       1.4537
     976       1.5810
     977       1.4304
     978       1.4758
     979       1.5206
     980       1.6040
     981       1.5545
     982       1.4681
     983       1.4470
     984       1.4244
     985       1.6324
     986       1.6546
     987       1.4936
     988       1.5021
     989       1.6746
     990       1.5416
     991       1.5080
     992       1.5584
     993       1.3887
     994       1.6088
     995       1.4357
     996       1.4344
     997       1.5805
     998       1.4845
     999       1.4712
    1000       1.4471
    1001       1.4502
    1002       1.4630
    1003       1.5323
    1004       1.5080
    1005       1.5001
    1006       1.5145
    1007       1.5217
    1008       1.5449
    1009       1.6096
    1010       1.5098
    1011       1.5137
    1012       1.4951
    1013       1.4894
    1014       1.5511
    1015       1.6267
    1016       1.5556
    1017       1.5768
    1018       1.5840
    1019       1.5381
    1020       1.6085
    1021       1.5189
    1022       1.6552
    1023       1.5117
    1024       1.4945
    1025       1.5370
    1026       1.4648
    1027       1.5542
    1028       1.5614
    1029       1.5053
    1030       1.5708
    1031       1.5751
    1032       1.5872
    1033       1.5917
    1034       1.5648
    1035       1.6208
    1036       1.5645
    1037       1.6289
    1038       1.6203
    1039       1.5025
    1040       1.4756
    1041       1.5719
    1042       1.5910
    1043       1.5643
    1044       1.5439
    1045       1.4200
    1046       1.5244
    1047       1.5543
    1048       1.5239
    1049       1.4777
    1050       1.4913
    1051       1.5426
    1052       1.5726
    1053       1.6117
    1054       1.6462
    1055       1.5541
    1056       1.6584
    1057       1.6869
    1058       1.5657
    1059       1.5344
    1060       1.5651
    1061       1.5960
    1062       1.6023
    1063       1.5267
    1064       1.4882
    1065       1.5957
    1066       1.5337
    1067       1.5115
    1068       1.4410
    1069       1.4654
    1070       1.6035
    1071       1.5544
    1072       1.5200
    1073       1.4272
    1074       1.4704
    1075       1.5853
    1076       1.4869
    1077       1.4546
    1078       1.4247
    1079       1.5005
    1080       1.5152
    1081       1.4436
    1082       1.4837
    1083       1.4829
    1084       1.4580
    1085       1.5708
    1086       1.4892
    1087       1.4796
    1088       1.5630
    1089       1.5523
    1090       1.6001
    1091       1.5148
    1092       1.5075
    1093       1.4730
    1094       1.4386
    1095       1.5353
    1096       1.5909
    1097       1.5457
    1098       1.5320
    1099       1.5563
    1100       1.5248
    1101       1.5951
    1102       1.5149
    1103       1.5996
    1104       1.4266
    1105       1.5195
    1106       1.4682
    1107       1.5706
    1108       1.5056
    1109       1.5080
    1110       1.5426
    1111       1.5464
    1112       1.4202
    1113       1.4935
    1114       1.5140
    1115       1.4921
    1116       1.4789
    1117       1.4458
    1118       1.3669
    1119       1.5201
    1120       1.3679
    1121       1.5033
    1122       1.5483
    1123       1.4753
    1124       1.5327
    1125       1.4245
    1126       1.6015
    1127       1.5451
    1128       1.4533
    1129       1.5871
    1130       1.4634
    1131       1.4078
    1132       1.4455
    1133       1.4343
    1134       1.3599
    1135       1.4332
    1136       1.4473
    1137       1.4609
    1138       1.4855
    1139       1.5117
    1140       1.4172
    1141       1.5222
    1142       1.5058
    1143       1.4540
    1144       1.4594
    1145       1.4365
    1146       1.5450
    1147       1.5532
    1148       1.6590
    1149       1.5283
    1150       1.5616
    1151       1.5472
    1152       1.5397
    1153       1.5867
    1154       1.5310
    1155       1.5009
    1156       1.5063
    1157       1.4491
    1158       1.4816
    1159       1.5241
    1160       1.5959
    1161       1.4668
    1162       1.4781
    1163       1.4477
    1164       1.5265
    1165       1.5623
    1166       1.4547
    1167       1.5367
    1168       1.4669
    1169       1.5112
    1170       1.5863
    1171       1.6672
    1172       1.4877
    1173       1.5529
    1174       1.4868
    1175       1.5971
    1176       1.5349
    1177       1.4838
    1178       1.4932
    1179       1.4486
    1180       1.5158
    1181       1.4692
    1182       1.5034
    1183       1.4784
    1184       1.5101
    1185       1.4795
    1186       1.4908
    1187       1.4780
    1188       1.4887
    1189       1.5104
    1190       1.5281
    1191       1.4702
    1192       1.5007
    1193       1.5722
    1194       1.4866
    1195       1.4530
    1196       1.4262
    1197       1.5007
    1198       1.5005
    1199       1.4808
    1200       1.4965
    1201       1.4291
    1202       1.3945
    1203       1.3419
    1204       1.4593
    1205       1.4447
    1206       1.5365
    1207       1.5436
    1208       1.4487
    1209       1.4484
    1210       1.4854
    1211       1.6070
    1212       1.5760
    1213       1.5513
    1214       1.4388
    1215       1.5243
    1216       1.5153
    1217       1.4398
    1218       1.4978
    1219       1.5356
    1220       1.4575
    1221       1.4607
    1222       1.4409
    1223       1.4438
    1224       1.4874
    1225       1.5213
    1226       1.5667
    1227       1.5014
    1228       1.4988
    1229       1.5615
    1230       1.4283
    1231       1.5402
    1232       1.4444
    1233       1.4973
    1234       1.4933
    1235       1.4738
    1236       1.4788
    1237       1.5101
    1238       1.5690
    1239       1.4469
    1240       1.5185
    1241       1.4864
    1242       1.5842
    1243       1.5067
    1244       1.4556
    1245       1.5475
    1246       1.4823
    1247       1.5295
    1248       1.3842
    1249       1.3835
    1250       1.4656
    1251       1.4439
    1252       1.4652
    1253       1.3967
    1254       1.4612
    1255       1.4967
    1256       1.5334
    1257       1.6317
    1258       1.3989
    1259       1.4956
    1260       1.5385
    1261       1.5405
    1262       1.4737
    1263       1.5037
    1264       1.5279
    1265       1.5820
    1266       1.6052
    1267       1.5043
    1268       1.4397
    1269       1.4326
    1270       1.6078
    1271       1.5927
    1272       1.5252
    1273       1.4954
    1274       1.4913
    1275       1.4685
    1276       1.4250
    1277       1.4609
    1278       1.4935
    1279       1.5315
    1280       1.5220
    1281       1.5399
    1282       1.7028
    1283       1.5564
    1284       1.5412
    1285       1.5304
    1286       1.5454
    1287       1.6485
    1288       1.5764
    1289       1.7091
    1290       1.5554
    1291       1.5224
    1292       1.5216
    1293       1.5079
    1294       1.5129
    1295       1.6580
    1296       1.6308
    1297       1.5937
    1298       1.6936
    1299       1.5994
    1300       1.5857
    1301       1.6190
    1302       1.4555
    1303       1.5233
    1304       1.5851
    1305       1.6052
    1306       1.5163
    1307       1.4698
    1308       1.4724
    1309       1.5692
    1310       1.4528
    1311       1.6100
    1312       1.4941
    1313       1.4130
    1314       1.3850
    1315       1.4437
    1316       1.4477
    1317       1.5078
    1318       1.4208
    1319       1.4082
    1320       1.5108
    1321       1.4330
    1322       1.4317
    1323       1.4449
    1324       1.3874
    1325       1.5582
    1326       1.2898
    1327       1.3935
    1328       1.4165
    1329       1.4131
    1330       1.4755
    1331       1.4460
    1332       1.4273
    1333       1.3819
    1334       1.4003
    1335       1.3906
    1336       1.3894
    1337       1.4330
    1338       1.3718
    1339       1.4535
    1340       1.4833
    1341       1.4757
    1342       1.4727
    1343       1.6140
    1344       1.3992
    1345       1.5876
    1346       1.4585
    1347       1.5260
    1348       1.5101
    1349       1.4932
    1350       1.4957
    1351       1.4998
    1352       1.5144
    1353       1.4123
    1354       1.5231
    1355       1.4829
    1356       1.4494
    1357       1.4078
    1358       1.3915
    1359       1.4913
    1360       1.4389
    1361       1.4905
    1362       1.4540
    1363       1.5212
    1364       1.4712
    1365       1.5171
    1366       1.4801
    1367       1.6512
    1368       1.6139
    1369       1.4707
    1370       1.4631
    1371       1.4960
    1372       1.4977
    1373       1.5645
    1374       1.4793
    1375       1.4668
    1376       1.5005
    1377       1.6137
    1378       1.5004
    1379       1.5028
    1380       1.6158
    1381       1.5675
    1382       1.5168
    1383       1.3995
    1384       1.4302
    1385       1.5390
    1386       1.5033
    1387       1.5023
    1388       1.4291
    1389       1.4989
    1390       1.5545
    1391       1.4959
    1392       1.5260
    1393       1.5095
    1394       1.5299
    1395       1.5400
    1396       1.5600
    1397       1.6468
    1398       1.6632
    1399       1.5424
    1400       1.7286
    1401       1.7299
    1402       1.6652
    1403       1.5861
    1404       1.5422
    1405       1.6601
    1406       1.5755
    1407       1.5636
    1408       1.5788
    1409       1.5453
    1410       1.6603
    1411       1.7392
    1412       1.6450
    1413       1.7080
    1414       1.6653
    1415       1.6738
    1416       1.6873
    1417       1.6103
    1418       1.7119
    1419       1.5464
    1420       1.4869
    1421       1.5068
    1422       1.5037
    1423       1.4500
    1424       1.4608
    1425       1.4542
    1426       1.5708
    1427       1.5687
    1428       1.5139
    1429       1.5286
    1430       1.5216
    1431       1.4088
    1432       1.4952
    1433       1.4024
    1434       1.5596
    1435       1.5306
    1436       1.5035
    1437       1.5529
    1438       1.6305
    1439       1.3985
    1440       1.4876
    1441       1.4228
    1442       1.5893
    1443       1.4440
    1444       1.5297
    1445       1.4795
    1446       1.4621
    1447       1.6070
    1448       1.4915
    1449       1.5793
    1450       1.4856
    1451       1.5366
    1452       1.5636
    1453       1.5680
    1454       1.4955
    1455       1.5593
    1456       1.5683
    1457       1.5703
    1458       1.7184
    1459       1.6540
    1460       1.6508
    1461       1.4642
    1462       1.3849
    1463       1.4837
    1464       1.4245
    1465       1.5901
    1466       1.5134
    1467       1.5140
    1468       1.5085
    1469       1.4763
    1470       1.5282
    1471       1.5642
    1472       1.4515
    1473       1.4910
    1474       1.5316
    1475       1.6800
    1476       1.5589
    1477       1.4774
    1478       1.5588
    1479       1.5146
    1480       1.5412
    1481       1.5830
    1482       1.5740
    1483       1.5541
    1484       1.5421
    1485       1.5812
    1486       1.4745
    1487       1.4702
    1488       1.4563
    1489       1.5406
    1490       1.5283
    1491       1.6568
    1492       1.5480
    1493       1.6199
    1494       1.6191
    1495       1.5817
    1496       1.5764
    1497       1.7793
    1498       1.5557
    1499       1.6929
    1500       1.6799
    1501       1.5562
    1502       1.6202
    1503       1.5404
    1504       1.5104
    1505       1.4716
    1506       1.5159
    1507       1.5320
    1508       1.5831
    1509       1.6640
    1510       1.5683
    1511       1.4992
    1512       1.5844
    1513       1.5344
    1514       1.6084
    1515       1.6482
    1516       1.5416
    1517       1.5087
    1518       1.7023
    1519       1.5257
    1520       1.6139
    1521       1.6097
    1522       1.6908
    1523       1.6414
    1524       1.5615
    1525       1.7470
    1526       1.6136
    1527       1.6065
    1528       1.5519
    1529       1.6452
    1530       1.7283
    1531       1.6795
    1532       1.7617
    1533       1.6448
    1534       1.7176
    1535       1.6334
    1536       1.6047
    1537       1.5334
    1538       1.6988
    1539       1.5516
    1540       1.6036
    1541       1.7070
    1542       1.7025
    1543       1.6290
    1544       1.5444
    1545       1.6553
    1546       1.5942
    1547       1.6966
    1548       1.6438
    1549       1.5711
    1550       1.6465
    1551       1.6188
    1552       1.7019
    1553       1.5799
    1554       1.6900
    1555       1.6140
    1556       1.6631
    1557       1.6058
    1558       1.6635
    1559       1.5686
    1560       1.7021
    1561       1.5787
    1562       1.7113
    1563       1.7266
    1564       1.6415
    1565       1.6478
    1566       1.6099
    1567       1.6616
    1568       1.7181
    1569       1.7337
    1570       1.5771
    1571       1.4993
    1572       1.6096
    1573       1.5701
    1574       1.6259
    1575       1.7043
    1576       1.6014
    1577       1.7028
    1578       1.7208
    1579       1.5667
    1580       1.5673
    1581       1.6295
    1582       1.7003
    1583       1.7042
    1584       1.8045
    1585       1.7398
    1586       1.7255
    1587       1.7761
    1588       1.7910
    1589       1.7671
    1590       1.7139
    1591       1.7759
    1592       1.6048
    1593       1.6258
    1594       1.6389
    1595       1.6130
    1596       1.6086
    1597       1.5613
    1598       1.5816
    1599       1.6585
    1600       1.7358
    1601       1.6852
    1602       1.6919
    1603       1.7229
    1604       1.7101
    1605       1.6133
    1606       1.5608
    1607       1.5671
    1608       1.5426
    1609       1.6155
    1610       1.5234
    1611       1.5479
    1612       1.4647
    1613       1.5569
    1614       1.5074
    1615       1.5735
    1616       1.6071
    1617       1.5693
    1618       1.5060
    1619       1.6237
    1620       1.6674
    1621       1.7008
    1622       1.6090
    1623       1.7016
    1624       1.6584
    1625       1.5506
    1626       1.6412
    1627       1.6354
    1628       1.5612
    1629       1.6263
    1630       1.6356
    1631       1.7069
    1632       1.5771
    1633       1.6565
    1634       1.6968
    1635       1.6195
    1636       1.5942
    1637       1.7732
    1638       1.7412
    1639       1.7061
    1640       1.7187
    1641       1.6644
    1642       1.7111
    1643       1.7170
    1644       1.7615
    1645       1.7501
    1646       1.7331
    1647       1.7538
    1648       1.7077
    1649       1.6644
    1650       1.6126
    1651       1.6063
    1652       1.6133
    1653       1.5898
    1654       1.6732
    1655       1.6181
    1656       1.4281
    1657       1.5781
    1658       1.6209
    1659       1.4669
    1660       1.5564
    1661       1.4620
    1662       1.4819
    1663       1.5510
    1664       1.4325
    1665       1.5662
    1666       1.6436
    1667       1.7405
    1668       1.7032
    1669       1.6261
    1670       1.6412
    1671       1.6332
    1672       1.7052
    1673       1.6568
    1674       1.6636
    1675       1.7650
    1676       1.6605
    1677       1.6842
    1678       1.7474
    1679       1.6797
    1680       1.6584
    1681       1.7506
    1682       1.6738
    1683       1.7948
    1684       1.7683
    1685       1.8099
    1686       1.6860
    1687       1.7638
    1688       1.7466
    1689       1.7840
    1690       1.8098
    1691       1.7403
    1692       1.7364
    1693       1.7980
    1694       1.7323
    1695       1.7698
    1696       1.8406
    1697       1.7718
    1698       2.0085
    1699       1.7512
    1700       1.9038
    1701       1.7778
    1702       1.6743
    1703       1.6208
    1704       1.7078
    1705       1.7178
    1706       1.7056
    1707       1.7461
    1708       1.8079
    1709       1.8056
    1710       1.6684
    1711       1.7561
    1712       1.7326
    1713       1.8056
    1714       1.6814
    1715       1.6649
    1716       1.8060
    1717       1.7188
    1718       1.6597
    1719       1.7276
    1720       1.7112
    1721       1.7718
    1722       1.6886
    1723       1.6037
    1724       1.7122
    1725       1.7610
    1726       1.7375
    1727       1.6760
    1728       1.7735
    1729       1.7557
    1730       1.7504
    1731       1.7235
    1732       1.7970
    1733       1.8562
    1734       1.7205
    1735       1.7370
    1736       1.6739
    1737       1.6928
    1738       1.8033
    1739       1.8098
    1740       1.7014
    1741       1.6612
    1742       1.7769
    1743       1.8120
    1744       1.8552
    1745       1.7595
    1746       1.7466
    1747       1.6533
    1748       1.7435
    1749       1.6373
    1750       1.7985
    1751       1.8841
    1752       1.6570
    1753       1.7847
    1754       1.8821
    1755       1.6877
    1756       1.9109
    1757       1.7824
    1758       1.7811
    1759       1.7447
    1760       1.7955
    1761       1.8313
    1762       1.7837
    1763       1.7350
    1764       1.8084
    1765       1.6559
    1766       1.7090
    1767       1.8036
    1768       1.7194
    1769       1.7428
    1770       1.8699
    1771       1.6987
    1772       1.7683
    1773       1.7982
    1774       1.7769
    1775       1.7526
    1776       1.7189
    1777       1.7342
    1778       1.8068
    1779       1.7530
    1780       1.8040
    1781       1.7507
    1782       1.7859
    1783       1.7238
    1784       1.8045
    1785       1.7310
    1786       1.7303
    1787       1.6632
    1788       1.6777
    1789       1.7217
    1790       1.8097
    1791       1.7971
    1792       1.6672
    1793       1.7517
    1794       1.7342
    1795       1.7311
    1796       1.7619
    1797       1.6152
    1798       1.6256
    1799       1.6588
    1800       1.6379
    1801       1.6850
    1802       1.7516
    1803       1.7446
    1804       1.6167
    1805       1.5426
    1806       1.6835
    1807       1.5774
    1808       1.5832
    1809       1.6965
    1810       1.6842
    1811       1.5808
    1812       1.7488
    1813       1.5979
    1814       1.6820
    1815       1.7276
    1816       1.7515
    1817       1.7757
    1818       1.7932
    1819       1.6675
    1820       1.6644
    1821       1.7698
    1822       1.7051
    1823       1.7136
    1824       1.7001
    1825       1.7526
    1826       1.7485
    1827       1.6605
    1828       1.8208
    1829       1.6597
    1830       1.6165
    1831       1.6238
    1832       1.6520
    1833       1.7400
    1834       1.6248
    1835       1.5972
    1836       1.5352
    1837       1.6447
    1838       1.5569
    1839       1.5726
    1840       1.5902
    1841       1.7494
    1842       1.5382
    1843       1.6262
    1844       1.6685
    1845       1.6388
    1846       1.6174
    1847       1.6137
    1848       1.6231
    1849       1.5313
    1850       1.6244
    1851       1.6709
    1852       1.7079
    1853       1.6136
    1854       1.6905
    1855       1.6716
    1856       1.6314
    1857       1.6789
    1858       1.6345
    1859       1.6152
    1860       1.5998
    1861       1.5262
    1862       1.6463
    1863       1.6263
    1864       1.5763
    1865       1.5721
    1866       1.6222
    1867       1.5810
    1868       1.6525
    1869       1.6941
    1870       1.6198
    1871       1.5832
    1872       1.6982
    1873       1.7074
    1874       1.6659
    1875       1.5928
    1876       1.5710
    1877       1.6441
    1878       1.6194
    1879       1.6541
    1880       1.6120
    1881       1.5672
    1882       1.7162
    1883       1.6358
    1884       1.5850
    1885       1.6327
    1886       1.5913
    1887       1.6384
    1888       1.6814
    1889       1.6963
    1890       1.5728
    1891       1.6147
    1892       1.5546
    1893       1.6299
    1894       1.6959
    1895       1.6985
    1896       1.7757
    1897       1.7463
    1898       1.6401
    1899       1.6359
    1900       1.6889
    1901       1.6504
    1902       1.6690
    1903       1.5862
    1904       1.5839
    1905       1.5462
    1906       1.6170
    1907       1.6708
    1908       1.6219
    1909       1.6096
    1910       1.6278
    1911       1.5674
    1912       1.6563
    1913       1.5424
    1914       1.5653
    1915       1.6239
    1916       1.6211
    1917       1.7033
    1918       1.5669
    1919       1.6804
    1920       1.5841
    1921       1.5590
    1922       1.6489
    1923       1.6041
    1924       1.6483
    1925       1.7361
    1926       1.6689
    1927       1.6078
    1928       1.6862
    1929       1.5984
    1930       1.5899
    1931       1.6493
    1932       1.6890
    1933       1.6886
    1934       1.7028
    1935       1.8744
    1936       1.6882
    1937       1.6636
    1938       1.6253
    1939       1.6115
    1940       1.5327
    1941       1.6336
    1942       1.6211
    1943       1.5782
    1944       1.7475
    1945       1.6545
    1946       1.6103
    1947       1.5605
    1948       1.5954
    1949       1.5933
    1950       1.4938
    1951       1.6283
    1952       1.5009
    1953       1.4775
    1954       1.5394
    1955       1.5097
    1956       1.6947
    1957       1.4978
    1958       1.5267
    1959       1.6016
    1960       1.5073
    1961       1.5706
    1962       1.5549
    1963       1.5368
    1964       1.5301
    1965       1.5163
    1966       1.5833
    1967       1.5449
    1968       1.5066
    1969       1.4574
    1970       1.5949
    1971       1.6329
    1972       1.6672
    1973       1.6852
    1974       1.6885
    1975       1.5320
    1976       1.4978
    1977       1.6098
    1978       1.5349
    1979       1.7508
    1980       1.6949
    1981       1.5798
    1982       1.5609
    1983       1.4859
    1984       1.6108
    1985       1.5645
    1986       1.6189
    1987       1.6245
    1988       1.6018
    1989       1.5857
    1990       1.6885
    1991       1.5756
    1992       1.5792
    1993       1.6664
    1994       1.7394
    1995       1.6697
    1996       1.6956
    1997       1.5970
    1998       1.5222
    1999       1.6392
    2000       1.5305
    2001       1.6022
    2002       1.4827
    2003       1.6026
    2004       1.7803
    2005       1.6980
    2006       1.5614
    2007       1.5660
    2008       1.6354
    2009       1.6008
    2010       1.7427
    2011       1.5971
    2012       1.5652
    2013       1.6663
    2014       1.6106
    2015       1.7380
    2016       1.6924
    2017       1.6132
    2018       1.6564
    2019       1.6600
    2020       1.6226
    2021       1.6310
    2022       1.6334
    2023       1.6642
    2024       1.6816
    2025       1.6905
    2026       1.7051
    2027       1.4896
    2028       1.7126
    2029       1.5360
    2030       1.6352
    2031       1.6346
    2032       1.5330
    2033       1.5374
    2034       1.6163
    2035       1.6782
    2036       1.5939
    2037       1.6386
    2038       1.6862
    2039       1.6412
    2040       1.5871
    2041       1.7740
    2042       1.6682
    2043       1.5791
    2044       1.5689
    2045       1.5679
    2046       1.6121
    2047       1.7284
    2048       1.6552
    2049       1.6323
    2050       1.6386
    2051       1.6121
    2052       1.5535
    2053       1.7088
    2054       1.6399
    2055       1.6664
    2056       1.6679
    2057       1.6268
    2058       1.6718
    2059       1.5744
    2060       1.6374
    2061       1.6047
    2062       1.5965
    2063       1.6561
    2064       1.6445
    2065       1.6463
    2066       1.5564
    2067       1.6148
    2068       1.7203
    2069       1.6181
    2070       1.6405
    2071       1.6567
    2072       1.5977
    2073       1.6453
    2074       1.6018
    2075       1.6605
    2076       1.6366
    2077       1.6140
    2078       1.6723
    2079       1.6975
    2080       1.6736
    2081       1.6038
    2082       1.7819
    2083       1.5923
    2084       1.6036
    2085       1.7123
    2086       1.6955
    2087       1.6170
    2088       1.5478
    2089       1.6627
    2090       1.6887
    2091       1.5745
    2092       1.6624
    2093       1.6407
    2094       1.4644
    2095       1.5140
    2096       1.5141
    2097       1.5950
    2098       1.5490
    2099       1.5744
    2100       1.5745
    2101       1.5650
    2102       1.6568
    2103       1.5837
    2104       1.5121
    2105       1.6322
    2106       1.6256
    2107       1.6565
    2108       1.5414
    2109       1.5453
    2110       1.5714
    2111       1.6681
    2112       1.6395
    2113       1.6952
    2114       1.5270
    2115       1.6246
    2116       1.7327
    2117       1.7245
    2118       1.6441
    2119       1.7563
    2120       1.5603
    2121       1.6960
    2122       1.6727
    2123       1.6550
    2124       1.6309
    2125       1.6394
    2126       1.7310
    2127       1.6907
    2128       1.5868
    2129       1.7091
    2130       1.6576
    2131       1.6958
    2132       1.6893
    2133       1.6143
    2134       1.6768
    2135       1.6770
    2136       1.7219
    2137       1.6453
    2138       1.6203
    2139       1.6255
    2140       1.5971
    2141       1.6609
    2142       1.6148
    2143       1.6150
    2144       1.6936
    2145       1.6150
    2146       1.5225
    2147       1.5203
    2148       1.5847
    2149       1.6246
    2150       1.6694
    2151       1.5939
    2152       1.5810
    2153       1.5410
    2154       1.5588
    2155       1.5709
    2156       1.5549
    2157       1.4760
    2158       1.5568
    2159       1.5377
    2160       1.5753
    2161       1.5972
    2162       1.5877
    2163       1.5553
    2164       1.6636
    2165       1.5730
    2166       1.5651
    2167       1.7440
    2168       1.6740
    2169       1.5841
    2170       1.5922
    2171       1.5713
    2172       1.5837
    2173       1.6001
    2174       1.6644
    2175       1.6059
    2176       1.6530
    2177       1.6156
    2178       1.6578
    2179       1.5200
    2180       1.5835
    2181       1.6076
    2182       1.6366
    2183       1.6059
    2184       1.5711
    2185       1.6056
    2186       1.5839
    2187       1.5673
    2188       1.7100
    2189       1.5732
    2190       1.5491
    2191       1.6770
    2192       1.5286
    2193       1.5077
    2194       1.6184
    2195       1.6595
    2196       1.6062
    2197       1.6398
    2198       1.7482
    2199       1.5671
    2200       1.6392
    2201       1.5898
    2202       1.5709
    2203       1.5480
    2204       1.6300
    2205       1.5970
    2206       1.5692
    2207       1.6042
    2208       1.6267
    2209       1.6683
    2210       1.7065
    2211       1.6270
    2212       1.6149
    2213       1.6337
    2214       1.5973
    2215       1.5635
    2216       1.6148
    2217       1.6734
    2218       1.5819
    2219       1.5977
    2220       1.6310
    2221       1.5783
    2222       1.6575
    2223       1.5485
    2224       1.5611
    2225       1.5648
    2226       1.6107
    2227       1.6916
    2228       1.5938
    2229       1.5689
    2230       1.5785
    2231       1.5903
    2232       1.6215
    2233       1.6484
    2234       1.5866
    2235       1.6589
    2236       1.5800
    2237       1.6115
    2238       1.5634
    2239       1.6969
    2240       1.6900
    2241       1.6250
    2242       1.7092
    2243       1.5296
    2244       1.5792
    2245       1.5864
    2246       1.5579
    2247       1.5878
    2248       1.5843
    2249       1.6731
    2250       1.7178
    2251       1.6483
    2252       1.6564
    2253       1.6100
    2254       1.5858
    2255       1.6219
    2256       1.5908
    2257       1.5846
    2258       1.6860
    2259       1.6630
    2260       1.6086
    2261       1.6503
    2262       1.6400
    2263       1.6794
    2264       1.6387
    2265       1.6413
    2266       1.6045
    2267       1.6373
    2268       1.5710
    2269       1.7040
    2270       1.6195
    2271       1.6575
    2272       1.5682
    2273       1.6499
    2274       1.5863
    2275       1.6646
    2276       1.6929
    2277       1.6493
    2278       1.6044
    2279       1.5552
    2280       1.6525
    2281       1.6187
    2282       1.5490
    2283       1.6004
    2284       1.6215
    2285       1.6913
    2286       1.6057
    2287       1.8043
    2288       1.6931
    2289       1.6055
    2290       1.6595
    2291       1.6501
    2292       1.5868
    2293       1.7011
    2294       1.7131
    2295       1.7528
    2296       1.7307
    2297       1.8231
    2298       1.8320
    2299       1.7464
    2300       1.8005
    2301       1.7392
    2302       1.7343
    2303       1.7835
    2304       1.8538
    2305       1.8404
    2306       1.9604
    2307       1.8401
    2308       1.8829
    2309       1.8136
    2310       1.7772
    2311       1.8457
    2312       1.8821
    2313       1.7745
    2314       1.8303
    2315       1.8377
    2316       1.6731
    2317       1.7887
    2318       1.6786
    2319       1.6534
    2320       1.7226
    2321       1.6767
    2322       1.7769
    2323       1.6439
    2324       1.6568
    2325       1.7113
    2326       1.7030
    2327       1.7734
    2328       1.8153
    2329       1.6792
    2330       1.7657
    2331       1.8122
    2332       1.7901
    2333       1.9141
    2334       1.8255
    2335       1.7376
    2336       1.8505
    2337       1.6400
    2338       1.7733
    2339       1.6759
    2340       1.7962
    2341       1.8187
    2342       1.7761
    2343       1.7098
    2344       1.8061
    2345       1.9119
    2346       1.7164
    2347       1.7451
    2348       1.7732
    2349       1.8707
    2350       1.7012
    2351       1.6251
    2352       1.6374
    2353       1.6098
    2354       1.5337
    2355       1.5002
    2356       1.4687
    2357       1.5324
    2358       1.5029
    2359       1.4720
    2360       1.5604
    2361       1.4938
    2362       1.5101
    2363       1.5316
    2364       1.5275
    2365       1.6147
    2366       1.5923
    2367       1.5999
    2368       1.5322
    2369       1.4933
    2370       1.5996
    2371       1.5863
    2372       1.6038
    2373       1.5619
    2374       1.6003
    2375       1.6253
    2376       1.5706
    2377       1.4681
    2378       1.6145
    2379       1.5114
    2380       1.5222
    2381       1.5434
    2382       1.5047
    2383       1.5477
    2384       1.5064
    2385       1.6559
    2386       1.6499
    2387       1.5215
    2388       1.5179
    2389       1.6436
    2390       1.6862
    2391       1.6302
    2392       1.5588
    2393       1.5968
    2394       1.6861
    2395       1.7831
    2396       1.7893
    2397       1.7296
    2398       1.6856
    2399       1.6883
    2400       1.7419
    2401       1.7021
    2402       1.9254
    2403       1.7676
    2404       1.8832
    2405       1.9594
    2406       1.9083
    2407       1.9682
    2408       1.9289
    2409       1.8600
    2410       1.8354
    2411       1.8382
    2412       1.8924
    2413       1.7770
    2414       1.7417
    2415       1.7738
    2416       1.9269
    2417       1.8795
    2418       1.7313
    2419       1.8255
    2420       1.9050
    2421       1.7288
    2422       1.9617
    2423       1.7045
    2424       1.8258
    2425       1.7483
    2426       1.7522
    2427       1.7143
    2428       1.8143
    2429       1.6914
    2430       1.8475
    2431       1.7806
    2432       1.8640
    2433       1.7547
    2434       1.9759
    2435       1.9224
    2436       1.8224
    2437       1.8392
    2438       1.8784
    2439       1.9320
    2440       1.9027
    2441       1.9245
    2442       1.6866
    2443       1.7604
    2444       1.7585
    2445       1.6941
    2446       1.7396
    2447       1.8379
    2448       1.8457
    2449       1.7944
    2450       1.8771
    2451       1.9564
    2452       1.8989
    2453       1.8417
    2454       1.9031
    2455       1.8165
    2456       1.8592
    2457       1.7435
    2458       1.8046
    2459       1.7909
    2460       1.8408
    2461       1.7632
    2462       1.7203
    2463       1.7069
    2464       1.7054
    2465       1.7311
    2466       1.6707
    2467       1.6674
    2468       1.6785
    2469       1.6486
    2470       1.7554
    2471       1.6641
    2472       1.6798
    2473       1.7882
    2474       1.7795
    2475       1.7382
    2476       1.6145
    2477       1.5836
    2478       1.6896
    2479       1.7361
    2480       1.6077
    2481       1.7608
    2482       1.8171
    2483       1.7532
    2484       1.6906
    2485       1.7255
    2486       1.6446
    2487       1.6729
    2488       1.6393
    2489       1.6867
    2490       1.6977
    2491       1.6343
    2492       1.7390
    2493       1.6202
    2494       1.7618
    2495       1.7209
    2496       1.7243
    2497       1.6601
    2498       1.6936
    2499       1.8092
    2500       1.7655
    2501       1.8035
    2502       1.6458
    2503       1.7465
    2504       1.7723
    2505       1.7799
    2506       1.6050
    2507       1.6434
    2508       1.6213
    2509       1.6264
    2510       1.7390
    2511       1.5341
    2512       1.6229
    2513       1.7537
    2514       1.5703
    2515       1.7092
    2516       1.6559
    2517       1.7531
    2518       1.6296
    2519       1.5702
    2520       1.5842
    2521       1.5483
    2522       1.4875
    2523       1.5466
    2524       1.6687
    2525       1.5519
    2526       1.6037
    2527       1.5937
    2528       1.6151
    2529       1.6091
    2530       1.5757
    2531       1.6670
    2532       1.6321
    2533       1.5978
    2534       1.5203
    2535       1.5512
    2536       1.5825
    2537       1.5921
    2538       1.6074
    2539       1.5301
    2540       1.5681
    2541       1.6158
    2542       1.6299
    2543       1.5917
    2544       1.5967
    2545       1.6347
    2546       1.7254
    2547       1.7464
    2548       1.5746
    2549       1.4932
    2550       1.5660
    2551       1.6420
    2552       1.5505
    2553       1.6115
    2554       1.5266
    2555       1.6071
    2556       1.6857
    2557       1.5227
    2558       1.6355
    2559       1.6153
    2560       1.5263
    2561       1.6310
    2562       1.6969
    2563       1.5179
    2564       1.7398
    2565       1.5902
    2566       1.5825
    2567       1.6252
    2568       1.7149
    2569       1.7693
    2570       1.6493
    2571       1.7104
    2572       1.5734
    2573       1.6486
    2574       1.6688
    2575       1.7733
    2576       1.7774
    2577       1.7663
    2578       1.8017
    2579       1.7829
    2580       1.8458
    2581       1.7108
    2582       1.7184
    2583       1.7047
    2584       1.8252
    2585       1.6698
    2586       1.7268
    2587       1.6525
    2588       1.7087
    2589       1.7270
    2590       1.6354
    2591       1.5375
    2592       1.6102
    2593       1.6915
    2594       1.6771
    2595       1.7141
    2596       1.7029
    2597       1.7419
    2598       1.7129
    2599       1.6810
    2600       1.6410
    2601       1.7599
    2602       1.8078
    2603       1.7536
    2604       1.7108
    2605       1.6869
    2606       1.7235
    2607       1.6965
    2608       1.6469
    2609       1.6725
    2610       1.8939
    2611       1.7996
    2612       1.7448
    2613       1.8017
    2614       1.7924
    2615       1.8133
    2616       1.7206
    2617       1.6969
    2618       1.7471
    2619       1.7330
    2620       1.7020
    2621       1.7065
    2622       1.7759
    2623       1.8370
    2624       1.7782
    2625       1.7603
    2626       1.6916
    2627       1.7360
    2628       1.7192
    2629       1.6725
    2630       1.8111
    2631       1.6227
    2632       1.7511
    2633       1.7733
    2634       1.6477
    2635       1.8083
    2636       1.7232
    2637       1.7016
    2638       1.8417
    2639       1.6344
    2640       1.7643
    2641       1.7336
    2642       1.7843
    2643       1.7443
    2644       1.6944
    2645       1.7953
    2646       1.8557
    2647       1.7593
    2648       1.8107
    2649       1.6603
    2650       1.7876
    2651       1.8054
    2652       2.0302
    2653       1.7834
    2654       1.7688
    2655       1.7187
    2656       1.8103
    2657       1.8703
    2658       1.7822
    2659       1.7019
    2660       1.6844
    2661       1.6918
    2662       1.7527
    2663       1.6888
    2664       1.6864
    2665       1.6545
    2666       1.5559
    2667       1.6505
    2668       1.6106
    2669       1.6086
    2670       1.6500
    2671       1.6403
    2672       1.6831
    2673       1.7026
    2674       1.6154
    2675       1.6348
    2676       1.6674
    2677       1.6280
    2678       1.5681
    2679       1.6098
    2680       1.7206
    2681       1.7474
    2682       1.6063
    2683       1.6266
    2684       1.6472
    2685       1.7003
    2686       1.6800
    2687       1.6426
    2688       1.6475
    2689       1.5936
    2690       1.6190
    2691       1.6313
    2692       1.6480
    2693       1.6885
    2694       1.6269
    2695       1.7411
    2696       1.6180
    2697       1.5443
    2698       1.6194
    2699       1.6348
    2700       1.7149
    2701       1.6117
    2702       1.6019
    2703       1.5943
    2704       1.6390
    2705       1.5576
    2706       1.4939
    2707       1.7753
    2708       1.6779
    2709       1.7120
    2710       1.6189
    2711       1.6785
    2712       1.6435
    2713       1.6177
    2714       1.6632
    2715       1.6115
    2716       1.5761
    2717       1.6884
    2718       1.6929
    2719       1.6241
    2720       1.6974
    2721       1.6174
    2722       1.6659
    2723       1.5622
    2724       1.5736
    2725       1.5782
    2726       1.6174
    2727       1.6722
    2728       1.5973
    2729       1.5607
    2730       1.6217
    2731       1.5672
    2732       1.5415
    2733       1.6361
    2734       1.6267
    2735       1.6390
    2736       1.5373
    2737       1.5042
    2738       1.6188
    2739       1.5576
    2740       1.4911
    2741       1.5068
    2742       1.5171
    2743       1.5344
    2744       1.4553
    2745       1.5338
    2746       1.6008
    2747       1.6091
    2748       1.4952
    2749       1.5470
    2750       1.6204
    2751       1.4950
    2752       1.5736
    2753       1.6493
    2754       1.7461
    2755       1.6127
    2756       1.5930
    2757       1.5526
    2758       1.5854
    2759       1.7283
    2760       1.6778
    2761       1.5872
    2762       1.6167
    2763       1.6459
    2764       1.6595
    2765       1.5592
    2766       1.6082
    2767       1.6331
    2768       1.5298
    2769       1.4662
    2770       1.5594
    2771       1.5220
    2772       1.5451
    2773       1.5840
    2774       1.6819
    2775       1.5487
    2776       1.6971
    2777       1.6003
    2778       1.6506
    2779       1.6958
    2780       1.7029
    2781       1.5490
    2782       1.6172
    2783       1.5789
    2784       1.6431
    2785       1.5750
    2786       1.6403
    2787       1.5561
    2788       1.6854
    2789       1.8030
    2790       1.5573
    2791       1.5101
    2792       1.7322
    2793       1.6616
    2794       1.6966
    2795       1.6627
    2796       1.6541
    2797       1.7758
    2798       1.6842
    2799       1.7020
    2800       1.6964
    2801       1.6716
    2802       1.7522
    2803       1.6738
    2804       1.8019
    2805       1.8823
    2806       1.8627
    2807       1.8820
    2808       1.6697
    2809       1.7162
    2810       1.6749
    2811       1.8749
    2812       1.6871
    2813       1.7451
    2814       1.7462
    2815       1.8049
    2816       1.7593
    2817       1.6959
    2818       1.8170
    2819       1.6242
    2820       1.8270
    2821       1.7166
    2822       1.7436
    2823       1.6439
    2824       1.7264
    2825       1.8407
    2826       1.6701
    2827       1.7130
    2828       1.6427
    2829       1.6415
    2830       1.6710
    2831       1.7389
    2832       1.9309
    2833       1.7249
    2834       1.9759
    2835       1.8941
    2836       1.8701
    2837       1.6987
    2838       1.6639
    2839       1.8443
    2840       1.8056
    2841       1.7781
    2842       1.7897
    2843       1.7408
    2844       1.8541
    2845       1.9727
    2846       1.9417
    2847       1.7932
    2848       1.8396
    2849       1.8347
    2850       1.7538
    2851       1.7598
    2852       1.8350
    2853       1.8354
    2854       1.8120
    2855       1.8499
    2856       1.7496
    2857       1.8709
    2858       1.8263
    2859       1.8730
    2860       1.7799
    2861       1.8451
    2862       1.6732
    2863       1.7183
    2864       1.7186
    2865       1.6803
    2866       1.8041
    2867       1.8192
    2868       1.6632
    2869       1.7379
    2870       1.7653
    2871       1.7785
    2872       1.7813
    2873       1.7852
    2874       1.8722
    2875       1.8704
    2876       1.8977
    2877       1.9950
    2878       1.8185
    2879       1.8136
    2880       1.8232
    2881       1.8093
    2882       1.9535
    2883       1.8750
    2884       1.8643
    2885       1.8851
    2886       1.7868
    2887       1.8420
    2888       1.7703
    2889       1.7892
    2890       1.8513
    2891       1.6721
    2892       1.7272
    2893       1.8405
    2894       1.6987
    2895       1.8284
    2896       1.7830
    2897       1.6971
    2898       1.6922
    2899       1.7133
    2900       1.6973
    2901       1.6575
    2902       1.7871
    2903       1.6717
    2904       1.7515
    2905       1.7627
    2906       1.7424
    2907       1.9578
    2908       1.8450
    2909       1.7510
    2910       1.8001
    2911       1.8192
    2912       1.7551
    2913       1.9034
    2914       1.7967
    2915       1.8488
    2916       1.8604
    2917       1.7128
    2918       1.8075
    2919       1.7793
    2920       1.8158
    2921       1.8124
    2922       1.7926
    2923       1.8016
    2924       1.7223
    2925       1.7647
    2926       1.7146
    2927       1.8781
    2928       1.8692
    2929       1.8140
    2930       1.8172
    2931       1.8280
    2932       1.7576
    2933       1.7247
    2934       1.8585
    2935       1.8406
    2936       1.7453
    2937       1.8076
    2938       1.7411
    2939       1.7476
    2940       1.7610
    2941       1.7228
    2942       1.7439
    2943       1.8448
    2944       1.8648
    2945       1.8748
    2946       1.8363
    2947       1.8254
    2948       1.7805
    2949       1.8842
    2950       1.7934
    2951       1.9149
    2952       1.8641
    2953       1.8781
    2954       1.8688
    2955       1.8697
    2956       1.9053
    2957       1.8605
    2958       1.8563
    2959       1.7282
    2960       1.7535
    2961       1.7163
    2962       1.8180
    2963       1.6967
    2964       1.7384
    2965       1.7042
    2966       1.8418
    2967       1.7848
    2968       1.8141
    2969       1.8188
    2970       1.8027
    2971       1.8067
    2972       1.7637
    2973       1.8763
    2974       1.8431
    2975       1.7723
    2976       1.8960
    2977       1.7422
    2978       1.8356
    2979       1.8346
    2980       1.8232
    2981       1.8648
    2982       1.8829
    2983       1.8981
    2984       1.8814
    2985       2.0033
    2986       1.8486
    2987       1.9159
    2988       1.8475
    2989       1.8368
    2990       1.8373
    2991       1.8590
    2992       1.8304
    2993       1.9246
    2994       1.7799
    2995       1.8818
    2996       1.9407
    2997       1.8743
    2998       1.9135
    2999       1.8393
    3000       1.8013
    3001       1.9139
