0.313849
0.660541
1.047443
1.377628
1.701380
2.062341
2.426914
2.832275
3.203617
3.584282
4.020656
4.398560
4.760954
5.158802
5.577125
5.978809
6.371432
6.758868
7.132347
7.514945
7.905280
8.289525
8.683770
9.097003
9.505526
9.902760
10.266783
10.667376
11.050592
11.455239
11.846475
12.259016
12.682877
13.060984
13.456313
13.833071
14.202967
14.568637
14.932405
15.296653
15.689293
16.098993
16.533184
16.921448
17.335590
17.760768
18.155861
18.536117
18.902458
19.288284
19.669947
20.045151
20.421394
20.859027
21.281907
21.665001
22.047045
22.455150
22.942321
23.388807
23.945353
24.417862
24.851297
25.296028
25.760786
26.295925
26.723982
27.250992
27.712736
28.136228
28.593039
29.021765
29.452943
29.867307
30.250992
30.647637
31.083918
31.491609
31.909640
32.331746
32.773733
33.223494
33.651787
34.110117
34.560328
34.995507
35.434470
35.888141
36.344757
36.782458
37.211773
37.650665
38.081016
38.519735
38.995887
39.446689
39.891301
40.344489
40.779968
41.213227
41.632918
42.040423
42.453960
42.849814
43.301149
43.753947
44.202306
44.617416
45.050771
45.449400
45.872587
46.276629
46.687480
47.120343
47.506119
47.926227
48.355139
48.832051
49.261847
49.670626
50.125333
50.561227
51.015469
51.493893
51.923017
52.361938
52.794090
53.291139
53.728912
54.172026
54.653114
55.087490
55.552719
55.984066
56.393634
56.849727
57.362699
57.825498
58.367922
58.818547
59.255873
59.664771
60.067820
60.474542
60.896517
61.261949
61.672355
62.130899
62.501119
62.924500
63.269628
63.647906
64.073120
64.468925
64.873462
65.254587
65.608104
65.996451
66.369932
66.745108
67.133888
67.537370
67.927518
68.297309
68.679798
69.109588
69.517349
69.922803
70.377534
70.790818
71.202022
71.612476
71.987244
72.379550
72.798092
73.216445
73.655263
74.124953
74.606604
75.008090
75.456295
75.871751
76.307977
76.702456
77.116042
77.552789
77.980448
78.449269
78.846171
79.253085
79.684518
80.108284
80.626279
81.128416
81.536447
81.973387
82.403035
82.851593
83.298462
83.708151
84.177731
84.598131
84.981235
85.382385
85.777060
86.241348
86.675749
87.086773
87.551992
88.043541
88.464115
88.865428
89.255438
89.646714
90.088936
90.515059
90.999016
91.407309
91.865211
92.350876
92.745033
93.222653
93.672089
94.097871
94.490331
94.879635
95.271237
95.662090
96.081949
96.457655
96.815531
97.190129
97.623412
98.014021
98.368936
98.787335
99.159410
99.547623
99.948174
100.366059
100.734069
101.086133
101.449507
101.833473
102.177961
102.570144
102.908783
103.282681
103.694020
104.055638
104.429781
104.808225
105.210797
105.609567
105.994968
106.330357
106.701735
107.071086
107.422273
107.780343
108.171577
108.527886
108.906980
109.334958
109.750821
110.161524
110.579503
110.988025
111.413861
111.768954
112.179806
112.570101
112.959974
113.388742
113.809800
114.231177
114.664296
115.074794
115.470155
115.857664
116.260485
116.791410
117.234285
117.656850
118.078283
118.498160
118.916960
119.424876
119.813318
120.255550
120.636902
121.068067
121.489336
121.962991
122.368894
122.760718
123.180533
123.629012
124.070088
124.516482
124.969366
125.510434
125.955618
126.425403
126.916944
127.395221
127.878800
128.415979
128.876517
129.288501
129.786589
130.208291
130.659557
131.143036
131.581150
132.030407
132.463234
132.896195
133.332530
133.736366
134.141498
134.578765
134.998558
135.440225
135.869218
136.301123
136.713198
137.106402
137.528350
137.982118
138.382511
138.797308
139.204865
139.593886
139.996678
140.440558
140.827190
141.228947
141.627657
142.016626
142.431687
142.847897
143.270910
143.698618
144.109232
144.516155
144.936300
145.393974
145.806190
146.272245
146.706835
147.124774
147.550577
147.931856
148.350794
148.820346
149.248802
149.645798
150.070235
150.458894
150.875665
151.291310
151.693482
152.161507
152.598290
153.117654
153.557361
153.953856
154.453763
154.907554
155.321673
155.738994
156.126028
156.556260
156.972421
157.385024
157.801109
158.254946
158.673868
159.097559
159.496783
159.919355
160.358501
160.824100
161.261308
161.711077
162.156498
162.566762
163.035256
163.454419
163.926118
164.468652
164.978975
165.492745
165.995292
166.446127
166.932018
167.428542
167.907142
168.351666
168.753190
169.181256
169.603916
170.070711
170.481936
170.949658
171.455562
171.909763
172.400375
172.940983
173.425202
173.941657
174.389485
174.862432
175.336562
175.779813
176.235551
176.724598
177.181147
177.622750
178.090003
178.556411
179.012502
179.478342
179.989200
180.472246
180.976647
181.438109
181.919753
182.330424
182.731642
183.137784
183.512288
183.923584
184.290897
184.723701
185.105071
185.496768
185.928054
186.371940
186.833319
187.194436
187.656453
188.090236
188.513733
188.885993
189.339876
189.794710
190.196885
190.596598
190.994299
191.433534
191.836540
192.199381
192.585040
192.961018
193.381035
193.795226
194.229592
194.699727
195.143169
195.528192
195.982291
196.420351
196.856035
197.226972
197.639587
198.022562
198.471892
198.869087
199.275640
199.711189
200.170685
200.619819
201.001807
201.417433
201.773833
202.131144
202.521146
202.895045
203.358348
203.760605
204.234418
204.666061
205.054738
205.449597
205.860918
206.236134
206.617729
207.021103
207.445002
207.867426
208.297150
208.785526
209.282097
209.737105
210.151134
210.577815
211.028023
211.494584
211.939707
212.371506
212.805716
213.274466
213.686176
214.135205
214.524384
214.957052
215.409836
215.831494
216.265800
216.680994
217.115421
217.600118
218.031257
218.490565
218.959666
219.415345
219.822173
220.221321
220.626354
221.009494
221.359188
221.743681
222.125032
222.554844
223.027381
223.422305
223.854932
224.281149
224.742184
225.204044
225.614328
226.062612
226.507509
226.972014
227.438872
227.885393
228.338144
228.798743
229.285896
229.764817
230.211081
230.644023
231.056129
231.515849
231.984839
232.441813
232.878785
233.321874
233.762428
234.197472
234.585145
235.023719
235.426674
235.871643
236.415301
236.880058
237.322085
237.736752
238.122860
238.599951
239.044854
239.514083
239.984535
240.466106
240.944966
241.475902
241.960484
242.450774
242.927917
243.362013
243.796065
244.303789
244.772068
245.223026
245.709029
246.151226
246.639147
247.111285
247.532927
247.981355
248.413923
248.874775
249.291125
249.749831
250.250615
250.705314
251.159678
251.593935
252.051779
252.508180
252.939358
253.354285
253.767293
254.193309
254.601003
255.030210
255.427894
255.829507
256.291644
